101315
102124
103611
104730
104905
111641
115419
132226
132442
132606
132831
133535
133834
134001
134101
134305
134525
134723
135701
141658
141743
141922
141950
142113
142135
142601
142738
142915
143056
154043
154318
154653
155132
155405
155823
160132
160727
160915
161032
161523
161812
161829
161929
161942
162104
162228
162305
162457
162722
162727
162911
162924
163513
163640
163656
163828
163834
164032
164051
164213
164401
164601
164709
164747
164915
165017
165536
165708
170042
170130
170437
170625
170746
171047
171136
171319
171508
171752
171916
172013
172022
172105
172217
172336
172338
172509
172553
172732
173047
173054
173332
173932
174104
174230
174309
174631
174812
174951
175559
175842
180805
181313
181657
182550
182642
182804
182822
183027
183416
184409
185300
185514
185839
185945
192411
192548
192713
192815
192856
193032
195345
195538
200238
201241
201625
201817
201954
202001
202005
202214
202412
202831
203048
203217
203307
203833
203858
204350
204543
204735
204903
210113
210237
210441
220833
221224
221418
221643
221747
221855
224945
225103
225238
225526
225831
225947
