 5.00000000000079847e+00
 5.00000000000013411e+00
 1.99999999985975762e+02
 2.16963719966085300e+01
 1.12856047445229351e+01
 1.26099384408484347e+01
 8.67889027911990851e+00
 1.99999999949400234e+02
 9.89331871882706615e+00
 1.99999999997766508e+02
 1.99999999998550408e+02
 6.09568792127471060e+00
 5.00000000001382094e+00
 1.23842389164668436e+01
 1.05453106097559139e+01
 9.70136796583550165e+00
 1.16142320906595944e-01
 1.05555482485300112e-01
 8.76266767558506049e-02
 8.37727247736384933e-02
 1.22702847006488883e-01
 1.22909361653431845e-01
 1.64361423017856167e-01
 1.32052786240462683e-01
 1.44506633863734857e-01
 1.18260514701043082e-01
 4.60705394234516397e-01
 1.00000000000811835e-02
 2.40273797063594918e-01
 8.75778314241234090e-01
 1.16328724043249926e-01
 2.83119562519587968e-02
