 5.00000000000131539e+00
 5.00000000000060485e+00
 1.99999999996566771e+02
 2.16964815747766693e+01
 1.12855905847902189e+01
 1.26099535206537361e+01
 8.67886096189703515e+00
 1.99999999926794118e+02
 9.89332344274776787e+00
 1.99999999994728938e+02
 1.99999999996258396e+02
 6.09570998221241744e+00
 5.00000000005317435e+00
 1.09724528459253925e+01
 2.93455817475141210e+01
 5.10808695842999327e+00
 1.16143090177744518e-01
 1.05555442101658029e-01
 8.76267070246811303e-02
 8.37728113464219493e-02
 1.22702905956280778e-01
 1.22909218565554729e-01
 1.64361433082110570e-01
 1.32052714733215004e-01
 1.44506763311335884e-01
 1.18260452064488680e-01
 4.60705639497389907e-01
 1.00000000000911408e-02
 2.40273488771741484e-01
 9.33584699076103419e-01
 1.53950308023872395e+00
 2.83119562257644099e-02
