 5.00000000000112088e+00
 5.00000000000064482e+00
 1.99999999998033843e+02
 2.16964112002552660e+01
 1.12855960552868773e+01
 1.26099687000757346e+01
 8.67885996396275772e+00
 1.99999999983843423e+02
 9.89332633221296476e+00
 1.99999999998680977e+02
 1.99999999997154731e+02
 6.09571527433999272e+00
 5.00000000003842082e+00
 2.97943050372360219e+01
 1.12637193066009846e+01
 5.35968531408296744e+00
 1.16142705480734854e-01
 1.05555364654642034e-01
 8.76268262107509494e-02
 8.37726646624348675e-02
 1.22703061344692749e-01
 1.22909276453724361e-01
 1.64361384605722749e-01
 1.32052681329959593e-01
 1.44506639544925347e-01
 1.18260531615207595e-01
 4.60705599531013088e-01
 1.00000000000234884e-02
 2.40273701520691635e-01
 6.83547686120963727e-01
 7.67096147066340994e-01
 2.83119494012556532e-02
