 5.00203772928128121e+00
 9.56031315458937492e+00
 1.99999999999786581e+02
 1.99999999999672553e+02
 1.99999999999292413e+02
 1.99999999996749011e+02
 6.29331379712329575e+00
 3.28029327800006527e+01
 1.99999999999112816e+02
 1.99999999999932612e+02
 1.99999999999291163e+02
 1.69119918872466251e+01
 5.00000000000270983e+00
 1.25136528398685787e+01
 1.04803010077097856e+01
 1.25386692362124186e+00
 3.84984454342808813e-01
 2.77155388116482437e-01
 2.55570827638477049e-01
 2.46060914366103417e-01
 2.87112238357302707e-01
 2.75326381138381704e-01
 3.90248165655901869e-01
 3.55681338232587629e-01
 2.75050504766926607e-01
 2.54389600059128085e-01
 6.62285666654142569e-01
 1.00000000002769471e-02
 2.51760093239869531e-01
 5.67681592438804894e-01
 1.55049852983116598e+00
 5.15922671244983602e-02
