 5.17047547717555211e+00
 6.18426739337001319e+00
 1.99999999999327031e+02
 8.33887490207423951e+01
 5.00000000000504130e+00
 5.91339881360170772e+00
 1.99999999999076039e+02
 1.99999999999999034e+02
 1.99999999999474113e+02
 1.99999999999274991e+02
 1.99999999999831175e+02
 1.99999999674139531e+02
 5.00000000000437161e+00
 1.34992413166274154e+01
 1.85760813167428438e+01
 1.80595794818309519e+00
 1.97916408875225519e-01
 1.36501556709464900e-01
 1.85755965142587243e-01
 1.88422901843990576e-01
 1.73488840136352684e-01
 1.86526176996340026e-01
 2.31573828856653424e-01
 2.27205412408122170e-01
 1.36517642281005214e-01
 1.51780340222950783e-01
 5.00232218873428613e-01
 1.00000000003853135e-02
 1.75981023286516519e-01
 3.09410935046957936e-01
 4.74547351234864342e-02
 4.05291027117263628e-02
