 5.00000000000017675e+00
 5.00000000000007905e+00
 5.00000000000218314e+00
 5.00000000000573674e+00
 1.99999999934999465e+02
 1.99999999992993452e+02
 1.99999999607469306e+02
 1.99999999997909157e+02
 1.99999999999973824e+02
 1.99999999999999204e+02
 1.99999999992164419e+02
 5.93902403372040837e+01
 5.00000000003412914e+00
 7.18767973606961021e+01
 7.20378162222824514e+00
 1.49764664929513547e+00
 3.76500737174719713e-01
 1.80219540179254123e-01
 1.13897863844395153e-01
 9.51322313361357141e-02
 1.29646888923403508e-01
 1.11549737665272250e-01
 1.14756555089131920e-01
 9.46838876718195804e-02
 1.05126364042445741e-01
 1.06168343160626955e-01
 2.38375367732599402e-01
 1.00000000033507817e-02
 7.24681140668863299e-02
 1.49862783957472046e-01
 2.83897509610213268e-02
 2.63992712273469210e-02
