 5.00000000000020250e+00
 5.00000000000007727e+00
 5.00000000000054801e+00
 5.00000000000004619e+00
 5.65836228243201944e+00
 1.01445639482087380e+01
 1.16387302744141490e+01
 5.00000000000653166e+00
 2.67611962969464159e+01
 1.99999999929590302e+02
 2.74818972845628515e+01
 5.00000000000581046e+00
 5.00000000000200995e+00
 5.69748893015810154e+00
 6.21605410318046125e+00
 1.32774712747351953e+00
 4.50849847235420265e-01
 1.23048233791930819e-01
 1.18582638966457724e-01
 1.01541472422510576e-01
 1.16519352151952887e-01
 1.26848140624567979e-01
 1.42716258024321779e-01
 1.15101328706052927e-01
 1.14740507464575897e-01
 1.06066820162855055e-01
 2.51908124857784910e-01
 1.00000000000402840e-02
 8.86757059362662942e-02
 1.96431541428697287e-01
 1.35617157655616855e-02
 1.98575806594230367e-02
