 5.00000000000012701e+00
 5.00000000000014122e+00
 5.00000000000031353e+00
 5.00000000000048583e+00
 5.65835636789199459e+00
 1.01445579955321072e+01
 1.16387301126381786e+01
 5.00000000000922196e+00
 2.67614343242042594e+01
 1.99999999722235259e+02
 2.74818162834061610e+01
 5.00000000000064038e+00
 5.00000000000280842e+00
 2.13565957195399534e+01
 5.00049022446492231e+00
 1.00054540349461818e+00
 4.50850075391479643e-01
 1.23048153372484204e-01
 1.18582585519044173e-01
 1.01541450777521525e-01
 1.16519436857495287e-01
 1.26848145222980629e-01
 1.42716274571177387e-01
 1.15101406728485012e-01
 1.14740547583436922e-01
 1.06066916408805431e-01
 2.51908035978064937e-01
 1.00000000000130072e-02
 8.86757502186312913e-02
 1.68284481737864061e-01
 1.64902531538318603e-01
 1.98575867645561996e-02
