 5.00000000000065015e+00
 5.00000000000348077e+00
 1.54529596315410842e+01
 1.99999999982878506e+02
 2.10967482154423891e+01
 5.79692251852199814e+00
 5.00000000000476863e+00
 9.41187592426488528e+00
 1.65924885032012206e+01
 1.99999999986195320e+02
 9.28176698405661398e+01
 5.01569299261030110e+00
 5.13671302196532409e+00
 5.79312421308232750e+00
 2.83280475045596312e+01
 5.62693730728487385e+00
 2.27558072442367254e-01
 1.18510510245126433e-01
 1.62309161133227020e-01
 1.36292463000621089e-01
 1.44250247255949426e-01
 1.76909630389825684e-01
 2.02586468354425064e-01
 1.94189307950643208e-01
 1.71487912253985297e-01
 1.56677830377607852e-01
 3.74660258388532064e-01
 9.68863430705588780e-02
 1.98715056012735924e-01
 1.25823541065314415e+00
 1.23829235044605857e+00
 3.89086880091708137e-02
