 5.00000000000436717e+00
 5.00000000000086686e+00
 1.54529430453225523e+01
 1.99999999984997714e+02
 2.10969559281966141e+01
 5.79691655201070422e+00
 5.00000000000465228e+00
 9.41180582022706602e+00
 1.65927098935413291e+01
 1.99999999989055624e+02
 2.17492639931782215e+01
 6.39191018868856276e+00
 5.00608652846590285e+00
 7.63173424409038681e+00
 7.44709414823520799e+00
 9.92488615543179087e+00
 2.27558065826820616e-01
 1.18510559663568826e-01
 1.62309040124630960e-01
 1.36292736742389037e-01
 1.44250126449349869e-01
 1.76909598275165891e-01
 2.02586417325324480e-01
 1.94189231448280319e-01
 1.71487837615697969e-01
 1.56677764706414369e-01
 4.61914079554507362e-01
 1.57327217451935612e-02
 1.98715161279210212e-01
 9.81360219925331179e-01
 3.06622863163270531e-01
 3.89086825303157149e-02
