 5.00000000000069811e+00
 5.00000000000111733e+00
 7.39747454296062301e+00
 1.99999999998464972e+02
 1.05925938696879427e+02
 3.30812955782528419e+01
 8.71848126379309996e+00
 1.41759677469880216e+01
 1.99999999992383607e+02
 1.99999999996855763e+02
 8.00234385227746081e+00
 5.00000000000585576e+00
 5.00000000002980816e+00
 3.03793678980038599e+01
 6.69100929503937802e+00
 3.68252784367652009e+00
 4.27223654297117506e-01
 1.73577031406557863e-01
 1.88775869933857504e-01
 1.63634239333712628e-01
 2.10581819511189317e-01
 1.78068260043280052e-01
 2.78511208329713766e-01
 2.29258281293113625e-01
 1.46268745035727094e-01
 1.74546524509630013e-01
 3.71762964706413623e-01
 1.00000000023020025e-02
 1.99768185741751952e-01
 4.52107912507818344e-01
 5.43352486716145888e-01
 3.73356310720677070e-02
