 5.09835762613999410e+00
 1.43642690180373265e+01
 1.99999999999328111e+02
 1.99999999998214321e+02
 1.99999999996342410e+02
 3.21232421608392116e+01
 1.15998836759024631e+01
 1.99999999996074536e+02
 1.99999999999892452e+02
 1.99999999997860840e+02
 1.99999999997861892e+02
 3.86237808994997707e+01
 5.00000000006415402e+00
 5.00112396011063165e+00
 6.70088582904568231e+00
 1.67026028507095581e+00
 4.33120171966441481e-01
 1.35229028612672053e-01
 1.54090230926911570e-01
 1.44702764339557477e-01
 1.58978719030279436e-01
 1.83603409660311412e-01
 2.15845497998404329e-01
 1.78157407593833778e-01
 1.63232183629422878e-01
 1.61036032160294190e-01
 3.57512723850674452e-01
 1.00000000013867173e-02
 9.33064515706515385e-02
 2.19232527744043254e-01
 7.17917248162657784e-02
 3.06291044164741649e-02
