 5.00000000000223910e+00
 5.00000000000324452e+00
 6.12453430599473858e+00
 8.33824672584152538e+00
 1.99999999994515946e+02
 1.44693573229233490e+01
 5.00000000007467715e+00
 1.08316898956858779e+02
 1.99999999996348095e+02
 1.99999999976336710e+02
 5.00000000000999112e+00
 5.00000000000498179e+00
 5.00000000001012790e+00
 1.16784083309107238e+01
 7.32021190429269897e+00
 2.22948060842382834e+00
 2.74591863690860805e-01
 1.09109982472045994e-01
 2.00362004837041696e-01
 1.32634124185274954e-01
 1.79844221408993588e-01
 1.64188762673049021e-01
 1.90342231569138653e-01
 1.70670837395219543e-01
 1.47412639925263739e-01
 1.64212333118648218e-01
 5.67365270852782766e-01
 6.23537097613774682e-02
 2.16406084847361430e-01
 7.81242680794090538e-01
 1.54079133502281795e+00
 4.63917678959304136e-02
