 5.00000000000281819e+00
 5.00000000000042544e+00
 6.12453045449962463e+00
 8.33827096508892396e+00
 1.99999999969571462e+02
 1.44693062384770812e+01
 5.00000000001974332e+00
 1.08318804925915401e+02
 1.99999999995317637e+02
 1.99999999989073387e+02
 5.00000000000005684e+00
 5.00000000001370104e+00
 5.00000000000407052e+00
 1.29300259831536266e+01
 5.43254176861814830e+00
 3.09727764800752725e+00
 2.74592389024109040e-01
 1.09109853382185165e-01
 2.00362067378664577e-01
 1.32634299165478503e-01
 1.79844337470887045e-01
 1.64188544390028612e-01
 1.90342245559863316e-01
 1.70670948823279628e-01
 1.47412528320532060e-01
 1.64212132512042724e-01
 5.67364669380351683e-01
 6.23543688069612898e-02
 2.16406320125985735e-01
 7.60627032176118711e-01
 1.27609959165067433e+00
 4.63917847866765279e-02
