 5.00000000000402878e+00
 5.00000000000367439e+00
 5.42667861670812890e+00
 1.99999999743447461e+02
 1.99999999994304403e+02
 1.99999999880837834e+02
 5.20802308965080840e+00
 1.99999999967998320e+02
 1.99999999990862875e+02
 1.99999999984624310e+02
 2.67884199422136113e+01
 6.89809678741965993e+00
 7.80661219692379227e+00
 1.73012247177600820e+01
 2.53187483104111593e+01
 2.99013895791234408e+00
 1.83205814767969377e-01
 8.11223903960577447e-02
 9.81226631490599716e-02
 7.69457773086820174e-02
 8.90950740628510540e-02
 9.73838409115688475e-02
 1.11544210313130110e-01
 9.84413966665746987e-02
 8.91873541730660163e-02
 7.03093596277553634e-02
 2.87715134926594729e-01
 1.56876889798779375e-02
 1.65897459398303304e-01
 4.80188051119107895e-01
 3.74096774802347501e-02
 2.95432431055399555e-02
