 5.00000000000171951e+00
 5.00000000000304290e+00
 5.42667820717753191e+00
 1.99999999899360773e+02
 1.99999999982405456e+02
 1.99999999965199663e+02
 5.20801519150713510e+00
 1.99999999998545263e+02
 1.99999999992849922e+02
 1.99999999986982061e+02
 2.66026452146326946e+01
 1.04942390269463814e+01
 5.63721354797666674e+00
 4.11704451149017032e+01
 5.79708440303094719e+00
 4.13582691230510324e+00
 1.83206130052893601e-01
 8.11220771534350987e-02
 9.81227907942327088e-02
 7.69456907965531123e-02
 8.90951046794250107e-02
 9.73837035113341992e-02
 1.11544198457007526e-01
 9.84413397111910810e-02
 8.91875572993073573e-02
 7.03092391745620132e-02
 2.80408201910365917e-01
 2.30337792320593621e-02
 1.65897309575483681e-01
 4.33886794196504832e-01
 8.78969576984274387e-02
 2.95432513958115636e-02
