 5.00000000000010036e+00
 5.00000000000044231e+00
 5.00000000000142908e+00
 6.20272537219836373e+00
 1.99999999923652638e+02
 4.29551228040360584e+01
 7.91372471578222019e+01
 2.08937110848968253e+01
 9.27295357301278784e+01
 1.99999999992418424e+02
 1.99999999999495628e+02
 5.00000000000196110e+00
 5.00000000000105782e+00
 8.88326256532314318e+00
 1.17961556084627883e+01
 3.34698822852929112e+00
 6.36980574603225547e-01
 2.07743009119516264e-01
 1.79322045164379607e-01
 1.59173484469734894e-01
 2.32111605444702995e-01
 2.34218014099587923e-01
 2.53116807409343281e-01
 2.50379031178415923e-01
 1.87298523277102252e-01
 1.80945199285585695e-01
 5.14297935036127085e-01
 1.00000000001439250e-02
 1.97152174036534150e-01
 5.34497267323441050e-01
 1.12581351744720781e-02
 4.02395985698107278e-02
