 8.49447186893555006e+00
 2.02665869097165121e+01
 1.30765435335219795e+01
 1.99999999999378389e+02
 8.38466088118937236e+00
 8.74785960944637395e+01
 5.56614350860990754e+01
 1.74439060213273756e+01
 1.08168967372681664e+01
 1.99999999996461781e+02
 1.89512051125547956e+01
 1.99999999996133141e+02
 3.29444141340334511e+01
 1.80554735549852268e+01
 6.44005405677219933e+00
 1.66855219125370979e+00
 2.82028276409386325e-01
 1.62211960772970953e-01
 1.51442038914829852e-01
 1.08339572841616952e-01
 1.01278646880357592e-01
 8.78627565235124558e-02
 1.07473795127566482e-01
 1.04783106542263596e-01
 1.45781088226956568e-01
 1.49448214302778160e-01
 1.40305114000003783e-01
 1.25355208032861959e-01
 1.50912796185944081e-01
 1.97712555961004732e-01
 2.86225261253643337e-01
 2.82389275183116475e-02
