 5.00000000001101164e+00
 5.00000000068455286e+00
 1.03359562395797191e+01
 7.35641067144761873e+00
 6.31969293695649892e+00
 1.12617640929618616e+01
 1.99999999956280220e+02
 8.10077071670333737e+00
 1.99999999993643939e+02
 1.99999999965234309e+02
 5.00044067869010789e+00
 5.00045358936267981e+00
 5.03667996675157159e+00
 3.43641772451667435e+01
 1.80399910472208404e+02
 1.02829221760473577e+00
 3.57204597726341389e-01
 1.31525349140759806e-01
 1.19664773447403505e-01
 1.08534630989233022e-01
 1.16763828579030296e-01
 1.22054231586518305e-01
 1.16153920036049935e-01
 1.14362022879792663e-01
 1.03656007066839223e-01
 1.79738291779563381e-01
 1.33220735233284121e-01
 3.06142019496556173e-01
 2.22092474993036304e-01
 1.95078118463275690e-01
 2.00295557990218115e-02
 1.98702337723677958e-02
