 1.15228611816644761e+01
 1.26122672040547013e+01
 1.30765843634115662e+01
 1.99999999964218603e+02
 8.38466453234976150e+00
 8.74780332865800858e+01
 5.56611860398705929e+01
 1.74439115663507565e+01
 1.08169045619534447e+01
 1.99999999992717932e+02
 1.89511577131800735e+01
 1.99999999994156241e+02
 3.29449657309320116e+01
 1.80552534771874633e+01
 9.47654939767932980e+00
 1.52065546371931970e+00
 3.82574781697086141e-01
 1.62211951551735706e-01
 1.51442061096677960e-01
 1.08339593594469971e-01
 1.01278628555553529e-01
 8.78627312173606845e-02
 1.07473761699853426e-01
 1.04783123890316812e-01
 1.45781147440161241e-01
 1.49448150908966654e-01
 1.40305168618961557e-01
 1.25355176745317098e-01
 1.50912760285662417e-01
 1.97712579166894886e-01
 2.60854924866875726e-01
 2.82389289074448900e-02
