 5.04925255310397869e+00
 5.05130116729779033e+00
 1.03049537857171920e+01
 7.92371679167528864e+00
 6.52736859105330147e+00
 9.84865367435592809e+00
 1.99999999950930913e+02
 6.83926483703173016e+00
 1.99999999995390283e+02
 1.99999999995135909e+02
 5.78735819560320319e+00
 5.00000000000187228e+00
 5.85231833613074848e+00
 5.00000000001319567e+00
 7.36456639437509075e+00
 1.23747673441599026e+00
 3.56000643493595614e-01
 1.30197780333423413e-01
 1.18531234880749084e-01
 1.06110086950694682e-01
 1.12086488829047828e-01
 1.19776809854983762e-01
 1.11001366742191493e-01
 1.16640980934890476e-01
 1.06353176050884679e-01
 1.86684393146195393e-01
 1.94257364723163156e-01
 2.13167466331844940e-01
 2.16717964317097889e-01
 2.14794693940844827e-01
 2.10264302390698987e-01
 2.17229094956928569e-02
