 5.15042156425720510e+00
 7.43590886187692135e+00
 1.99999998582213152e+02
 1.19729723461087278e+01
 9.97389956818646262e+00
 1.18125693559371712e+01
 1.99999999692688959e+02
 1.99999999992109707e+02
 1.99999999996255724e+02
 8.59384683065258628e+01
 1.99999999980041309e+02
 1.84352299165702824e+01
 1.56081875597982034e+01
 1.99999999968490727e+02
 7.79038151961508607e+00
 1.48872843666537236e+00
 8.90929516009828504e-02
 1.03483748738896972e-01
 7.87616340109423552e-02
 7.52565776701727834e-02
 7.39995966873621680e-02
 7.63194370183222920e-02
 7.50467205603697340e-02
 8.59522572240373900e-02
 7.69077701863834506e-02
 6.44988399530148082e-02
 8.89165935385002049e-02
 9.86787971491635968e-02
 1.29905820925193927e-01
 1.52397161936430631e-01
 1.37711031113368187e-01
 3.32400667632870989e-02
