 7.24084141200573939e+00
 5.27473276777497713e+00
 1.99999999772533869e+02
 1.19731650505132201e+01
 9.97373629503990777e+00
 1.18126504904747858e+01
 1.99999998781012721e+02
 1.99999999995604156e+02
 1.99999999966590025e+02
 8.59391357774249940e+01
 1.99999999987843239e+02
 1.84352862801886843e+01
 1.56080725125836590e+01
 1.99999999985911273e+02
 8.46832954429993556e+00
 1.46425542126310226e+00
 1.25253293756105388e-01
 1.03483835450158990e-01
 7.87614104131054704e-02
 7.52566848564427959e-02
 7.39995700296715853e-02
 7.63195304803902658e-02
 7.50467339363066060e-02
 8.59521471277062410e-02
 7.69079610786728846e-02
 6.44988216391384206e-02
 8.89165262225092706e-02
 9.86787749892645977e-02
 1.29905799398256194e-01
 1.52397275751037786e-01
 1.35447275274373918e-01
 3.32400662445103273e-02
