 5.00000000014615331e+00
 5.00000000012947954e+00
 1.03357896306778194e+01
 7.35653298928041544e+00
 6.31966943475454723e+00
 1.12617613096437665e+01
 1.99999999991645183e+02
 8.10077894349560346e+00
 1.99999999998465142e+02
 1.99999999996897344e+02
 5.00328459717569807e+00
 5.00084402070229750e+00
 5.03350090241146209e+00
 5.02639765330076216e+00
 5.37758334203580191e+00
 1.29669912604236393e+00
 3.57203976112324240e-01
 1.31525182163513776e-01
 1.19664716646042973e-01
 1.08534663060309733e-01
 1.16763929272931041e-01
 1.22054158755604367e-01
 1.16154007173531221e-01
 1.14362001798564900e-01
 1.03655978829348197e-01
 1.79738207653386273e-01
 1.32951740443435523e-01
 3.06420634317819962e-01
 2.22092435430235297e-01
 2.46985017075489977e-01
 4.52007658920886957e-01
 1.98702328718088246e-02
