 9.69816072783391263e+01
 9.92506120865905217e+00
 5.00000000002504752e+00
 1.99999999989590123e+02
 1.49132821535962510e+01
 7.62610988279747737e+00
 1.99999999989988567e+02
 1.45490400332447454e+01
 2.79401979373434379e+01
 2.70391245173579726e+01
 9.35500549507130152e+00
 3.43102995714748431e+01
 1.37802203770301794e+01
 1.00377630714174995e+01
 2.01773158905564998e+01
 3.02057584325982331e+00
 1.58393407245141682e+00
 2.85388784622393976e-01
 9.81474872642327661e-02
 9.18958666985429523e-02
 9.34917821216443845e-02
 1.04823622112644080e-01
 7.96834659741891688e-02
 8.81454489842803390e-02
 9.69802397102463021e-02
 1.05050339319053262e-01
 1.18542806126512190e-01
 1.07788318202650002e-01
 1.38018641025756783e-01
 1.99468459785253183e-01
 3.26709553592223367e-01
 2.67940379927925562e-02
