 3.14397834404059076e+01
 1.15163259581015500e+04
 9.99999996856884245e+04
 9.99999995833033026e+04
 9.99999989374631259e+04
 6.87839094453950661e+00
 2.38223512382174052e+00
 6.45483580947938762e+00
 9.99999924811909004e+04
 9.99999967719205742e+04
 9.99999993413141201e+04
 9.99999975022638100e+04
 9.99999857828562381e+04
 7.69327601787585369e+00
 7.77836987129466984e+00
 4.02751235673104446e+00
 1.07203254992917163e+00
 1.63186940834415706e-01
 1.51323749652594597e-01
 1.71328660727806226e-01
 1.36306742168103678e-01
 1.40882730067084211e-01
 1.41396036905302475e-01
 1.07877732560939923e-01
 8.12154776692980418e-02
 1.47003104495593284e-01
 1.31947891767192571e-01
 1.27721431781852440e-01
 2.58775089892863575e-01
 3.25175437290727842e-01
 5.74743678943693270e-01
 5.30854088132433066e-02
