9.54 2.173 1.961 1.608 1.431 1.254 1.113 0.989 0.919 0.848 0.813 1.555 0.565 0.495 0.425 0.371
2.155 4.24 2.226 1.731 1.431 1.237 1.078 0.919 0.83 0.742 0.707 0.972 0.495 0.442 0.389 0.336
1.961 2.226 4.452 2.014 1.643 1.396 1.166 1.007 0.901 0.83 0.742 1.095 0.512 0.442 0.372 0.336
1.608 1.731 2.049 4.24 1.961 1.643 1.36 1.113 1.007 0.919 0.813 1.025 0.53 0.477 0.389 0.336
1.431 1.431 1.643 1.979 4.24 1.89 1.572 1.272 1.095 0.972 0.866 1.042 0.565 0.495 0.407 0.336
1.254 1.254 1.413 1.643 1.926 3.922 1.749 1.396 1.166 1.06 0.919 0.936 0.583 0.495 0.407 0.389
1.095 1.06 1.166 1.36 1.555 1.749 3.604 1.572 1.307 1.148 1.007 0.919 0.601 0.495 0.425 0.336
0.989 0.919 1.007 1.095 1.254 1.378 1.59 3.922 1.537 1.307 1.095 0.936 0.654 0.548 0.442 0.336
0.919 0.83 0.919 0.989 1.095 1.166 1.325 1.537 3.392 1.572 1.307 0.954 0.707 0.601 0.46 0.336
0.848 0.777 0.848 0.919 0.989 1.06 1.148 1.325 1.572 3.604 1.555 1.007 0.813 0.671 0.495 0.336
0.795 0.707 0.76 0.813 0.848 0.919 1.007 1.095 1.307 1.537 3.604 0.972 0.936 0.742 0.566 0.336
1.36 0.901 0.989 0.919 0.936 0.866 0.866 0.883 0.901 0.954 0.972 34.663 0.742 0.618 0.495 0.459
0.53 0.495 0.53 0.53 0.565 0.583 0.601 0.654 0.724 0.813 0.954 0.742 3.18 1.06 0.725 0.389
0.495 0.442 0.477 0.477 0.477 0.495 0.512 0.548 0.618 0.654 0.76 0.636 1.06 3.604 1.008 0.389
0.424 0.406 0.406 0.406 0.406 0.406 0.442 0.442 0.477 0.495 0.565 0.512 0.707 1.025 3.286 0.406
0.353 0.336 0.336 0.336 0.336 0.353 0.336 0.336 0.336 0.336 0.336 0.495 0.389 0.371 0.407 21.518