10.084 2.176 1.893 1.557 1.415 1.221 1.079 0.973 0.92 0.867 0.814 1.681 0.584 0.531 0.442 0.407
2.141 4.246 2.158 1.716 1.433 1.238 1.061 0.92 0.849 0.778 0.725 1.008 0.513 0.46 0.407 0.372
1.893 2.158 4.352 1.981 1.645 1.415 1.168 1.026 0.92 0.849 0.778 1.15 0.548 0.478 0.407 0.372
1.557 1.716 1.999 4.14 1.981 1.645 1.362 1.15 1.044 0.938 0.849 1.026 0.566 0.495 0.425 0.372
1.362 1.415 1.645 1.981 4.14 1.893 1.557 1.274 1.115 1.008 0.885 1.044 0.584 0.495 0.425 0.372
1.185 1.256 1.415 1.645 1.928 3.927 1.716 1.398 1.221 1.097 0.955 0.955 0.601 0.513 0.442 0.407
1.061 1.061 1.168 1.38 1.574 1.751 3.715 1.574 1.362 1.168 1.044 0.938 0.619 0.548 0.442 0.372
0.973 0.92 1.044 1.15 1.291 1.415 1.61 3.821 1.574 1.362 1.15 0.955 0.655 0.566 0.442 0.372
0.902 0.867 0.938 1.044 1.15 1.221 1.38 1.592 3.397 1.628 1.344 0.973 0.743 0.619 0.495 0.372
0.831 0.796 0.867 0.92 1.026 1.079 1.168 1.362 1.61 3.715 1.574 1.026 0.831 0.69 0.513 0.372
0.778 0.725 0.778 0.831 0.885 0.938 1.044 1.15 1.327 1.61 3.609 0.991 0.955 0.778 0.566 0.372
1.433 0.902 1.026 0.92 0.955 0.867 0.867 0.885 0.902 0.973 0.991 35.983 0.761 0.637 0.495 0.513
0.513 0.531 0.548 0.566 0.601 0.619 0.619 0.672 0.743 0.849 0.973 0.761 3.184 1.079 0.725 0.442
0.495 0.478 0.495 0.495 0.513 0.513 0.548 0.584 0.619 0.69 0.778 0.672 1.061 3.609 0.955 0.425
0.425 0.425 0.425 0.442 0.442 0.442 0.442 0.478 0.495 0.531 0.584 0.548 0.725 0.955 3.397 0.478
0.389 0.389 0.372 0.372 0.389 0.407 0.372 0.372 0.372 0.372 0.372 0.548 0.442 0.425 0.46 21.759
