9.553 1.433 1.327 1.150 1.026 0.973 0.885 0.796 0.708 0.655 0.637 1.451 0.531 0.495 0.425 0.425
1.451 3.397 1.504 1.274 1.079 0.991 0.885 0.778 0.690 0.619 0.584 0.761 0.478 0.460 0.407 0.372
1.327 1.504 3.715 1.451 1.238 1.097 0.955 0.831 0.743 0.672 0.619 0.938 0.478 0.478 0.407 0.372
1.115 1.256 1.468 3.503 1.380 1.203 1.044 0.885 0.778 0.708 0.619 0.796 0.495 0.460 0.407 0.372
1.044 1.079 1.256 1.415 3.503 1.327 1.115 0.973 0.831 0.743 0.655 0.814 0.495 0.478 0.407 0.372
0.938 0.973 1.097 1.185 1.344 3.290 1.256 1.044 0.902 0.778 0.708 0.761 0.513 0.478 0.407 0.389
0.831 0.867 0.973 1.044 1.150 1.274 3.078 1.150 0.973 0.849 0.743 0.743 0.531 0.495 0.407 0.372
0.761 0.743 0.831 0.902 0.955 1.044 1.185 3.397 1.150 0.973 0.814 0.743 0.566 0.531 0.425 0.372
0.690 0.672 0.743 0.778 0.831 0.902 0.991 1.185 2.972 1.115 0.938 0.743 0.619 0.566 0.442 0.372
0.655 0.619 0.672 0.708 0.743 0.796 0.849 0.955 1.150 3.184 1.097 0.778 0.672 0.601 0.478 0.372
0.601 0.566 0.601 0.619 0.655 0.690 0.743 0.831 0.938 1.132 3.184 0.761 0.814 0.672 0.495 0.372
1.221 0.690 0.796 0.708 0.725 0.672 0.672 0.672 0.672 0.725 0.778 36.832 0.637 0.566 0.460 0.566
0.460 0.460 0.478 0.495 0.495 0.513 0.548 0.566 0.619 0.690 0.814 0.637 2.972 0.920 0.619 0.425
0.460 0.442 0.460 0.460 0.460 0.478 0.495 0.513 0.531 0.601 0.672 0.601 0.920 3.397 0.814 0.425
0.407 0.407 0.407 0.407 0.407 0.407 0.442 0.442 0.442 0.478 0.513 0.495 0.637 0.849 3.290 0.495
0.389 0.372 0.372 0.372 0.372 0.372 0.372 0.372 0.372 0.372 0.372 0.637 0.442 0.442 0.460 21.441
