9.858 1.486 1.36 1.185 1.06 0.972 0.885 0.814 0.743 0.672 0.637 1.38 0.548 0.548 0.478 0.46
1.502 3.392 1.537 1.291 1.131 1.007 0.902 0.796 0.725 0.655 0.584 0.743 0.495 0.513 0.46 0.425
1.378 1.557 3.71 1.486 1.254 1.095 0.973 0.849 0.778 0.69 0.619 0.902 0.513 0.513 0.442 0.425
1.184 1.309 1.502 3.498 1.413 1.219 1.061 0.902 0.814 0.743 0.655 0.796 0.513 0.513 0.442 0.425
1.06 1.132 1.254 1.433 3.609 1.36 1.15 0.973 0.867 0.778 0.672 0.796 0.513 0.531 0.46 0.407
0.972 1.026 1.095 1.238 1.378 3.392 1.274 1.079 0.92 0.831 0.708 0.743 0.548 0.531 0.442 0.442
0.901 0.92 0.989 1.079 1.166 1.29 3.078 1.168 1.008 0.885 0.761 0.743 0.584 0.566 0.46 0.407
0.795 0.796 0.866 0.92 1.007 1.078 1.203 3.397 1.168 1.008 0.831 0.743 0.601 0.566 0.478 0.407
0.742 0.725 0.777 0.814 0.883 0.919 1.026 1.185 3.078 1.15 0.955 0.761 0.637 0.601 0.495 0.407
0.689 0.655 0.707 0.743 0.777 0.813 0.885 0.991 1.185 3.184 1.115 0.796 0.725 0.655 0.495 0.407
0.636 0.619 0.618 0.655 0.707 0.742 0.761 0.849 0.973 1.15 3.184 0.796 0.831 0.743 0.566 0.407
1.131 0.672 0.795 0.708 0.707 0.671 0.672 0.672 0.708 0.761 0.796 39.167 0.69 0.637 0.495 0.548
0.495 0.513 0.512 0.531 0.53 0.548 0.584 0.601 0.637 0.725 0.831 0.69 2.972 0.973 0.672 0.495
0.495 0.478 0.477 0.495 0.495 0.495 0.495 0.531 0.566 0.619 0.69 0.637 0.938 3.503 0.867 0.478
0.442 0.442 0.442 0.442 0.442 0.442 0.442 0.442 0.478 0.495 0.531 0.513 0.655 0.902 3.29 0.531
0.406 0.407 0.389 0.389 0.389 0.406 0.372 0.372 0.372 0.389 0.372 0.566 0.46 0.478 0.531 21.759