9.964 1.502 1.398 1.203 1.044 0.972 0.902 0.831 0.761 0.672 0.672 1.327 0.531 0.513 0.46 0.425
1.504 3.392 1.574 1.327 1.097 1.025 0.92 0.796 0.725 0.637 0.619 0.743 0.513 0.478 0.425 0.389
1.398 1.555 3.816 1.521 1.274 1.148 1.008 0.885 0.778 0.708 0.655 0.902 0.513 0.495 0.442 0.389
1.168 1.307 1.539 3.503 1.433 1.254 1.097 0.955 0.831 0.743 0.69 0.796 0.531 0.495 0.442 0.372
1.061 1.113 1.291 1.468 3.604 1.396 1.203 1.044 0.902 0.778 0.708 0.814 0.566 0.495 0.442 0.389
0.973 1.007 1.132 1.256 1.398 3.397 1.327 1.097 0.955 0.849 0.743 0.761 0.566 0.513 0.46 0.407
0.902 0.901 1.008 1.097 1.168 1.343 3.184 1.221 1.044 0.92 0.814 0.743 0.601 0.531 0.478 0.389
0.831 0.813 0.902 0.955 1.044 1.095 1.238 3.397 1.168 1.008 0.885 0.761 0.619 0.566 0.478 0.389
0.743 0.742 0.778 0.849 0.885 0.954 1.061 1.203 2.972 1.15 0.973 0.761 0.672 0.601 0.495 0.389
0.69 0.671 0.708 0.743 0.778 0.848 0.92 1.026 1.168 3.184 1.15 0.796 0.743 0.637 0.531 0.389
0.655 0.601 0.655 0.672 0.708 0.742 0.814 0.885 0.973 1.15 3.184 0.814 0.849 0.725 0.566 0.407
1.115 0.671 0.778 0.708 0.708 0.671 0.69 0.708 0.708 0.761 0.831 39.804 0.708 0.601 0.495 0.513
0.495 0.495 0.513 0.531 0.531 0.565 0.601 0.619 0.655 0.743 0.867 0.69 2.972 0.973 0.725 0.478
0.495 0.477 0.495 0.495 0.495 0.512 0.548 0.566 0.584 0.619 0.725 0.637 0.991 3.29 0.902 0.46
0.442 0.442 0.442 0.442 0.442 0.442 0.478 0.478 0.495 0.513 0.566 0.513 0.725 0.92 3.074 0.495
0.389 0.389 0.372 0.372 0.372 0.389 0.372 0.372 0.372 0.372 0.389 0.531 0.46 0.442 0.495 21.653