9.858 1.166 1.097 0.938 0.849 0.761 0.69 0.672 0.601 0.566 0.566 1.238 0.495 0.46 0.425 0.389
1.184 2.968 1.168 1.026 0.885 0.761 0.69 0.637 0.584 0.548 0.513 0.584 0.46 0.425 0.407 0.372
1.095 1.201 3.392 1.168 0.973 0.849 0.778 0.69 0.619 0.584 0.548 0.761 0.478 0.442 0.407 0.372
0.936 1.025 1.185 3.078 1.097 0.938 0.849 0.743 0.672 0.619 0.566 0.655 0.478 0.46 0.407 0.372
0.83 0.883 0.991 1.115 3.184 1.026 0.885 0.778 0.708 0.637 0.601 0.655 0.478 0.442 0.407 0.372
0.742 0.777 0.849 0.938 1.026 2.866 0.973 0.831 0.743 0.672 0.619 0.601 0.495 0.478 0.425 0.389
0.689 0.707 0.778 0.831 0.885 0.991 2.866 0.938 0.831 0.725 0.672 0.601 0.513 0.495 0.442 0.372
0.618 0.618 0.672 0.743 0.778 0.849 0.938 3.184 0.92 0.831 0.725 0.619 0.548 0.495 0.442 0.372
0.601 0.583 0.619 0.672 0.708 0.743 0.814 0.938 2.654 0.92 0.796 0.619 0.584 0.531 0.478 0.372
0.565 0.548 0.584 0.619 0.619 0.69 0.743 0.814 0.92 2.866 0.902 0.655 0.619 0.584 0.495 0.372
0.548 0.512 0.548 0.566 0.601 0.619 0.655 0.725 0.796 0.938 2.866 0.672 0.708 0.619 0.531 0.372
0.972 0.548 0.637 0.584 0.584 0.548 0.566 0.566 0.601 0.637 0.672 40.653 0.601 0.566 0.495 0.478
0.442 0.442 0.46 0.478 0.495 0.495 0.513 0.548 0.584 0.637 0.725 0.637 2.654 0.849 0.69 0.46
0.459 0.424 0.442 0.442 0.46 0.478 0.478 0.513 0.531 0.584 0.637 0.584 0.849 2.866 0.831 0.425
0.406 0.406 0.407 0.425 0.425 0.425 0.442 0.442 0.478 0.495 0.548 0.495 0.69 0.849 2.654 0.495
0.371 0.371 0.354 0.354 0.354 0.372 0.372 0.354 0.354 0.372 0.372 0.531 0.442 0.442 0.495 21.759