21.624 0.954 0.919 0.813 0.795 0.742 0.707 0.671 0.636 0.618 0.636 2.085 0.495 0.459 0.424 0.283
0.954 2.65 0.954 0.883 0.83 0.76 0.707 0.654 0.618 0.601 0.548 0.459 0.459 0.442 0.406 0.3
0.919 0.989 3.18 0.972 0.883 0.813 0.742 0.707 0.654 0.618 0.583 0.707 0.477 0.442 0.406 0.265
0.813 0.883 0.989 2.862 0.954 0.848 0.777 0.724 0.654 0.618 0.583 0.548 0.477 0.442 0.406 0.265
0.777 0.813 0.883 0.954 3.18 0.919 0.813 0.742 0.671 0.654 0.601 0.601 0.477 0.459 0.406 0.265
0.724 0.76 0.795 0.848 0.936 2.968 0.901 0.813 0.742 0.671 0.618 0.565 0.495 0.477 0.442 0.3
0.689 0.689 0.76 0.777 0.83 0.936 2.862 0.883 0.795 0.742 0.689 0.565 0.548 0.495 0.442 0.265
0.671 0.636 0.689 0.707 0.742 0.795 0.901 3.074 0.919 0.83 0.76 0.601 0.583 0.565 0.477 0.3
0.636 0.601 0.636 0.654 0.671 0.742 0.795 0.936 2.544 0.919 0.848 0.618 0.618 0.601 0.495 0.3
0.618 0.583 0.618 0.618 0.618 0.689 0.742 0.83 0.936 2.862 0.954 0.654 0.707 0.654 0.548 0.3
0.618 0.565 0.583 0.583 0.618 0.636 0.689 0.76 0.848 0.972 2.862 0.724 0.777 0.724 0.601 0.3
1.59 0.477 0.601 0.495 0.53 0.495 0.512 0.548 0.583 0.636 0.707 42.189 0.636 0.583 0.495 0.3
0.424 0.459 0.459 0.477 0.495 0.512 0.548 0.601 0.636 0.707 0.795 0.654 2.862 0.936 0.742 0.353
0.459 0.424 0.442 0.442 0.477 0.477 0.512 0.548 0.583 0.654 0.724 0.618 0.936 3.074 0.919 0.336
0.406 0.389 0.406 0.406 0.406 0.424 0.442 0.477 0.495 0.565 0.601 0.512 0.742 0.936 2.862 0.371
0.265 0.265 0.265 0.265 0.265 0.283 0.265 0.265 0.265 0.283 0.283 0.336 0.336 0.318 0.353 25.652