19.716 1.007 0.972 0.901 0.866 0.795 0.777 0.760 0.707 0.689 0.654 1.908 0.530 0.495 0.442 0.406
1.060 2.756 1.042 0.954 0.883 0.813 0.777 0.742 0.689 0.654 0.618 0.530 0.477 0.477 0.442 0.353
1.007 1.060 3.180 1.042 0.954 0.883 0.830 0.777 0.707 0.689 0.618 0.724 0.495 0.495 0.442 0.353
0.919 0.972 1.060 2.968 1.025 0.919 0.883 0.813 0.742 0.707 0.654 0.601 0.512 0.495 0.442 0.336
0.901 0.901 0.954 1.025 3.180 0.972 0.919 0.830 0.777 0.742 0.671 0.654 0.512 0.495 0.442 0.336
0.830 0.848 0.883 0.936 1.007 2.968 1.007 0.901 0.813 0.777 0.707 0.601 0.530 0.512 0.459 0.371
0.777 0.795 0.830 0.866 0.919 1.007 2.862 1.007 0.883 0.848 0.777 0.601 0.583 0.530 0.477 0.353
0.777 0.742 0.742 0.777 0.813 0.883 1.007 3.180 1.007 0.919 0.848 0.636 0.618 0.601 0.495 0.336
0.707 0.689 0.707 0.742 0.760 0.795 0.883 1.042 2.756 1.042 0.919 0.671 0.671 0.618 0.530 0.371
0.671 0.654 0.671 0.689 0.707 0.742 0.813 0.936 1.042 2.968 1.060 0.707 0.742 0.707 0.565 0.371
0.671 0.601 0.618 0.618 0.654 0.671 0.742 0.848 0.919 1.060 2.968 0.760 0.813 0.777 0.618 0.371
1.466 0.512 0.618 0.512 0.565 0.512 0.548 0.583 0.618 0.689 0.777 42.189 0.671 0.601 0.512 0.477
0.495 0.512 0.495 0.512 0.512 0.530 0.583 0.636 0.689 0.777 0.848 0.689 2.862 0.989 0.760 0.442
0.495 0.477 0.495 0.477 0.495 0.512 0.548 0.601 0.636 0.724 0.795 0.636 0.989 3.180 0.883 0.424
0.459 0.442 0.424 0.442 0.442 0.442 0.477 0.512 0.530 0.583 0.618 0.530 0.742 0.919 2.862 0.442
0.389 0.336 0.336 0.336 0.336 0.336 0.336 0.336 0.336 0.371 0.371 0.548 0.406 0.389 0.459 22.260
