9.964 1.343 1.256 1.097 1.044 0.973 0.902 0.830 0.761 0.690 0.637 1.327 0.530 0.460 0.424 0.389
1.360 3.078 1.380 1.185 1.097 1.008 0.920 0.848 0.778 0.708 0.619 0.672 0.477 0.442 0.406 0.372
1.272 1.378 3.392 1.327 1.168 1.097 1.008 0.901 0.814 0.743 0.672 0.849 0.495 0.478 0.406 0.372
1.095 1.201 1.327 3.290 1.274 1.168 1.044 0.936 0.831 0.761 0.672 0.761 0.512 0.478 0.424 0.372
1.042 1.095 1.185 1.291 3.392 1.256 1.097 0.972 0.885 0.814 0.708 0.761 0.512 0.478 0.406 0.372
0.972 1.025 1.097 1.150 1.256 3.184 1.168 1.042 0.920 0.831 0.743 0.708 0.530 0.495 0.442 0.372
0.901 0.936 1.008 1.061 1.097 1.185 3.074 1.095 0.973 0.867 0.778 0.708 0.548 0.513 0.442 0.372
0.830 0.848 0.902 0.938 0.991 1.044 1.115 3.184 1.079 0.955 0.831 0.708 0.583 0.513 0.442 0.372
0.760 0.777 0.814 0.849 0.885 0.920 0.973 1.060 2.760 1.044 0.885 0.708 0.618 0.566 0.477 0.372
0.707 0.707 0.743 0.778 0.778 0.849 0.885 0.936 1.044 2.972 0.973 0.725 0.654 0.601 0.495 0.372
0.636 0.618 0.655 0.655 0.708 0.725 0.761 0.795 0.885 0.955 2.866 0.672 0.689 0.619 0.512 0.372
1.095 0.636 0.725 0.655 0.672 0.619 0.619 0.618 0.619 0.655 0.672 42.245 0.565 0.513 0.442 0.531
0.495 0.495 0.495 0.513 0.513 0.548 0.548 0.583 0.619 0.655 0.725 0.584 2.654 0.725 0.618 0.442
0.459 0.459 0.478 0.478 0.478 0.495 0.513 0.530 0.566 0.601 0.637 0.548 0.724 2.760 0.671 0.407
0.424 0.424 0.425 0.425 0.442 0.442 0.442 0.459 0.478 0.495 0.531 0.478 0.601 0.690 2.335 0.478
0.353 0.353 0.336 0.318 0.318 0.336 0.336 0.318 0.336 0.336 0.336 0.566 0.406 0.372 0.424 20.592
