20.564 1.201 1.184 1.007 0.954 0.883 0.795 0.760 0.724 0.654 0.636 1.908 0.495 0.459 0.406 0.353
1.272 3.074 1.272 1.131 1.025 0.919 0.830 0.742 0.707 0.618 0.583 0.530 0.459 0.442 0.371 0.318
1.184 1.290 3.498 1.254 1.095 1.007 0.901 0.813 0.742 0.671 0.618 0.707 0.477 0.442 0.371 0.300
1.025 1.113 1.272 3.286 1.184 1.078 0.954 0.848 0.777 0.707 0.618 0.601 0.477 0.477 0.389 0.300
0.936 1.007 1.078 1.184 3.392 1.148 1.042 0.901 0.830 0.742 0.654 0.671 0.495 0.477 0.406 0.300
0.866 0.901 0.972 1.060 1.166 3.180 1.148 1.007 0.901 0.813 0.707 0.601 0.530 0.495 0.406 0.318
0.813 0.830 0.901 0.954 1.042 1.184 3.074 1.148 1.042 0.919 0.813 0.636 0.583 0.548 0.442 0.300
0.777 0.742 0.777 0.848 0.901 1.007 1.166 3.498 1.272 1.078 0.954 0.689 0.654 0.601 0.477 0.318
0.707 0.671 0.707 0.777 0.830 0.901 1.042 1.254 2.968 1.272 1.095 0.724 0.742 0.671 0.530 0.336
0.671 0.618 0.654 0.689 0.742 0.813 0.919 1.095 1.307 3.286 1.325 0.795 0.848 0.777 0.583 0.336
0.654 0.583 0.601 0.618 0.654 0.724 0.813 0.954 1.095 1.307 3.286 0.866 0.954 0.848 0.636 0.336
1.413 0.495 0.583 0.512 0.565 0.548 0.583 0.636 0.707 0.760 0.866 42.189 0.742 0.654 0.495 0.389
0.459 0.442 0.459 0.477 0.512 0.548 0.583 0.654 0.760 0.866 0.972 0.742 3.074 1.060 0.760 0.406
0.459 0.442 0.442 0.442 0.477 0.512 0.548 0.618 0.689 0.777 0.866 0.671 1.060 3.286 0.883 0.389
0.406 0.371 0.371 0.371 0.406 0.442 0.442 0.495 0.548 0.601 0.636 0.512 0.760 0.901 3.286 0.459
0.318 0.300 0.283 0.300 0.300 0.300 0.300 0.300 0.318 0.318 0.336 0.424 0.389 0.371 0.442 22.366
