21.2 1.502 1.431 1.219 1.166 1.025 0.919 0.848 0.777 0.707 0.671 1.767 0.53 0.477 0.424 0.406
1.502 3.392 1.59 1.396 1.254 1.078 0.954 0.848 0.742 0.671 0.618 0.583 0.477 0.442 0.406 0.371
1.431 1.608 3.816 1.59 1.413 1.219 1.042 0.919 0.813 0.742 0.654 0.742 0.495 0.477 0.406 0.371
1.237 1.413 1.625 3.498 1.572 1.325 1.148 0.989 0.883 0.777 0.671 0.671 0.512 0.477 0.406 0.371
1.148 1.237 1.413 1.555 3.816 1.449 1.254 1.06 0.919 0.83 0.742 0.724 0.53 0.495 0.424 0.371
1.042 1.095 1.237 1.325 1.502 3.498 1.378 1.148 0.989 0.883 0.777 0.671 0.565 0.512 0.442 0.371
0.936 0.972 1.095 1.166 1.29 1.413 3.498 1.325 1.095 0.972 0.83 0.689 0.601 0.53 0.459 0.371
0.866 0.848 0.954 0.989 1.078 1.166 1.307 3.816 1.343 1.148 0.972 0.724 0.654 0.601 0.495 0.371
0.795 0.76 0.83 0.883 0.954 0.989 1.095 1.343 3.392 1.378 1.148 0.76 0.742 0.654 0.53 0.371
0.724 0.707 0.742 0.795 0.848 0.883 0.954 1.131 1.378 3.498 1.343 0.83 0.848 0.742 0.565 0.371
0.707 0.618 0.671 0.689 0.742 0.777 0.83 0.954 1.148 1.378 3.392 0.936 0.954 0.83 0.618 0.389
1.343 0.53 0.618 0.583 0.618 0.583 0.583 0.654 0.707 0.795 0.919 42.189 0.777 0.654 0.495 0.424
0.495 0.495 0.53 0.512 0.548 0.565 0.583 0.636 0.742 0.866 0.954 0.813 3.18 1.042 0.724 0.442
0.477 0.459 0.495 0.477 0.512 0.512 0.512 0.583 0.636 0.724 0.83 0.671 1.042 3.286 0.883 0.424
0.424 0.424 0.424 0.442 0.442 0.442 0.442 0.477 0.512 0.583 0.618 0.53 0.742 0.919 3.074 0.459
0.371 0.353 0.353 0.336 0.353 0.336 0.336 0.336 0.336 0.353 0.353 0.442 0.406 0.389 0.442 22.366