21.094 1.343 1.272 1.095 1.025 0.901 0.813 0.76 0.671 0.618 0.601 1.661 0.424 0.424 0.353 0.318
1.36 3.18 1.449 1.272 1.095 0.972 0.866 0.742 0.654 0.583 0.53 0.512 0.406 0.371 0.353 0.3
1.29 1.449 3.71 1.466 1.272 1.095 0.972 0.83 0.724 0.654 0.583 0.654 0.406 0.406 0.371 0.3
1.095 1.272 1.466 3.498 1.413 1.219 1.042 0.919 0.777 0.689 0.601 0.601 0.442 0.406 0.371 0.3
1.042 1.095 1.254 1.431 3.604 1.325 1.148 0.972 0.83 0.742 0.654 0.671 0.442 0.406 0.371 0.3
0.919 0.972 1.095 1.219 1.36 3.392 1.272 1.078 0.901 0.795 0.689 0.601 0.477 0.442 0.371 0.3
0.813 0.848 0.954 1.042 1.148 1.29 3.286 1.219 1.025 0.883 0.76 0.601 0.512 0.477 0.406 0.3
0.742 0.742 0.813 0.901 0.972 1.06 1.219 3.498 1.254 1.042 0.883 0.654 0.583 0.512 0.442 0.3
0.671 0.636 0.707 0.777 0.83 0.883 1.007 1.237 3.18 1.272 1.042 0.689 0.654 0.583 0.477 0.3
0.618 0.583 0.636 0.671 0.742 0.795 0.866 1.042 1.272 3.286 1.254 0.76 0.76 0.654 0.512 0.3
0.601 0.512 0.565 0.601 0.618 0.671 0.742 0.883 1.042 1.237 3.286 0.866 0.883 0.742 0.583 0.318
1.219 0.459 0.548 0.495 0.548 0.512 0.53 0.583 0.654 0.742 0.848 42.189 0.707 0.583 0.477 0.353
0.406 0.389 0.424 0.442 0.442 0.477 0.512 0.583 0.671 0.777 0.883 0.724 2.968 0.936 0.707 0.353
0.389 0.353 0.371 0.389 0.406 0.424 0.442 0.512 0.583 0.654 0.76 0.618 0.936 3.074 0.848 0.353
0.336 0.336 0.336 0.336 0.336 0.371 0.371 0.406 0.459 0.495 0.565 0.477 0.671 0.866 2.968 0.389
0.283 0.265 0.265 0.265 0.265 0.265 0.265 0.265 0.265 0.283 0.3 0.353 0.336 0.336 0.371 22.366