11.251 2.247 2.07 1.751 1.592 1.398 1.185 1.026 0.902 0.796 0.725 1.504 0.513 0.478 0.425 0.248
2.247 4.352 2.3 1.964 1.698 1.468 1.221 1.044 0.902 0.778 0.672 0.885 0.495 0.46 0.389 0.248
2.07 2.3 4.564 2.211 1.875 1.645 1.327 1.097 0.973 0.831 0.725 1.026 0.513 0.478 0.407 0.248
1.751 1.946 2.229 4.246 2.034 1.751 1.415 1.15 1.044 0.867 0.743 0.938 0.531 0.495 0.425 0.248
1.592 1.681 1.858 2.07 4.246 1.964 1.521 1.256 1.097 0.92 0.814 0.938 0.584 0.531 0.442 0.248
1.38 1.486 1.628 1.716 1.981 4.14 1.681 1.344 1.15 0.973 0.849 0.867 0.601 0.548 0.46 0.265
1.168 1.221 1.327 1.415 1.539 1.698 4.033 1.504 1.274 1.079 0.92 0.867 0.637 0.601 0.495 0.248
1.008 1.008 1.097 1.15 1.256 1.327 1.504 3.609 1.433 1.15 1.008 0.831 0.69 0.619 0.513 0.248
0.902 0.885 0.955 1.026 1.097 1.168 1.274 1.433 2.972 1.256 1.061 0.831 0.743 0.672 0.531 0.23
0.778 0.778 0.831 0.867 0.92 0.991 1.079 1.168 1.256 3.184 1.15 0.814 0.778 0.708 0.584 0.248
0.708 0.672 0.725 0.778 0.814 0.867 0.92 1.044 1.079 1.168 2.972 0.778 0.831 0.761 0.619 0.248
1.221 0.796 0.885 0.814 0.831 0.778 0.761 0.778 0.761 0.778 0.761 42.245 0.601 0.566 0.46 0.318
0.513 0.495 0.531 0.548 0.584 0.619 0.655 0.708 0.743 0.778 0.849 0.637 2.547 0.814 0.655 0.301
0.478 0.46 0.495 0.495 0.531 0.584 0.601 0.655 0.672 0.725 0.761 0.584 0.831 2.76 0.778 0.265
0.407 0.407 0.407 0.442 0.46 0.478 0.495 0.531 0.566 0.584 0.601 0.478 0.655 0.778 2.335 0.301
0.248 0.23 0.23 0.23 0.23 0.265 0.23 0.23 0.23 0.23 0.23 0.354 0.283 0.265 0.301 20.804