25.122 0.689 0.654 0.548 0.531 0.478 0.46 0.46 0.407 0.372 0.389 2.53 0.318 0.301 0.248 0.195 
0.671 2.438 0.707 0.619 0.566 0.513 0.478 0.425 0.389 0.372 0.354 0.336 0.301 0.301 0.265 0.212 
0.636 0.707 2.862 0.725 0.619 0.584 0.513 0.478 0.442 0.407 0.372 0.442 0.318 0.301 0.265 0.195 
0.548 0.601 0.724 2.65 0.725 0.637 0.584 0.513 0.478 0.442 0.407 0.354 0.336 0.301 0.265 0.195 
0.512 0.565 0.636 0.743 3.286 0.743 0.637 0.584 0.513 0.478 0.442 0.495 0.354 0.336 0.265 0.195 
0.477 0.495 0.583 0.637 0.743 2.866 0.743 0.619 0.566 0.495 0.478 0.354 0.372 0.336 0.301 0.212 
0.459 0.459 0.53 0.601 0.655 0.761 2.972 0.725 0.619 0.566 0.513 0.372 0.389 0.372 0.301 0.195 
0.459 0.424 0.477 0.531 0.584 0.619 0.725 3.29 0.725 0.619 0.566 0.389 0.407 0.372 0.301 0.195 
0.389 0.389 0.442 0.478 0.513 0.584 0.619 0.725 2.441 0.708 0.619 0.407 0.478 0.407 0.336 0.195 
0.406 0.371 0.406 0.442 0.478 0.513 0.584 0.619 0.725 3.078 0.708 0.407 0.513 0.442 0.354 0.195 
0.406 0.353 0.371 0.389 0.442 0.46 0.513 0.584 0.619 0.69 2.76 0.478 0.566 0.495 0.372 0.195 
2.173 0.265 0.353 0.283 0.372 0.283 0.283 0.318 0.318 0.318 0.389 42.351 0.354 0.318 0.23 0.248 
0.283 0.3 0.318 0.336 0.336 0.354 0.389 0.425 0.46 0.513 0.584 0.425 2.654 0.672 0.495 0.265 
0.3 0.265 0.283 0.318 0.318 0.336 0.354 0.372 0.407 0.442 0.495 0.354 0.655 3.078 0.672 0.23 
0.353 0.247 0.265 0.265 0.265 0.283 0.301 0.301 0.336 0.336 0.372 0.301 0.495 0.69 2.972 0.301 
0.353 0.23 0.194 0.177 0.177 0.195 0.195 0.195 0.195 0.195 0.195 0.301 0.265 0.23 0.301 26.217 