11.57 1.61 1.486 1.256 1.185 1.061 0.938 0.796 0.743 0.637 0.601 1.327 0.46 0.442 0.372 0.283
1.645 3.715 1.787 1.468 1.274 1.15 0.955 0.814 0.708 0.619 0.566 0.708 0.442 0.389 0.354 0.265
1.521 1.787 4.246 1.787 1.504 1.327 1.097 0.92 0.831 0.708 0.619 0.885 0.478 0.442 0.372 0.265
1.291 1.486 1.787 3.927 1.751 1.504 1.221 1.026 0.92 0.778 0.672 0.796 0.495 0.478 0.407 0.283
1.185 1.309 1.521 1.769 4.033 1.751 1.38 1.15 0.991 0.867 0.761 0.831 0.566 0.495 0.407 0.283
1.097 1.15 1.327 1.486 1.769 4.033 1.574 1.256 1.097 0.955 0.831 0.778 0.601 0.531 0.442 0.301
0.973 0.973 1.097 1.221 1.398 1.61 4.033 1.451 1.256 1.044 0.902 0.796 0.619 0.584 0.478 0.301
0.849 0.831 0.955 1.044 1.15 1.274 1.468 3.609 1.433 1.168 1.026 0.796 0.708 0.619 0.495 0.283
0.761 0.743 0.831 0.92 1.026 1.097 1.256 1.433 3.184 1.274 1.079 0.796 0.743 0.672 0.531 0.301
0.69 0.655 0.725 0.778 0.885 0.955 1.061 1.168 1.291 3.184 1.185 0.778 0.814 0.725 0.584 0.301
0.637 0.601 0.637 0.708 0.761 0.814 0.92 1.008 1.079 1.203 2.972 0.796 0.867 0.778 0.619 0.301
1.097 0.637 0.743 0.708 0.725 0.69 0.725 0.725 0.743 0.761 0.778 42.245 0.637 0.584 0.478 0.354
0.46 0.425 0.478 0.495 0.548 0.601 0.637 0.708 0.761 0.814 0.867 0.655 2.547 0.849 0.655 0.336
0.442 0.407 0.442 0.478 0.495 0.548 0.584 0.619 0.672 0.725 0.778 0.601 0.849 2.76 0.743 0.318
0.372 0.372 0.372 0.389 0.407 0.442 0.478 0.513 0.531 0.584 0.619 0.495 0.672 0.761 2.229 0.336
0.265 0.265 0.265 0.265 0.265 0.301 0.265 0.265 0.283 0.283 0.283 0.372 0.318 0.301 0.336 21.123