25.546 0.707 0.672 0.583 0.548 0.495 0.478 0.478 0.425 0.389 0.389 2.388 0.336 0.318 0.265 0.212 
0.742 2.441 0.725 0.618 0.583 0.513 0.478 0.442 0.407 0.372 0.354 0.336 0.301 0.301 0.265 0.212 
0.654 0.724 2.866 0.724 0.618 0.584 0.531 0.478 0.442 0.407 0.372 0.425 0.336 0.301 0.265 0.195 
0.565 0.618 0.725 2.654 0.742 0.655 0.584 0.513 0.478 0.442 0.407 0.354 0.354 0.336 0.265 0.195 
0.565 0.565 0.619 0.724 3.286 0.743 0.655 0.584 0.513 0.495 0.442 0.495 0.354 0.336 0.301 0.195 
0.512 0.53 0.584 0.654 0.76 2.862 0.743 0.655 0.584 0.513 0.478 0.354 0.372 0.372 0.301 0.212 
0.477 0.495 0.548 0.601 0.654 0.743 2.968 0.743 0.637 0.584 0.513 0.389 0.407 0.372 0.301 0.195 
0.495 0.442 0.478 0.512 0.583 0.655 0.725 3.29 0.743 0.655 0.584 0.425 0.442 0.407 0.336 0.195 
0.442 0.406 0.442 0.477 0.53 0.584 0.619 0.743 2.441 0.743 0.619 0.425 0.478 0.442 0.336 0.195 
0.406 0.371 0.407 0.442 0.477 0.513 0.584 0.619 0.743 3.078 0.725 0.442 0.513 0.478 0.372 0.195 
0.406 0.371 0.372 0.406 0.442 0.478 0.513 0.584 0.619 0.725 2.76 0.495 0.584 0.513 0.407 0.212 
2.067 0.283 0.354 0.283 0.389 0.318 0.318 0.354 0.354 0.372 0.425 42.351 0.389 0.354 0.283 0.248 
0.283 0.318 0.336 0.353 0.371 0.389 0.425 0.442 0.478 0.513 0.584 0.442 2.654 0.69 0.513 0.265 
0.3 0.3 0.318 0.336 0.336 0.354 0.372 0.407 0.442 0.478 0.513 0.389 0.69 2.972 0.672 0.248 
0.265 0.265 0.283 0.283 0.3 0.301 0.301 0.336 0.336 0.372 0.407 0.318 0.513 0.69 2.972 0.301 
0.212 0.194 0.195 0.194 0.194 0.195 0.195 0.195 0.195 0.195 0.195 0.301 0.265 0.23 0.283 26.217 