25.228 0.689 0.655 0.565 0.548 0.513 0.478 0.478 0.425 0.407 0.407 2.194 0.336 0.301 0.265 0.212 
0.707 2.438 0.708 0.618 0.584 0.531 0.495 0.442 0.407 0.389 0.372 0.442 0.318 0.301 0.265 0.212 
0.654 0.707 2.862 0.742 0.655 0.601 0.548 0.495 0.442 0.425 0.407 0.46 0.336 0.301 0.283 0.195 
0.583 0.618 0.743 2.756 0.743 0.672 0.619 0.548 0.495 0.46 0.407 0.372 0.354 0.336 0.283 0.212 
0.548 0.565 0.655 0.76 3.392 0.778 0.672 0.601 0.548 0.495 0.46 0.478 0.372 0.336 0.301 0.195 
0.495 0.53 0.601 0.671 0.778 2.866 0.778 0.655 0.584 0.548 0.495 0.389 0.372 0.372 0.301 0.23 
0.495 0.495 0.548 0.618 0.672 0.761 2.968 0.743 0.655 0.584 0.531 0.407 0.407 0.372 0.301 0.212 
0.495 0.459 0.495 0.565 0.601 0.672 0.743 3.29 0.743 0.637 0.601 0.442 0.442 0.407 0.336 0.212 
0.424 0.406 0.46 0.495 0.548 0.601 0.655 0.761 2.441 0.743 0.655 0.442 0.478 0.442 0.354 0.212 
0.406 0.389 0.425 0.459 0.495 0.531 0.584 0.655 0.761 3.078 0.725 0.46 0.513 0.478 0.372 0.212 
0.406 0.371 0.407 0.442 0.46 0.495 0.513 0.601 0.637 0.725 2.76 0.531 0.584 0.513 0.407 0.212 
1.661 0.318 0.389 0.336 0.407 0.354 0.372 0.389 0.425 0.46 0.513 42.245 0.478 0.425 0.318 0.23 
0.283 0.318 0.336 0.353 0.372 0.389 0.425 0.442 0.478 0.531 0.584 0.478 2.654 0.69 0.513 0.283 
0.3 0.3 0.318 0.336 0.336 0.354 0.372 0.407 0.442 0.478 0.513 0.425 0.69 3.078 0.672 0.265 
0.283 0.265 0.283 0.3 0.301 0.301 0.336 0.336 0.354 0.372 0.407 0.336 0.495 0.69 2.866 0.301 
0.23 0.23 0.195 0.194 0.195 0.23 0.195 0.195 0.195 0.195 0.195 0.283 0.265 0.23 0.301 26.324