25.334 0.707 0.637 0.548 0.53 0.477 0.478 0.46 0.407 0.389 0.389 2.07 0.318 0.301 0.248 0.195
0.707 2.441 0.708 0.618 0.565 0.512 0.478 0.442 0.407 0.372 0.354 0.425 0.301 0.283 0.265 0.177
0.636 0.707 2.866 0.724 0.618 0.583 0.513 0.478 0.442 0.407 0.372 0.425 0.336 0.301 0.248 0.177
0.565 0.618 0.725 2.654 0.742 0.654 0.601 0.531 0.478 0.442 0.407 0.372 0.336 0.301 0.265 0.177
0.548 0.565 0.619 0.724 3.29 0.742 0.655 0.601 0.513 0.478 0.442 0.478 0.372 0.318 0.265 0.177
0.495 0.512 0.584 0.654 0.76 2.866 0.743 0.655 0.584 0.513 0.478 0.389 0.372 0.336 0.283 0.195
0.477 0.477 0.531 0.583 0.654 0.742 2.972 0.743 0.619 0.584 0.513 0.389 0.407 0.372 0.301 0.177
0.477 0.442 0.478 0.512 0.583 0.654 0.743 3.29 0.725 0.619 0.584 0.425 0.442 0.372 0.301 0.177
0.406 0.406 0.442 0.477 0.53 0.583 0.619 0.743 2.441 0.743 0.619 0.442 0.478 0.407 0.336 0.177
0.406 0.371 0.407 0.442 0.477 0.512 0.566 0.619 0.725 3.078 0.708 0.46 0.513 0.442 0.336 0.177
0.406 0.353 0.372 0.406 0.442 0.477 0.513 0.584 0.619 0.725 2.76 0.513 0.584 0.495 0.372 0.177
1.519 0.3 0.354 0.318 0.389 0.353 0.354 0.389 0.425 0.46 0.513 42.245 0.478 0.407 0.318 0.23
0.265 0.318 0.318 0.353 0.353 0.371 0.407 0.442 0.478 0.513 0.584 0.478 2.654 0.655 0.478 0.248
0.3 0.3 0.301 0.318 0.336 0.353 0.372 0.389 0.425 0.46 0.495 0.425 0.69 2.972 0.637 0.23
0.265 0.265 0.265 0.265 0.283 0.3 0.301 0.336 0.336 0.354 0.372 0.336 0.495 0.655 2.866 0.265
0.212 0.194 0.195 0.194 0.194 0.194 0.195 0.195 0.195 0.195 0.195 0.283 0.265 0.23 0.265 26.217