26.182 1.06 1.007 0.813 0.761 0.637 0.584 0.548 0.478 0.442 0.425 2.034 0.354 0.336 0.283 0.248
1.078 3.074 1.131 0.954 0.796 0.708 0.619 0.512 0.478 0.442 0.407 0.354 0.354 0.336 0.283 0.23
0.989 1.131 3.392 1.095 0.92 0.778 0.672 0.583 0.513 0.478 0.442 0.495 0.372 0.336 0.301 0.23
0.83 0.954 1.078 3.18 1.061 0.885 0.761 0.636 0.584 0.495 0.46 0.442 0.372 0.336 0.301 0.212
0.742 0.795 0.901 1.06 3.71 1.061 0.885 0.742 0.619 0.566 0.495 0.531 0.407 0.372 0.301 0.212
0.654 0.689 0.777 0.883 1.061 3.29 1.008 0.813 0.708 0.619 0.531 0.46 0.407 0.372 0.301 0.23
0.618 0.618 0.671 0.76 0.885 1.026 3.29 0.936 0.778 0.672 0.584 0.46 0.442 0.407 0.336 0.23
0.565 0.53 0.583 0.654 0.743 0.831 0.938 3.498 0.92 0.761 0.637 0.495 0.478 0.425 0.336 0.212
0.495 0.477 0.512 0.583 0.619 0.708 0.778 0.919 2.76 0.849 0.708 0.495 0.495 0.442 0.336 0.23
0.442 0.424 0.477 0.495 0.566 0.619 0.655 0.76 0.867 3.29 0.796 0.513 0.548 0.478 0.372 0.212
0.442 0.389 0.424 0.459 0.495 0.548 0.584 0.636 0.708 0.796 2.76 0.566 0.601 0.513 0.372 0.212
1.466 0.371 0.389 0.389 0.46 0.389 0.425 0.459 0.478 0.495 0.548 42.245 0.495 0.425 0.318 0.23
0.318 0.353 0.371 0.371 0.389 0.407 0.442 0.477 0.513 0.548 0.601 0.513 2.654 0.655 0.478 0.283
0.336 0.318 0.336 0.353 0.372 0.389 0.407 0.424 0.442 0.478 0.513 0.425 0.69 2.972 0.619 0.265
0.3 0.283 0.3 0.3 0.301 0.318 0.336 0.336 0.354 0.372 0.372 0.336 0.478 0.637 2.654 0.301
0.247 0.212 0.212 0.212 0.212 0.23 0.23 0.212 0.212 0.212 0.212 0.283 0.283 0.265 0.283 26.217