25.758 0.936 0.848 0.672 0.618 0.512 0.477 0.459 0.389 0.336 0.354 2.052 0.248 0.23 0.194 0.177
0.936 2.862 0.989 0.814 0.689 0.601 0.512 0.442 0.371 0.354 0.301 0.407 0.248 0.23 0.212 0.177
0.848 0.989 3.286 0.991 0.813 0.707 0.601 0.512 0.442 0.372 0.336 0.425 0.265 0.23 0.212 0.159
0.689 0.83 1.025 2.968 0.954 0.777 0.671 0.565 0.477 0.407 0.372 0.372 0.265 0.248 0.194 0.142
0.636 0.707 0.848 0.938 3.609 0.883 0.742 0.618 0.512 0.442 0.372 0.442 0.265 0.248 0.212 0.142
0.565 0.618 0.724 0.814 0.901 2.968 0.848 0.671 0.565 0.478 0.407 0.354 0.301 0.265 0.212 0.159
0.512 0.548 0.618 0.69 0.76 0.848 3.078 0.777 0.618 0.531 0.442 0.354 0.301 0.283 0.23 0.159
0.495 0.477 0.548 0.584 0.618 0.671 0.777 3.392 0.724 0.601 0.495 0.372 0.336 0.283 0.23 0.142
0.424 0.424 0.477 0.495 0.53 0.583 0.618 0.724 2.438 0.672 0.566 0.372 0.354 0.301 0.247 0.159
0.371 0.389 0.424 0.442 0.477 0.495 0.53 0.583 0.689 3.078 0.619 0.389 0.372 0.336 0.265 0.142
0.389 0.353 0.371 0.372 0.406 0.442 0.459 0.495 0.548 0.619 2.76 0.442 0.442 0.354 0.265 0.142
1.519 0.318 0.389 0.318 0.371 0.318 0.318 0.353 0.353 0.389 0.425 42.245 0.389 0.318 0.23 0.195
0.23 0.283 0.3 0.301 0.3 0.3 0.318 0.336 0.353 0.389 0.425 0.372 2.547 0.513 0.371 0.248
0.265 0.265 0.265 0.265 0.265 0.265 0.283 0.3 0.3 0.336 0.372 0.318 0.513 2.654 0.477 0.195
0.23 0.247 0.23 0.23 0.23 0.23 0.23 0.23 0.247 0.265 0.265 0.248 0.372 0.478 2.229 0.248
0.212 0.212 0.194 0.177 0.159 0.177 0.159 0.159 0.159 0.159 0.159 0.248 0.248 0.195 0.247 26.854