22.609 1.698 1.537 1.29 1.15 1.008 0.92 0.849 0.778 0.708 0.708 2.07 0.566 0.531 0.478 0.425
1.716 3.609 1.767 1.519 1.256 1.079 0.938 0.849 0.761 0.69 0.637 0.672 0.513 0.478 0.442 0.407
1.539 1.787 4.033 1.643 1.38 1.168 1.044 0.885 0.796 0.708 0.655 0.849 0.513 0.495 0.442 0.372
1.291 1.521 1.678 3.503 1.468 1.256 1.079 0.938 0.814 0.743 0.672 0.725 0.513 0.495 0.442 0.372
1.15 1.256 1.378 1.502 3.609 1.327 1.115 0.973 0.867 0.761 0.672 0.725 0.513 0.495 0.442 0.372
0.991 1.079 1.166 1.254 1.362 3.397 1.256 1.061 0.92 0.814 0.743 0.655 0.548 0.513 0.46 0.389
0.902 0.955 1.042 1.078 1.15 1.291 3.29 1.256 1.044 0.92 0.814 0.672 0.601 0.548 0.478 0.372
0.849 0.849 0.883 0.954 0.973 1.061 1.291 3.609 1.344 1.097 0.973 0.743 0.655 0.619 0.513 0.389
0.778 0.761 0.795 0.83 0.849 0.92 1.061 1.362 3.184 1.38 1.168 0.796 0.743 0.672 0.566 0.389
0.708 0.69 0.724 0.742 0.778 0.814 0.92 1.097 1.38 3.503 1.398 0.849 0.849 0.778 0.619 0.407
0.708 0.637 0.654 0.671 0.69 0.725 0.814 0.955 1.168 1.415 3.503 0.92 0.955 0.849 0.655 0.407
1.557 0.601 0.689 0.601 0.619 0.584 0.601 0.672 0.743 0.814 0.938 42.245 0.743 0.655 0.513 0.46
0.495 0.531 0.53 0.512 0.548 0.566 0.601 0.672 0.761 0.867 0.973 0.761 3.184 1.061 0.778 0.478
0.513 0.478 0.495 0.512 0.513 0.513 0.548 0.619 0.69 0.761 0.867 0.672 1.044 3.397 0.92 0.46
0.46 0.442 0.442 0.442 0.442 0.46 0.478 0.513 0.566 0.619 0.655 0.548 0.778 0.955 2.866 0.495
0.407 0.372 0.371 0.371 0.372 0.372 0.372 0.372 0.372 0.389 0.389 0.513 0.46 0.442 0.495 22.29