26.076 0.954 0.901 0.743 0.655 0.584 0.531 0.513 0.442 0.407 0.425 2.07 0.336 0.301 0.265 0.248 
0.989 2.862 1.025 0.849 0.743 0.619 0.566 0.495 0.442 0.407 0.372 0.372 0.318 0.301 0.265 0.23 
0.901 1.042 3.286 1.044 0.849 0.743 0.655 0.566 0.495 0.442 0.407 0.478 0.336 0.301 0.265 0.23 
0.742 0.848 1.025 3.078 1.026 0.885 0.743 0.619 0.548 0.478 0.442 0.442 0.354 0.301 0.265 0.23 
0.671 0.742 0.848 1.026 3.609 0.973 0.814 0.69 0.601 0.513 0.46 0.513 0.354 0.336 0.265 0.212 
0.601 0.618 0.742 0.885 0.991 3.078 0.92 0.743 0.619 0.566 0.495 0.407 0.372 0.336 0.265 0.23 
0.548 0.565 0.636 0.743 0.814 0.938 3.078 0.849 0.708 0.619 0.548 0.425 0.389 0.336 0.301 0.23 
0.512 0.495 0.548 0.619 0.69 0.743 0.867 3.397 0.831 0.672 0.584 0.46 0.407 0.372 0.301 0.212 
0.442 0.442 0.495 0.548 0.601 0.637 0.708 0.831 2.654 0.778 0.655 0.46 0.442 0.372 0.301 0.23 
0.424 0.406 0.442 0.495 0.513 0.584 0.619 0.672 0.778 3.184 0.725 0.46 0.478 0.407 0.301 0.23 
0.424 0.371 0.406 0.442 0.46 0.478 0.513 0.601 0.637 0.725 2.76 0.513 0.513 0.442 0.336 0.23 
1.502 0.336 0.389 0.354 0.425 0.372 0.389 0.407 0.425 0.46 0.513 42.245 0.46 0.354 0.283 0.248 
0.283 0.318 0.336 0.336 0.336 0.372 0.389 0.407 0.442 0.478 0.531 0.478 2.76 0.619 0.442 0.318 
0.3 0.3 0.3 0.301 0.318 0.336 0.336 0.354 0.372 0.407 0.442 0.372 0.619 2.972 0.566 0.283 
0.265 0.265 0.265 0.265 0.265 0.265 0.301 0.301 0.301 0.301 0.336 0.283 0.442 0.566 2.441 0.336 
0.247 0.23 0.212 0.212 0.212 0.23 0.23 0.23 0.23 0.212 0.23 0.301 0.301 0.265 0.336 23.245 