9.234 1.344 1.203 1.044 0.938 0.814 0.708 0.637 0.548 0.495 0.46 1.044 0.318 0.283 0.248 0.212
1.344 3.184 1.398 1.185 1.044 0.885 0.743 0.637 0.566 0.478 0.425 0.531 0.318 0.301 0.265 0.212
1.221 1.415 3.503 1.38 1.15 0.973 0.831 0.708 0.619 0.531 0.46 0.655 0.336 0.301 0.265 0.212
1.044 1.185 1.38 3.29 1.309 1.079 0.92 0.778 0.672 0.584 0.495 0.601 0.336 0.301 0.265 0.212
0.938 1.026 1.15 1.309 3.29 1.221 1.008 0.849 0.743 0.619 0.531 0.601 0.372 0.336 0.265 0.195
0.814 0.885 0.973 1.079 1.238 3.078 1.097 0.92 0.778 0.655 0.566 0.548 0.372 0.336 0.301 0.212
0.69 0.743 0.831 0.92 1.008 1.132 2.972 1.044 0.867 0.725 0.601 0.566 0.407 0.372 0.301 0.212
0.637 0.637 0.708 0.778 0.867 0.92 1.044 3.078 0.973 0.796 0.672 0.566 0.442 0.389 0.318 0.195
0.548 0.548 0.619 0.655 0.743 0.778 0.867 0.991 2.76 0.902 0.743 0.566 0.478 0.407 0.336 0.195
0.478 0.478 0.531 0.584 0.619 0.655 0.725 0.796 0.92 2.866 0.831 0.584 0.513 0.442 0.336 0.212
0.442 0.425 0.46 0.478 0.531 0.548 0.601 0.655 0.743 0.831 2.547 0.566 0.566 0.495 0.372 0.212
0.831 0.478 0.548 0.513 0.531 0.495 0.495 0.513 0.513 0.548 0.566 42.245 0.442 0.372 0.301 0.283
0.283 0.301 0.336 0.336 0.372 0.389 0.407 0.442 0.478 0.513 0.584 0.46 2.335 0.566 0.425 0.248
0.283 0.283 0.283 0.301 0.336 0.336 0.372 0.372 0.407 0.442 0.495 0.407 0.566 2.441 0.478 0.23
0.23 0.248 0.248 0.265 0.265 0.301 0.301 0.301 0.336 0.354 0.372 0.336 0.442 0.478 2.017 0.248
0.23 0.195 0.177 0.195 0.195 0.195 0.195 0.195 0.195 0.195 0.195 0.318 0.23 0.23 0.248 20.804