25.44 0.867 0.795 0.637 0.584 0.513 0.478 0.442 0.372 0.336 0.354 1.964 0.23 0.212 0.177 0.177
0.885 2.862 0.936 0.796 0.672 0.601 0.513 0.442 0.372 0.336 0.301 0.372 0.212 0.212 0.177 0.159
0.796 0.955 3.184 0.938 0.778 0.672 0.584 0.495 0.407 0.372 0.336 0.425 0.23 0.212 0.177 0.142
0.655 0.796 0.936 2.972 0.885 0.743 0.637 0.548 0.46 0.389 0.336 0.336 0.248 0.212 0.177 0.142
0.619 0.672 0.777 0.902 3.503 0.849 0.708 0.584 0.495 0.425 0.372 0.425 0.248 0.23 0.177 0.142
0.531 0.601 0.671 0.743 0.849 2.866 0.796 0.637 0.531 0.442 0.407 0.336 0.265 0.23 0.195 0.159
0.478 0.513 0.583 0.637 0.708 0.796 2.972 0.725 0.584 0.495 0.407 0.318 0.265 0.23 0.195 0.142
0.478 0.442 0.495 0.548 0.601 0.637 0.725 3.29 0.69 0.566 0.478 0.354 0.283 0.265 0.195 0.142
0.407 0.407 0.442 0.46 0.495 0.531 0.584 0.69 2.441 0.619 0.531 0.354 0.301 0.265 0.212 0.142
0.372 0.354 0.371 0.407 0.407 0.442 0.495 0.566 0.637 3.078 0.601 0.372 0.354 0.301 0.23 0.142
0.372 0.301 0.336 0.336 0.372 0.407 0.425 0.478 0.513 0.619 2.76 0.442 0.407 0.336 0.265 0.159
1.415 0.283 0.336 0.283 0.336 0.283 0.301 0.318 0.318 0.354 0.425 42.245 0.372 0.283 0.195 0.195
0.212 0.248 0.247 0.265 0.265 0.265 0.283 0.318 0.336 0.354 0.425 0.372 2.441 0.442 0.301 0.212
0.23 0.23 0.23 0.23 0.23 0.248 0.265 0.265 0.283 0.301 0.354 0.318 0.478 2.547 0.372 0.177
0.195 0.212 0.212 0.212 0.212 0.212 0.23 0.23 0.23 0.248 0.283 0.248 0.336 0.407 2.123 0.23
0.195 0.195 0.159 0.159 0.159 0.177 0.159 0.159 0.159 0.159 0.177 0.248 0.23 0.195 0.212 23.245