26.324 0.973 0.885 0.743 0.637 0.566 0.495 0.478 0.407 0.372 0.354 1.981 0.265 0.265 0.23 0.212 
0.991 2.972 1.044 0.867 0.708 0.619 0.531 0.46 0.407 0.354 0.336 0.354 0.265 0.265 0.23 0.177 
0.92 1.044 3.29 1.026 0.831 0.708 0.601 0.513 0.442 0.407 0.354 0.425 0.301 0.265 0.23 0.177 
0.761 0.885 1.026 3.078 0.973 0.831 0.69 0.584 0.495 0.442 0.372 0.389 0.301 0.265 0.23 0.177 
0.655 0.725 0.831 0.991 3.609 0.973 0.814 0.672 0.566 0.478 0.425 0.46 0.336 0.301 0.23 0.177 
0.601 0.619 0.708 0.831 0.973 2.972 0.902 0.743 0.619 0.513 0.46 0.389 0.336 0.301 0.248 0.195 
0.531 0.548 0.619 0.708 0.814 0.92 3.078 0.831 0.69 0.584 0.495 0.389 0.354 0.301 0.265 0.177 
0.531 0.478 0.531 0.601 0.672 0.743 0.849 3.397 0.814 0.655 0.566 0.407 0.389 0.336 0.265 0.177 
0.442 0.425 0.478 0.513 0.584 0.619 0.708 0.814 2.654 0.743 0.619 0.425 0.407 0.372 0.283 0.177 
0.425 0.389 0.407 0.442 0.495 0.531 0.584 0.672 0.761 3.078 0.708 0.442 0.442 0.389 0.301 0.177 
0.389 0.354 0.372 0.407 0.442 0.478 0.495 0.566 0.619 0.69 2.76 0.495 0.495 0.442 0.318 0.177 
1.433 0.318 0.354 0.336 0.389 0.336 0.354 0.389 0.389 0.425 0.495 42.245 0.425 0.354 0.265 0.212 
0.283 0.301 0.301 0.318 0.336 0.336 0.354 0.389 0.425 0.46 0.513 0.442 2.547 0.584 0.425 0.248 
0.283 0.283 0.301 0.301 0.301 0.318 0.336 0.354 0.372 0.389 0.442 0.354 0.584 2.76 0.566 0.23 
0.248 0.248 0.248 0.248 0.265 0.265 0.265 0.283 0.283 0.301 0.336 0.283 0.407 0.566 2.547 0.265 
0.23 0.195 0.195 0.177 0.177 0.195 0.177 0.177 0.177 0.159 0.177 0.265 0.23 0.23 0.265 23.245 