9.447 1.415 1.309 1.168 1.079 0.955 0.902 0.831 0.761 0.708 0.672 1.185 0.566 0.531 0.495 0.425
1.398 3.184 1.468 1.274 1.132 1.008 0.92 0.796 0.743 0.655 0.637 0.69 0.531 0.495 0.46 0.407
1.274 1.486 3.715 1.539 1.327 1.15 1.044 0.92 0.814 0.743 0.69 0.849 0.548 0.513 0.478 0.389
1.15 1.256 1.539 3.609 1.539 1.291 1.15 1.008 0.885 0.814 0.743 0.778 0.584 0.548 0.495 0.407
1.044 1.097 1.327 1.539 3.715 1.504 1.274 1.097 0.973 0.885 0.778 0.831 0.619 0.584 0.495 0.407
0.938 0.973 1.15 1.291 1.504 3.503 1.486 1.238 1.079 0.973 0.867 0.761 0.655 0.601 0.531 0.425
0.867 0.885 1.008 1.15 1.274 1.468 3.397 1.38 1.168 1.044 0.92 0.796 0.708 0.637 0.566 0.407
0.778 0.778 0.902 0.991 1.079 1.238 1.415 3.397 1.327 1.15 1.008 0.796 0.743 0.672 0.584 0.407
0.708 0.708 0.814 0.885 0.973 1.079 1.185 1.362 2.972 1.274 1.097 0.831 0.796 0.725 0.601 0.407
0.672 0.655 0.743 0.814 0.885 0.955 1.061 1.168 1.291 3.184 1.185 0.831 0.849 0.778 0.637 0.425
0.619 0.601 0.672 0.725 0.778 0.867 0.938 1.026 1.079 1.203 3.078 0.849 0.902 0.831 0.672 0.407
0.955 0.601 0.708 0.69 0.708 0.69 0.708 0.743 0.761 0.796 0.831 42.245 0.708 0.637 0.548 0.478
0.495 0.495 0.548 0.584 0.619 0.655 0.708 0.743 0.796 0.867 0.92 0.725 2.76 0.92 0.761 0.478
0.478 0.478 0.513 0.531 0.566 0.601 0.637 0.69 0.725 0.778 0.831 0.672 0.92 2.866 0.849 0.46
0.442 0.442 0.46 0.495 0.495 0.531 0.566 0.584 0.601 0.637 0.672 0.584 0.761 0.867 2.441 0.495
0.389 0.372 0.389 0.389 0.389 0.407 0.407 0.389 0.389 0.425 0.425 0.513 0.46 0.442 0.478 21.229