26.217 0.936 0.849 0.708 0.637 0.548 0.495 0.478 0.407 0.372 0.354 1.893 0.283 0.265 0.212 0.212 
0.955 2.866 0.991 0.814 0.672 0.584 0.513 0.46 0.407 0.354 0.336 0.336 0.283 0.248 0.212 0.177 
0.885 1.007 3.29 0.973 0.796 0.672 0.601 0.513 0.442 0.407 0.372 0.425 0.301 0.265 0.23 0.177 
0.725 0.83 0.973 2.972 0.955 0.814 0.69 0.601 0.495 0.442 0.389 0.389 0.301 0.283 0.23 0.177 
0.637 0.671 0.814 0.955 3.609 0.92 0.778 0.672 0.566 0.478 0.442 0.495 0.318 0.283 0.23 0.177 
0.566 0.601 0.672 0.814 0.938 2.972 0.885 0.743 0.619 0.531 0.46 0.389 0.336 0.301 0.23 0.195 
0.495 0.512 0.584 0.69 0.778 0.885 3.078 0.831 0.672 0.584 0.495 0.389 0.354 0.301 0.248 0.177 
0.495 0.442 0.495 0.584 0.619 0.708 0.814 3.397 0.814 0.655 0.566 0.425 0.372 0.318 0.248 0.177 
0.425 0.406 0.442 0.495 0.548 0.601 0.672 0.814 2.654 0.743 0.619 0.425 0.407 0.336 0.265 0.177 
0.389 0.371 0.389 0.442 0.478 0.513 0.584 0.672 0.743 3.078 0.69 0.442 0.442 0.372 0.283 0.177 
0.389 0.336 0.372 0.372 0.407 0.442 0.495 0.584 0.619 0.69 2.76 0.495 0.495 0.407 0.301 0.177 
1.415 0.3 0.354 0.318 0.389 0.336 0.354 0.389 0.389 0.425 0.495 42.245 0.425 0.336 0.23 0.212 
0.265 0.283 0.283 0.301 0.301 0.318 0.354 0.389 0.425 0.46 0.513 0.442 2.654 0.584 0.389 0.248 
0.248 0.265 0.265 0.265 0.265 0.283 0.301 0.336 0.354 0.372 0.407 0.354 0.619 2.972 0.548 0.23 
0.212 0.23 0.23 0.23 0.23 0.23 0.248 0.265 0.265 0.283 0.301 0.248 0.389 0.548 2.654 0.283 
0.212 0.194 0.159 0.159 0.159 0.177 0.159 0.177 0.177 0.177 0.177 0.265 0.248 0.23 0.265 23.245 