29.363 0.901 0.901 0.795 0.813 0.724 0.707 0.689 0.636 0.618 0.636 3.286 0.495 0.459 0.371 0.3
0.936 2.65 0.919 0.848 0.795 0.742 0.707 0.636 0.618 0.565 0.53 0.23 0.459 0.424 0.371 0.3
0.919 0.936 2.968 0.954 0.866 0.813 0.76 0.707 0.654 0.601 0.565 0.318 0.477 0.442 0.371 0.3
0.813 0.848 0.972 2.862 0.972 0.883 0.83 0.777 0.707 0.654 0.618 0.318 0.512 0.477 0.371 0.3
0.795 0.777 0.848 0.989 3.074 0.972 0.901 0.83 0.777 0.707 0.654 0.495 0.512 0.495 0.389 0.3
0.742 0.742 0.813 0.883 1.007 2.862 1.007 0.919 0.83 0.777 0.707 0.3 0.565 0.53 0.406 0.3
0.707 0.689 0.742 0.813 0.901 1.007 2.756 1.025 0.919 0.83 0.777 0.3 0.618 0.565 0.442 0.3
0.671 0.618 0.689 0.742 0.83 0.901 1.025 3.074 1.042 0.936 0.848 0.353 0.654 0.601 0.442 0.3
0.654 0.601 0.654 0.707 0.76 0.83 0.919 1.06 2.756 1.042 0.919 0.3 0.707 0.654 0.477 0.3
0.618 0.565 0.601 0.636 0.707 0.76 0.83 0.936 1.042 3.074 1.025 0.3 0.777 0.689 0.495 0.3
0.636 0.512 0.565 0.601 0.654 0.707 0.777 0.848 0.919 1.042 2.968 0.353 0.813 0.742 0.512 0.3
2.208 0.141 0.141 0.141 0.23 0.141 0.141 0.159 0.141 0.141 0.212 42.295 0.141 0.106 0.088 0.265
0.583 0.477 0.477 0.512 0.548 0.583 0.636 0.671 0.724 0.777 0.866 0.3 2.756 0.901 0.618 0.389
0.459 0.406 0.442 0.442 0.477 0.512 0.565 0.618 0.636 0.689 0.742 0.247 0.883 3.074 0.654 0.336
0.371 0.353 0.371 0.371 0.389 0.406 0.442 0.442 0.477 0.495 0.512 0.194 0.583 0.671 2.862 0.371
0.265 0.283 0.265 0.265 0.283 0.3 0.3 0.3 0.3 0.3 0.3 0.459 0.336 0.336 0.353 28.726