20.564 0.954 0.83 0.742 0.724 0.654 0.618 0.618 0.565 0.548 0.565 2.279 0.477 0.442 0.424 0.336
0.954 2.544 0.901 0.795 0.724 0.654 0.618 0.583 0.565 0.512 0.495 0.283 0.442 0.442 0.406 0.353
0.813 0.919 2.968 0.883 0.813 0.742 0.671 0.618 0.583 0.565 0.53 0.283 0.477 0.442 0.406 0.336
0.742 0.795 0.919 2.756 0.883 0.777 0.724 0.671 0.618 0.583 0.548 0.3 0.477 0.477 0.442 0.336
0.707 0.724 0.795 0.883 2.968 0.848 0.777 0.707 0.654 0.618 0.565 0.459 0.495 0.477 0.442 0.336
0.654 0.671 0.724 0.777 0.866 2.65 0.848 0.742 0.707 0.654 0.601 0.265 0.512 0.495 0.442 0.336
0.618 0.636 0.671 0.724 0.777 0.883 2.756 0.848 0.742 0.707 0.654 0.283 0.565 0.53 0.477 0.336
0.618 0.583 0.618 0.654 0.689 0.742 0.848 2.862 0.883 0.777 0.724 0.318 0.601 0.565 0.495 0.336
0.565 0.548 0.583 0.618 0.654 0.689 0.742 0.901 2.544 0.883 0.777 0.283 0.654 0.601 0.53 0.336
0.548 0.53 0.548 0.583 0.618 0.654 0.707 0.795 0.883 2.862 0.883 0.283 0.689 0.654 0.565 0.336
0.565 0.495 0.512 0.548 0.583 0.601 0.654 0.724 0.795 0.883 2.756 0.318 0.742 0.689 0.583 0.336
1.413 0.141 0.141 0.141 0.212 0.124 0.124 0.159 0.124 0.124 0.194 42.295 0.141 0.106 0.106 0.265
0.495 0.477 0.477 0.495 0.53 0.548 0.565 0.618 0.654 0.707 0.76 0.3 2.65 0.83 0.689 0.424
0.424 0.424 0.442 0.459 0.477 0.495 0.512 0.583 0.618 0.636 0.689 0.247 0.83 2.862 0.795 0.371
0.424 0.424 0.406 0.406 0.442 0.442 0.477 0.495 0.53 0.565 0.583 0.212 0.689 0.813 2.544 0.406
0.318 0.336 0.3 0.3 0.318 0.336 0.318 0.318 0.318 0.318 0.318 0.477 0.371 0.371 0.406 28.302