10.827 2.247 1.911 1.468 1.309 1.168 0.885 0.743 0.637 0.566 0.531 1.981 0.407 0.354 0.354 0.283
2.247 4.564 2.424 1.787 1.486 1.256 0.885 0.725 0.601 0.531 0.46 1.026 0.372 0.336 0.318 0.301
1.911 2.441 4.776 2.247 1.84 1.539 1.044 0.831 0.708 0.584 0.495 1.203 0.372 0.336 0.336 0.265
1.468 1.769 2.264 4.458 2.229 1.858 1.221 0.955 0.778 0.619 0.566 1.044 0.407 0.372 0.336 0.265
1.309 1.486 1.804 2.229 4.776 2.424 1.521 1.15 0.92 0.743 0.619 1.044 0.442 0.407 0.354 0.283
1.15 1.256 1.539 1.84 2.441 4.883 1.822 1.344 1.079 0.831 0.708 0.938 0.478 0.442 0.372 0.301
0.885 0.902 1.044 1.221 1.521 1.858 4.564 1.804 1.344 1.026 0.831 0.867 0.548 0.478 0.407 0.283
0.743 0.725 0.831 0.938 1.15 1.327 1.804 4.246 1.716 1.274 0.991 0.885 0.619 0.531 0.46 0.301
0.637 0.601 0.708 0.778 0.92 1.061 1.344 1.734 3.503 1.451 1.115 0.814 0.672 0.584 0.495 0.301
0.566 0.513 0.584 0.637 0.743 0.849 1.044 1.256 1.468 3.397 1.309 0.778 0.761 0.637 0.495 0.301
0.495 0.46 0.495 0.548 0.619 0.69 0.814 0.991 1.097 1.309 3.078 0.655 0.849 0.743 0.584 0.301
1.734 0.902 1.026 0.885 0.902 0.814 0.725 0.761 0.69 0.655 0.584 42.351 0.425 0.389 0.336 0.389
0.372 0.372 0.372 0.407 0.442 0.478 0.548 0.601 0.672 0.761 0.885 0.513 2.866 0.902 0.708 0.354
0.354 0.336 0.354 0.372 0.407 0.425 0.478 0.531 0.584 0.619 0.725 0.442 0.92 2.972 0.867 0.336
0.336 0.318 0.318 0.336 0.372 0.372 0.407 0.442 0.478 0.495 0.566 0.389 0.708 0.867 2.547 0.372
0.265 0.283 0.265 0.265 0.265 0.301 0.265 0.283 0.283 0.283 0.283 0.425 0.336 0.336 0.372 20.698