10.614 1.893 1.521 1.238 1.008 0.849 0.743 0.637 0.548 0.495 0.46 1.822 0.372 0.336 0.318 0.283
1.893 4.458 2.123 1.574 1.15 0.938 0.761 0.601 0.513 0.46 0.407 0.831 0.336 0.301 0.301 0.283
1.539 2.158 4.776 2.194 1.574 1.221 0.973 0.743 0.601 0.513 0.442 0.991 0.336 0.336 0.301 0.265
1.221 1.574 2.229 4.458 1.964 1.486 1.15 0.867 0.672 0.566 0.495 0.885 0.372 0.336 0.318 0.265
1.026 1.168 1.574 1.999 4.352 1.928 1.433 1.044 0.814 0.672 0.566 0.867 0.372 0.372 0.336 0.265
0.867 0.955 1.238 1.504 1.928 4.458 2.087 1.38 1.044 0.831 0.672 0.796 0.46 0.407 0.372 0.301
0.761 0.778 0.991 1.168 1.451 2.087 4.458 1.734 1.203 0.955 0.761 0.761 0.513 0.46 0.407 0.283
0.619 0.619 0.743 0.885 1.044 1.398 1.751 4.458 1.663 1.274 0.973 0.849 0.601 0.513 0.442 0.283
0.548 0.531 0.619 0.672 0.814 1.044 1.221 1.663 3.715 1.574 1.15 0.761 0.69 0.601 0.495 0.301
0.495 0.46 0.513 0.584 0.672 0.831 0.973 1.221 1.574 3.503 1.344 0.778 0.778 0.672 0.531 0.301
0.46 0.407 0.442 0.495 0.566 0.672 0.761 0.955 1.15 1.344 3.29 0.637 0.885 0.743 0.584 0.301
1.574 0.743 0.831 0.743 0.725 0.655 0.655 0.69 0.655 0.655 0.548 42.351 0.389 0.354 0.318 0.389
0.301 0.336 0.354 0.372 0.407 0.46 0.513 0.601 0.672 0.761 0.902 0.478 2.866 0.955 0.743 0.354
0.318 0.301 0.336 0.336 0.372 0.407 0.442 0.495 0.601 0.672 0.761 0.425 0.955 2.972 0.885 0.354
0.301 0.318 0.301 0.318 0.336 0.372 0.372 0.425 0.478 0.531 0.601 0.372 0.725 0.902 2.654 0.389
0.265 0.265 0.248 0.248 0.248 0.265 0.265 0.265 0.283 0.283 0.283 0.425 0.336 0.336 0.372 21.016
