20.273 0.761 0.69 0.584 0.566 0.495 0.46 0.46 0.425 0.407 0.407 1.521 0.336 0.318 0.283 0.212
0.778 2.547 0.743 0.619 0.566 0.495 0.478 0.442 0.407 0.372 0.336 0.301 0.301 0.301 0.265 0.195
0.69 0.761 3.078 0.778 0.637 0.584 0.513 0.478 0.442 0.407 0.389 0.46 0.336 0.301 0.265 0.195
0.584 0.619 0.778 2.76 0.778 0.619 0.584 0.513 0.495 0.442 0.407 0.389 0.336 0.336 0.301 0.195
0.548 0.566 0.619 0.761 2.866 0.725 0.619 0.566 0.531 0.478 0.442 0.425 0.372 0.354 0.301 0.195
0.495 0.495 0.566 0.619 0.743 2.441 0.708 0.619 0.566 0.531 0.495 0.389 0.389 0.372 0.336 0.212
0.46 0.46 0.513 0.584 0.619 0.725 2.441 0.708 0.619 0.584 0.531 0.407 0.425 0.407 0.336 0.212
0.442 0.425 0.478 0.513 0.566 0.619 0.69 2.654 0.708 0.619 0.584 0.425 0.478 0.442 0.372 0.195
0.425 0.407 0.442 0.495 0.531 0.566 0.619 0.725 2.229 0.743 0.655 0.46 0.495 0.495 0.407 0.212
0.389 0.372 0.407 0.442 0.478 0.513 0.584 0.637 0.743 2.654 0.743 0.495 0.566 0.531 0.442 0.23
0.407 0.354 0.372 0.407 0.442 0.478 0.513 0.584 0.655 0.743 2.654 0.531 0.619 0.601 0.495 0.23
1.132 0.301 0.372 0.318 0.372 0.354 0.354 0.389 0.425 0.46 0.513 42.245 0.478 0.442 0.372 0.283
0.318 0.301 0.318 0.354 0.372 0.389 0.425 0.478 0.513 0.584 0.637 0.495 2.547 0.708 0.584 0.283
0.301 0.301 0.318 0.336 0.336 0.372 0.407 0.442 0.478 0.531 0.584 0.46 0.725 2.654 0.69 0.283
0.283 0.265 0.283 0.301 0.301 0.336 0.336 0.372 0.407 0.442 0.495 0.389 0.584 0.708 2.441 0.301
0.195 0.177 0.177 0.195 0.195 0.195 0.195 0.195 0.195 0.212 0.212 0.318 0.265 0.265 0.301 24.731