21.412 1.025 0.989 0.866 0.813 0.742 0.707 0.671 0.636 0.601 0.618 1.678 0.495 0.459 0.424 0.353
1.025 2.862 1.148 1.042 0.919 0.813 0.742 0.671 0.618 0.583 0.548 0.477 0.442 0.442 0.406 0.336
0.989 1.166 3.392 1.166 1.060 0.936 0.848 0.742 0.671 0.618 0.583 0.636 0.477 0.442 0.406 0.318
0.883 1.025 1.184 3.074 1.166 1.042 0.919 0.813 0.707 0.654 0.618 0.583 0.477 0.459 0.406 0.300
0.830 0.919 1.060 1.184 3.392 1.148 1.025 0.883 0.760 0.707 0.618 0.618 0.495 0.477 0.442 0.336
0.760 0.830 0.936 1.042 1.166 3.180 1.148 0.972 0.830 0.742 0.671 0.583 0.512 0.495 0.442 0.336
0.724 0.760 0.848 0.919 1.025 1.166 3.286 1.113 0.919 0.830 0.742 0.601 0.565 0.530 0.477 0.336
0.689 0.671 0.742 0.813 0.883 0.954 1.166 3.710 1.166 1.007 0.883 0.654 0.618 0.601 0.495 0.336
0.636 0.618 0.654 0.707 0.742 0.813 0.919 1.184 2.968 1.166 1.042 0.689 0.707 0.654 0.565 0.336
0.618 0.583 0.618 0.654 0.689 0.742 0.830 0.989 1.184 3.286 1.237 0.777 0.813 0.742 0.618 0.336
0.618 0.548 0.565 0.601 0.618 0.671 0.742 0.883 1.042 1.237 3.392 0.866 0.936 0.848 0.707 0.371
1.272 0.459 0.548 0.495 0.548 0.512 0.530 0.583 0.654 0.742 0.866 42.189 0.742 0.671 0.548 0.389
0.477 0.459 0.459 0.477 0.512 0.512 0.548 0.636 0.724 0.830 0.954 0.777 3.074 1.078 0.866 0.424
0.459 0.442 0.442 0.459 0.477 0.477 0.512 0.583 0.654 0.760 0.866 0.689 1.095 3.286 1.042 0.424
0.406 0.406 0.406 0.406 0.406 0.442 0.459 0.495 0.565 0.618 0.689 0.583 0.848 1.060 2.968 0.442
0.318 0.300 0.300 0.300 0.300 0.300 0.300 0.318 0.318 0.336 0.336 0.424 0.406 0.389 0.442 22.472
