22.927 0.619 0.584 0.513 0.478 0.442 0.407 0.425 0.389 0.372 0.372 1.698 0.301 0.301 0.265 0.23 
0.619 2.335 0.655 0.584 0.513 0.478 0.442 0.407 0.407 0.354 0.336 0.248 0.301 0.301 0.265 0.23 
0.584 0.672 2.866 0.708 0.619 0.566 0.495 0.478 0.442 0.372 0.354 0.407 0.301 0.301 0.265 0.212 
0.495 0.601 0.725 2.866 0.725 0.619 0.566 0.495 0.46 0.407 0.372 0.354 0.301 0.301 0.265 0.195 
0.495 0.531 0.619 0.725 3.184 0.725 0.619 0.566 0.495 0.442 0.407 0.442 0.336 0.301 0.265 0.195 
0.425 0.478 0.548 0.619 0.725 2.76 0.708 0.619 0.548 0.478 0.442 0.354 0.336 0.301 0.283 0.212 
0.425 0.442 0.495 0.584 0.619 0.725 2.972 0.743 0.619 0.513 0.46 0.372 0.354 0.336 0.301 0.212 
0.425 0.407 0.46 0.478 0.548 0.619 0.708 3.397 0.743 0.601 0.531 0.407 0.407 0.372 0.301 0.212 
0.389 0.372 0.407 0.442 0.478 0.548 0.601 0.761 2.654 0.708 0.601 0.425 0.442 0.372 0.336 0.212 
0.354 0.354 0.372 0.407 0.442 0.478 0.495 0.601 0.725 3.29 0.672 0.442 0.478 0.407 0.354 0.212 
0.389 0.336 0.354 0.354 0.389 0.425 0.46 0.531 0.619 0.69 2.866 0.513 0.548 0.478 0.372 0.23 
1.309 0.283 0.336 0.301 0.372 0.318 0.318 0.354 0.389 0.425 0.495 42.245 0.46 0.389 0.318 0.265 
0.265 0.301 0.301 0.318 0.318 0.336 0.336 0.389 0.425 0.46 0.531 0.478 2.654 0.619 0.513 0.301 
0.265 0.265 0.283 0.283 0.301 0.301 0.318 0.354 0.389 0.407 0.46 0.389 0.637 2.76 0.619 0.283 
0.248 0.248 0.265 0.248 0.265 0.265 0.265 0.301 0.336 0.336 0.372 0.336 0.495 0.637 2.547 0.336 
0.23 0.195 0.195 0.177 0.195 0.195 0.195 0.195 0.212 0.195 0.195 0.301 0.283 0.265 0.318 23.458 