22.821 0.619 0.584 0.513 0.478 0.442 0.425 0.425 0.372 0.354 0.372 1.698 0.301 0.265 0.248 0.212 
0.636 2.335 0.672 0.584 0.548 0.495 0.442 0.407 0.372 0.354 0.336 0.248 0.283 0.265 0.248 0.195 
0.583 0.672 2.866 0.708 0.619 0.566 0.495 0.442 0.407 0.372 0.354 0.389 0.301 0.265 0.248 0.177 
0.512 0.584 0.708 2.76 0.725 0.619 0.566 0.495 0.442 0.407 0.372 0.336 0.301 0.265 0.248 0.177 
0.477 0.513 0.619 0.725 3.184 0.708 0.619 0.548 0.495 0.425 0.389 0.442 0.301 0.301 0.248 0.177 
0.442 0.478 0.566 0.619 0.725 2.76 0.708 0.619 0.531 0.478 0.407 0.336 0.318 0.301 0.265 0.195 
0.442 0.442 0.495 0.584 0.619 0.725 2.972 0.708 0.601 0.513 0.46 0.354 0.336 0.301 0.265 0.177 
0.442 0.407 0.46 0.495 0.566 0.619 0.708 3.29 0.743 0.584 0.513 0.389 0.372 0.336 0.283 0.195 
0.389 0.372 0.407 0.442 0.495 0.531 0.601 0.725 2.654 0.708 0.601 0.407 0.407 0.372 0.301 0.195 
0.371 0.372 0.372 0.407 0.442 0.478 0.513 0.584 0.708 3.078 0.672 0.425 0.442 0.407 0.336 0.195 
0.371 0.336 0.372 0.372 0.407 0.442 0.442 0.513 0.601 0.69 2.76 0.495 0.513 0.442 0.354 0.195 
1.307 0.283 0.354 0.301 0.372 0.318 0.318 0.354 0.389 0.425 0.495 42.245 0.442 0.372 0.301 0.248 
0.283 0.301 0.301 0.318 0.336 0.336 0.354 0.389 0.425 0.46 0.531 0.46 2.654 0.619 0.478 0.265 
0.283 0.265 0.301 0.301 0.301 0.301 0.318 0.336 0.372 0.407 0.46 0.389 0.619 2.76 0.601 0.248 
0.265 0.265 0.265 0.265 0.283 0.283 0.283 0.301 0.318 0.336 0.372 0.318 0.478 0.619 2.441 0.301 
0.23 0.195 0.195 0.195 0.195 0.212 0.195 0.195 0.195 0.195 0.195 0.301 0.265 0.265 0.301 23.458 