21.73 1.042 1.025 0.883 0.83 0.777 0.724 0.689 0.636 0.618 0.636 1.643 0.495 0.477 0.424 0.353
1.042 2.968 1.148 1.042 0.919 0.813 0.76 0.671 0.618 0.583 0.548 0.477 0.459 0.442 0.406 0.318
1.007 1.166 3.392 1.166 1.042 0.936 0.848 0.742 0.654 0.618 0.583 0.618 0.477 0.442 0.406 0.318
0.883 1.042 1.184 3.074 1.166 1.042 0.919 0.795 0.707 0.654 0.601 0.565 0.477 0.477 0.406 0.318
0.83 0.919 1.042 1.184 3.392 1.148 1.007 0.848 0.76 0.707 0.618 0.601 0.495 0.477 0.442 0.3
0.777 0.83 0.919 1.042 1.166 3.286 1.148 0.954 0.83 0.742 0.671 0.583 0.512 0.495 0.442 0.336
0.742 0.777 0.848 0.919 1.025 1.184 3.286 1.148 0.936 0.848 0.76 0.601 0.583 0.548 0.477 0.336
0.707 0.671 0.742 0.777 0.866 0.954 1.166 3.71 1.166 1.042 0.901 0.671 0.636 0.601 0.512 0.336
0.654 0.618 0.671 0.707 0.76 0.83 0.936 1.184 2.968 1.219 1.078 0.724 0.742 0.671 0.565 0.336
0.618 0.583 0.618 0.654 0.707 0.76 0.848 1.025 1.237 3.286 1.254 0.795 0.848 0.777 0.618 0.353
0.618 0.548 0.583 0.601 0.618 0.671 0.742 0.883 1.06 1.272 3.392 0.883 0.954 0.848 0.707 0.353
1.254 0.477 0.512 0.495 0.548 0.512 0.548 0.601 0.671 0.742 0.866 42.189 0.76 0.689 0.548 0.389
0.495 0.477 0.477 0.477 0.495 0.53 0.583 0.636 0.724 0.83 0.954 0.795 2.968 1.06 0.848 0.406
0.477 0.442 0.459 0.477 0.477 0.495 0.548 0.618 0.689 0.76 0.866 0.724 1.06 3.18 1.025 0.406
0.424 0.406 0.406 0.406 0.442 0.442 0.477 0.512 0.565 0.618 0.707 0.583 0.848 1.007 2.968 0.442
0.336 0.318 0.318 0.3 0.3 0.3 0.3 0.318 0.336 0.336 0.336 0.424 0.389 0.389 0.442 22.366