21.942 1.06 1.025 0.919 0.848 0.777 0.724 0.671 0.636 0.601 0.601 1.767 0.495 0.459 0.406 0.371
1.095 2.968 1.166 1.06 0.954 0.848 0.76 0.671 0.618 0.583 0.53 0.495 0.442 0.442 0.389 0.318
1.042 1.184 3.392 1.166 1.06 0.954 0.83 0.707 0.654 0.618 0.565 0.636 0.477 0.442 0.406 0.318
0.919 1.042 1.201 3.074 1.166 1.042 0.901 0.76 0.707 0.636 0.583 0.565 0.477 0.442 0.406 0.318
0.866 0.954 1.06 1.184 3.392 1.166 1.007 0.83 0.742 0.671 0.618 0.601 0.477 0.477 0.406 0.318
0.795 0.848 0.954 1.042 1.184 3.392 1.166 0.919 0.83 0.742 0.654 0.583 0.512 0.495 0.424 0.336
0.742 0.777 0.848 0.919 1.025 1.184 3.498 1.078 0.954 0.848 0.742 0.601 0.565 0.53 0.442 0.336
0.689 0.671 0.724 0.76 0.83 0.883 1.06 3.498 1.184 1.042 0.883 0.654 0.636 0.601 0.495 0.336
0.654 0.618 0.654 0.707 0.742 0.813 0.936 1.201 2.968 1.272 1.078 0.707 0.742 0.671 0.548 0.336
0.618 0.583 0.618 0.636 0.689 0.742 0.83 1.042 1.29 3.286 1.254 0.76 0.848 0.742 0.601 0.353
0.618 0.548 0.565 0.583 0.618 0.654 0.742 0.901 1.078 1.29 3.286 0.83 0.954 0.866 0.636 0.353
1.36 0.477 0.548 0.495 0.548 0.512 0.53 0.583 0.671 0.742 0.83 42.189 0.707 0.636 0.512 0.406
0.477 0.477 0.495 0.477 0.512 0.53 0.583 0.654 0.76 0.866 0.954 0.742 2.968 1.06 0.777 0.424
0.459 0.442 0.459 0.477 0.477 0.495 0.512 0.618 0.689 0.795 0.866 0.654 1.042 3.286 0.936 0.389
0.406 0.406 0.406 0.406 0.424 0.424 0.442 0.495 0.565 0.601 0.654 0.53 0.777 0.936 2.968 0.442
0.353 0.336 0.318 0.318 0.336 0.336 0.318 0.336 0.336 0.336 0.336 0.459 0.406 0.371 0.424 22.578