22.609 0.637 0.619 0.513 0.495 0.46 0.425 0.407 0.372 0.372 0.389 1.716 0.283 0.283 0.248 0.212 
0.637 2.335 0.672 0.619 0.548 0.478 0.442 0.407 0.372 0.372 0.336 0.265 0.265 0.265 0.248 0.195 
0.619 0.69 2.866 0.725 0.619 0.566 0.495 0.442 0.407 0.372 0.354 0.389 0.283 0.265 0.248 0.195 
0.531 0.619 0.725 2.76 0.725 0.637 0.566 0.495 0.442 0.407 0.372 0.336 0.301 0.283 0.248 0.195 
0.513 0.548 0.619 0.725 3.184 0.725 0.619 0.548 0.478 0.425 0.372 0.425 0.301 0.283 0.248 0.195 
0.46 0.495 0.584 0.619 0.725 2.76 0.708 0.601 0.513 0.442 0.407 0.336 0.301 0.301 0.265 0.212 
0.442 0.478 0.513 0.584 0.637 0.725 2.972 0.708 0.584 0.495 0.46 0.354 0.336 0.318 0.283 0.195 
0.442 0.407 0.478 0.513 0.566 0.619 0.69 3.184 0.708 0.584 0.513 0.372 0.354 0.336 0.283 0.195 
0.407 0.407 0.442 0.46 0.495 0.513 0.584 0.725 2.654 0.672 0.584 0.389 0.407 0.372 0.301 0.195 
0.389 0.372 0.407 0.407 0.442 0.478 0.495 0.566 0.672 3.078 0.672 0.425 0.442 0.407 0.336 0.195 
0.407 0.336 0.372 0.389 0.407 0.425 0.442 0.513 0.601 0.69 2.866 0.495 0.513 0.442 0.372 0.212 
1.309 0.283 0.354 0.318 0.372 0.318 0.318 0.354 0.372 0.389 0.495 42.245 0.425 0.372 0.301 0.248 
0.265 0.301 0.318 0.301 0.336 0.336 0.336 0.354 0.389 0.442 0.531 0.442 2.547 0.619 0.478 0.265 
0.283 0.301 0.301 0.301 0.301 0.301 0.301 0.336 0.372 0.407 0.46 0.389 0.619 2.76 0.619 0.265 
0.265 0.265 0.283 0.265 0.265 0.265 0.265 0.301 0.301 0.336 0.372 0.318 0.478 0.619 2.547 0.301 
0.23 0.23 0.195 0.195 0.195 0.212 0.195 0.195 0.195 0.195 0.195 0.301 0.265 0.248 0.301 23.458 