9.553 1.415 1.291 1.061 0.991 0.831 0.725 0.637 0.601 0.531 0.495 1.026 0.407 0.354 0.354 0.283
1.433 3.29 1.433 1.168 1.026 0.849 0.743 0.619 0.548 0.495 0.46 0.531 0.372 0.336 0.336 0.301
1.274 1.468 3.503 1.327 1.115 0.92 0.778 0.655 0.601 0.513 0.478 0.637 0.389 0.354 0.336 0.265
1.061 1.168 1.344 3.29 1.327 1.026 0.867 0.708 0.619 0.566 0.495 0.584 0.407 0.372 0.336 0.265
0.991 1.044 1.097 1.309 3.503 1.115 0.938 0.761 0.672 0.601 0.531 0.601 0.407 0.389 0.336 0.283
0.814 0.849 0.92 1.026 1.15 3.397 1.115 0.867 0.761 0.655 0.584 0.548 0.442 0.389 0.336 0.301
0.743 0.743 0.796 0.867 0.938 1.132 3.29 0.973 0.849 0.708 0.619 0.566 0.478 0.425 0.372 0.283
0.637 0.619 0.655 0.708 0.743 0.867 0.991 3.29 1.044 0.867 0.743 0.566 0.513 0.46 0.389 0.283
0.566 0.566 0.584 0.619 0.672 0.743 0.831 1.061 2.76 0.955 0.814 0.601 0.566 0.495 0.407 0.283
0.531 0.495 0.513 0.566 0.601 0.655 0.708 0.867 0.973 2.866 0.902 0.619 0.619 0.531 0.425 0.283
0.495 0.478 0.478 0.495 0.513 0.601 0.637 0.743 0.814 0.92 2.76 0.601 0.655 0.601 0.46 0.301
0.831 0.495 0.548 0.495 0.531 0.495 0.495 0.548 0.548 0.566 0.601 42.245 0.513 0.442 0.354 0.354
0.389 0.372 0.389 0.407 0.407 0.442 0.478 0.531 0.584 0.601 0.655 0.513 2.335 0.655 0.513 0.336
0.354 0.354 0.354 0.372 0.372 0.407 0.425 0.478 0.495 0.531 0.584 0.46 0.637 2.547 0.566 0.318
0.336 0.336 0.318 0.336 0.336 0.354 0.372 0.389 0.407 0.425 0.46 0.372 0.513 0.584 2.017 0.336
0.301 0.301 0.265 0.265 0.265 0.301 0.283 0.283 0.283 0.283 0.283 0.389 0.336 0.301 0.336 21.229
