23.638 0.972 0.92 0.848 0.831 0.761 0.69 0.655 0.584 0.548 0.548 1.946 0.425 0.372 0.354 0.283
0.989 2.862 1.008 0.954 0.885 0.814 0.743 0.637 0.584 0.566 0.513 0.425 0.407 0.372 0.336 0.283
0.919 0.989 3.286 1.078 0.991 0.885 0.814 0.708 0.655 0.601 0.548 0.584 0.442 0.407 0.336 0.265
0.813 0.883 1.026 3.184 1.097 0.991 0.885 0.778 0.708 0.619 0.584 0.531 0.442 0.407 0.354 0.265
0.777 0.795 0.902 1.078 3.71 1.097 0.955 0.849 0.743 0.672 0.619 0.601 0.478 0.425 0.354 0.265
0.689 0.724 0.814 0.954 1.097 3.29 1.044 0.92 0.814 0.743 0.655 0.531 0.495 0.442 0.372 0.283
0.636 0.654 0.708 0.848 0.973 1.061 3.29 0.991 0.885 0.778 0.672 0.531 0.513 0.442 0.372 0.283
0.618 0.583 0.619 0.777 0.849 0.92 0.991 3.503 0.973 0.867 0.743 0.566 0.531 0.478 0.389 0.265
0.53 0.512 0.584 0.671 0.778 0.814 0.885 0.991 2.866 0.955 0.814 0.566 0.584 0.495 0.407 0.265
0.477 0.477 0.513 0.618 0.69 0.743 0.778 0.867 0.955 3.503 0.902 0.584 0.619 0.531 0.442 0.283
0.477 0.442 0.478 0.583 0.619 0.655 0.69 0.743 0.814 0.938 2.972 0.619 0.655 0.584 0.442 0.283
1.431 0.371 0.425 0.442 0.548 0.478 0.478 0.513 0.513 0.548 0.601 42.245 0.531 0.46 0.354 0.318
0.318 0.353 0.354 0.442 0.478 0.478 0.513 0.531 0.584 0.619 0.672 0.548 2.76 0.725 0.548 0.354
0.318 0.318 0.336 0.389 0.442 0.442 0.46 0.478 0.513 0.548 0.584 0.478 0.725 2.866 0.655 0.318
0.265 0.265 0.265 0.336 0.372 0.372 0.372 0.372 0.407 0.442 0.478 0.372 0.548 0.655 2.441 0.372
0.212 0.194 0.177 0.23 0.265 0.265 0.265 0.265 0.265 0.265 0.265 0.354 0.336 0.301 0.372 24.095