23.32 0.936 0.919 0.795 0.76 0.689 0.618 0.583 0.53 0.512 0.477 1.89 0.353 0.318 0.283 0.247 
0.972 2.862 1.042 0.919 0.83 0.742 0.671 0.618 0.548 0.495 0.459 0.371 0.353 0.318 0.301 0.23 
0.919 1.042 3.286 1.06 0.936 0.848 0.742 0.671 0.601 0.548 0.495 0.53 0.371 0.336 0.301 0.23 
0.813 0.919 1.06 3.18 1.042 0.919 0.813 0.724 0.636 0.583 0.512 0.459 0.371 0.336 0.301 0.23 
0.777 0.83 0.954 1.06 3.604 1.007 0.883 0.76 0.671 0.618 0.548 0.565 0.371 0.336 0.301 0.23 
0.671 0.742 0.848 0.919 1.025 3.074 0.954 0.813 0.724 0.636 0.565 0.477 0.406 0.353 0.301 0.247 
0.618 0.671 0.742 0.813 0.883 0.972 3.18 0.919 0.777 0.689 0.618 0.477 0.424 0.371 0.336 0.23 
0.618 0.601 0.671 0.724 0.777 0.813 0.919 3.392 0.883 0.76 0.654 0.495 0.442 0.389 0.336 0.23 
0.548 0.548 0.601 0.636 0.671 0.724 0.777 0.883 2.756 0.848 0.724 0.495 0.477 0.406 0.336 0.23 
0.495 0.495 0.548 0.583 0.601 0.636 0.671 0.76 0.866 3.286 0.813 0.512 0.512 0.442 0.372 0.23 
0.495 0.459 0.495 0.512 0.548 0.583 0.601 0.654 0.724 0.795 2.968 0.565 0.583 0.477 0.407 0.23 
1.431 0.389 0.442 0.389 0.495 0.424 0.424 0.442 0.459 0.477 0.548 42.189 0.459 0.389 0.301 0.283 
0.336 0.353 0.371 0.389 0.406 0.424 0.424 0.459 0.477 0.53 0.583 0.477 2.65 0.618 0.46 0.3 
0.318 0.336 0.336 0.353 0.353 0.371 0.371 0.406 0.424 0.459 0.477 0.389 0.618 2.756 0.584 0.283 
0.283 0.3 0.3 0.3 0.3 0.3 0.318 0.336 0.353 0.371 0.389 0.318 0.442 0.583 2.441 0.336 
0.247 0.23 0.23 0.23 0.23 0.23 0.23 0.23 0.23 0.23 0.23 0.318 0.3 0.265 0.318 24.062 