23.638 0.989 0.936 0.813 0.76 0.689 0.636 0.601 0.548 0.513 0.478 1.893 0.353 0.336 0.265 0.23 
1.007 2.862 1.007 0.901 0.813 0.724 0.654 0.601 0.548 0.495 0.46 0.372 0.353 0.336 0.265 0.212 
0.936 1.007 3.286 1.042 0.919 0.813 0.742 0.654 0.583 0.548 0.495 0.513 0.371 0.336 0.283 0.195 
0.83 0.901 1.042 3.18 1.042 0.919 0.813 0.707 0.636 0.584 0.513 0.478 0.389 0.336 0.283 0.195 
0.777 0.813 0.919 1.042 3.604 1.025 0.883 0.777 0.689 0.619 0.566 0.584 0.406 0.372 0.3 0.195 
0.707 0.742 0.813 0.919 1.042 3.074 0.972 0.848 0.742 0.672 0.601 0.478 0.424 0.372 0.3 0.212 
0.654 0.671 0.742 0.813 0.883 0.989 3.18 0.919 0.813 0.725 0.619 0.495 0.442 0.372 0.3 0.195 
0.618 0.601 0.636 0.707 0.777 0.848 0.936 3.392 0.919 0.778 0.708 0.495 0.477 0.407 0.336 0.212 
0.565 0.53 0.583 0.618 0.689 0.742 0.813 0.919 2.756 0.885 0.743 0.495 0.495 0.442 0.336 0.212 
0.495 0.495 0.548 0.583 0.618 0.654 0.724 0.777 0.883 3.397 0.831 0.531 0.548 0.478 0.353 0.212 
0.495 0.459 0.477 0.512 0.565 0.583 0.618 0.689 0.742 0.831 2.968 0.584 0.601 0.513 0.371 0.212 
1.413 0.389 0.442 0.406 0.495 0.424 0.424 0.459 0.477 0.495 0.548 42.245 0.477 0.389 0.3 0.248 
0.336 0.353 0.371 0.389 0.406 0.424 0.459 0.477 0.512 0.566 0.601 0.495 2.654 0.655 0.459 0.265 
0.336 0.336 0.336 0.353 0.371 0.371 0.389 0.424 0.442 0.478 0.513 0.425 0.654 2.972 0.583 0.265 
0.283 0.283 0.283 0.3 0.3 0.3 0.3 0.336 0.336 0.354 0.372 0.318 0.477 0.584 2.654 0.301 
0.23 0.194 0.194 0.194 0.194 0.212 0.194 0.194 0.194 0.195 0.195 0.301 0.265 0.23 0.3 23.776