23.638 0.954 0.919 0.813 0.761 0.671 0.618 0.583 0.531 0.495 0.477 1.873 0.354 0.336 0.265 0.248 
0.972 2.862 1.007 0.901 0.814 0.742 0.654 0.601 0.548 0.495 0.442 0.371 0.354 0.318 0.3 0.23 
0.919 1.007 3.286 1.042 0.92 0.83 0.742 0.654 0.601 0.548 0.495 0.512 0.372 0.336 0.283 0.212 
0.813 0.901 1.06 3.18 1.044 0.919 0.813 0.707 0.637 0.584 0.512 0.459 0.372 0.353 0.3 0.212 
0.76 0.813 0.919 1.06 3.604 1.025 0.883 0.777 0.672 0.619 0.548 0.565 0.407 0.353 0.3 0.212 
0.707 0.742 0.83 0.919 1.026 3.074 0.954 0.83 0.743 0.655 0.583 0.477 0.407 0.371 0.3 0.23 
0.636 0.654 0.742 0.813 0.885 0.954 3.074 0.919 0.796 0.708 0.618 0.495 0.442 0.371 0.3 0.23 
0.618 0.583 0.654 0.707 0.778 0.83 0.919 3.397 0.885 0.778 0.654 0.495 0.46 0.406 0.336 0.23 
0.53 0.548 0.601 0.618 0.672 0.742 0.777 0.901 2.756 0.885 0.742 0.495 0.495 0.424 0.336 0.23 
0.495 0.495 0.548 0.583 0.619 0.636 0.689 0.777 0.885 3.286 0.813 0.512 0.513 0.459 0.353 0.23 
0.477 0.442 0.495 0.512 0.548 0.583 0.618 0.671 0.725 0.814 2.972 0.583 0.584 0.495 0.371 0.23 
1.413 0.389 0.424 0.389 0.495 0.406 0.424 0.459 0.478 0.495 0.548 42.189 0.478 0.389 0.3 0.283 
0.336 0.353 0.371 0.389 0.407 0.406 0.424 0.459 0.495 0.531 0.601 0.495 2.65 0.618 0.459 0.301 
0.318 0.336 0.336 0.353 0.354 0.371 0.371 0.406 0.425 0.46 0.495 0.406 0.619 2.76 0.583 0.265 
0.283 0.3 0.3 0.3 0.301 0.3 0.3 0.336 0.336 0.354 0.371 0.318 0.46 0.583 2.438 0.318 
0.247 0.23 0.212 0.212 0.195 0.23 0.212 0.212 0.212 0.212 0.23 0.318 0.283 0.265 0.318 23.776 