21.412 0.972 0.901 0.795 0.813 0.742 0.707 0.671 0.636 0.601 0.601 1.696 0.477 0.442 0.389 0.353
0.972 2.65 0.972 0.883 0.866 0.795 0.707 0.654 0.583 0.548 0.512 0.424 0.424 0.389 0.371 0.336
0.954 1.042 3.18 0.989 0.954 0.848 0.777 0.707 0.636 0.601 0.548 0.618 0.442 0.406 0.371 0.336
0.848 0.936 1.007 2.968 1.06 0.954 0.848 0.76 0.689 0.636 0.583 0.565 0.477 0.442 0.371 0.336
0.813 0.866 0.883 1.025 3.18 1.095 0.954 0.83 0.742 0.689 0.618 0.601 0.495 0.442 0.389 0.336
0.76 0.795 0.813 0.883 1.113 3.074 1.095 0.919 0.83 0.742 0.671 0.548 0.512 0.477 0.406 0.336
0.724 0.724 0.742 0.813 0.954 1.131 3.392 1.095 0.936 0.848 0.742 0.601 0.565 0.495 0.406 0.336
0.671 0.654 0.654 0.707 0.848 0.919 1.078 3.604 1.166 1.042 0.901 0.636 0.636 0.548 0.442 0.336
0.636 0.618 0.601 0.636 0.777 0.83 0.919 1.201 2.968 1.184 1.025 0.689 0.707 0.601 0.477 0.336
0.618 0.583 0.548 0.601 0.707 0.742 0.83 1.042 1.201 3.18 1.148 0.724 0.777 0.654 0.495 0.336
0.618 0.53 0.512 0.548 0.618 0.671 0.742 0.901 1.025 1.184 3.286 0.777 0.848 0.707 0.53 0.371
1.272 0.442 0.477 0.442 0.512 0.495 0.512 0.583 0.636 0.689 0.76 42.189 0.654 0.548 0.424 0.371
0.459 0.424 0.389 0.424 0.512 0.512 0.548 0.636 0.724 0.795 0.866 0.689 2.862 0.866 0.618 0.406
0.424 0.406 0.371 0.371 0.442 0.477 0.495 0.565 0.618 0.654 0.724 0.583 0.866 2.862 0.707 0.371
0.371 0.371 0.336 0.336 0.406 0.406 0.406 0.442 0.477 0.495 0.548 0.459 0.618 0.707 2.332 0.406
0.353 0.336 0.265 0.265 0.336 0.336 0.3 0.336 0.336 0.336 0.336 0.424 0.371 0.371 0.406 22.366