22.260 0.919 0.919 0.795 0.777 0.707 0.671 0.654 0.636 0.601 0.565 1.643 0.477 0.459 0.442 0.353
0.954 2.650 0.954 0.883 0.813 0.760 0.707 0.671 0.618 0.583 0.512 0.442 0.459 0.442 0.442 0.336
0.919 0.972 3.074 0.989 0.901 0.830 0.742 0.707 0.671 0.618 0.548 0.583 0.477 0.442 0.442 0.336
0.830 0.883 1.007 2.968 1.025 0.901 0.830 0.777 0.724 0.636 0.583 0.530 0.477 0.442 0.442 0.336
0.795 0.813 0.901 1.042 3.286 0.989 0.901 0.830 0.760 0.671 0.583 0.583 0.477 0.442 0.424 0.336
0.724 0.760 0.830 0.919 1.007 2.968 0.972 0.883 0.813 0.742 0.618 0.512 0.495 0.459 0.424 0.336
0.671 0.689 0.760 0.813 0.883 0.972 3.074 0.954 0.883 0.777 0.671 0.512 0.512 0.477 0.442 0.336
0.654 0.636 0.689 0.742 0.795 0.866 0.954 3.180 0.989 0.848 0.724 0.565 0.548 0.477 0.442 0.336
0.618 0.601 0.636 0.689 0.742 0.777 0.848 1.007 2.760 0.972 0.813 0.565 0.583 0.512 0.442 0.336
0.583 0.565 0.601 0.618 0.671 0.707 0.777 0.883 1.025 2.968 0.936 0.601 0.636 0.548 0.477 0.336
0.565 0.512 0.548 0.583 0.583 0.618 0.671 0.742 0.848 0.972 2.968 0.671 0.724 0.618 0.495 0.336
1.254 0.442 0.512 0.459 0.495 0.459 0.477 0.512 0.548 0.583 0.671 42.189 0.601 0.495 0.389 0.353
0.459 0.459 0.477 0.477 0.477 0.495 0.512 0.583 0.636 0.654 0.742 0.618 2.866 0.795 0.583 0.389
0.459 0.459 0.459 0.477 0.477 0.477 0.477 0.512 0.548 0.583 0.618 0.530 0.795 2.862 0.671 0.371
0.442 0.424 0.424 0.442 0.406 0.406 0.442 0.442 0.477 0.477 0.495 0.424 0.583 0.671 2.332 0.389
0.353 0.318 0.300 0.300 0.300 0.300 0.300 0.336 0.336 0.336 0.300 0.389 0.371 0.336 0.389 22.366
