19.61 1.625 1.608 1.413 1.325 1.185 1.079 0.973 0.867 0.761 0.708 1.943 0.478 0.425 0.354 0.318
1.643 3.604 1.89 1.678 1.484 1.327 1.168 0.991 0.885 0.778 0.637 0.707 0.46 0.407 0.336 0.301
1.608 1.89 4.028 1.89 1.678 1.504 1.309 1.097 0.955 0.831 0.708 0.901 0.478 0.407 0.336 0.283
1.413 1.678 1.908 3.927 1.837 1.645 1.398 1.15 1.008 0.867 0.743 0.83 0.495 0.442 0.354 0.265
1.325 1.502 1.696 1.837 4.028 1.734 1.504 1.221 1.079 0.92 0.761 0.848 0.495 0.442 0.354 0.301
1.201 1.343 1.484 1.625 1.731 3.821 1.645 1.309 1.115 0.973 0.814 0.777 0.531 0.46 0.372 0.301
1.095 1.166 1.307 1.413 1.484 1.628 3.604 1.468 1.238 1.044 0.885 0.76 0.566 0.478 0.372 0.283
0.972 0.972 1.095 1.148 1.219 1.291 1.468 3.927 1.486 1.221 0.973 0.777 0.601 0.531 0.372 0.283
0.866 0.866 0.954 0.989 1.042 1.097 1.221 1.468 3.184 1.38 1.097 0.777 0.655 0.566 0.407 0.283
0.76 0.76 0.813 0.866 0.901 0.955 1.044 1.203 1.398 3.503 1.291 0.795 0.743 0.619 0.442 0.283
0.707 0.654 0.707 0.724 0.777 0.796 0.867 0.991 1.097 1.309 3.29 0.83 0.831 0.672 0.478 0.301
1.519 0.636 0.724 0.671 0.707 0.672 0.672 0.69 0.725 0.743 0.796 42.245 0.655 0.548 0.389 0.372
0.424 0.459 0.477 0.495 0.495 0.513 0.548 0.619 0.672 0.743 0.831 0.671 2.972 0.814 0.548 0.336
0.442 0.406 0.424 0.442 0.442 0.442 0.478 0.513 0.584 0.619 0.672 0.548 0.831 3.29 0.619 0.318
0.353 0.336 0.336 0.336 0.336 0.336 0.372 0.372 0.407 0.442 0.478 0.406 0.531 0.619 3.078 0.372
0.3 0.283 0.265 0.265 0.265 0.265 0.265 0.265 0.283 0.283 0.283 0.406 0.336 0.301 0.354 21.759