20.034 1.29 1.237 1.113 1.06 0.972 0.883 0.813 0.76 0.707 0.689 1.908 0.583 0.53 0.495 0.424
1.29 3.18 1.431 1.29 1.166 1.06 0.936 0.795 0.76 0.707 0.636 0.636 0.548 0.477 0.477 0.389
1.237 1.431 3.604 1.449 1.29 1.148 1.025 0.883 0.795 0.742 0.689 0.813 0.583 0.512 0.477 0.371
1.113 1.272 1.449 3.498 1.413 1.254 1.078 0.919 0.83 0.777 0.707 0.724 0.583 0.512 0.477 0.371
1.06 1.148 1.272 1.431 3.604 1.325 1.113 0.954 0.883 0.813 0.742 0.742 0.583 0.512 0.495 0.371
0.936 1.042 1.148 1.237 1.343 3.286 1.219 1.007 0.919 0.83 0.742 0.689 0.601 0.548 0.495 0.406
0.883 0.919 1.007 1.06 1.148 1.219 3.074 1.095 0.972 0.883 0.813 0.689 0.618 0.565 0.512 0.371
0.813 0.795 0.883 0.919 0.972 1.025 1.148 3.392 1.113 0.972 0.883 0.707 0.671 0.601 0.548 0.389
0.742 0.742 0.777 0.848 0.883 0.919 0.989 1.131 2.756 1.095 0.972 0.724 0.724 0.618 0.565 0.389
0.707 0.689 0.724 0.777 0.813 0.848 0.883 0.989 1.095 3.074 1.095 0.76 0.795 0.707 0.618 0.389
0.689 0.636 0.671 0.707 0.742 0.76 0.813 0.883 0.954 1.095 3.074 0.777 0.883 0.777 0.671 0.406
1.537 0.601 0.689 0.636 0.671 0.618 0.618 0.636 0.671 0.707 0.76 42.189 0.671 0.583 0.512 0.477
0.512 0.548 0.565 0.583 0.601 0.618 0.618 0.654 0.724 0.795 0.883 0.707 2.862 0.936 0.795 0.459
0.548 0.512 0.53 0.548 0.565 0.583 0.618 0.618 0.689 0.742 0.83 0.636 1.007 2.968 0.919 0.459
0.495 0.477 0.495 0.495 0.512 0.512 0.548 0.565 0.601 0.618 0.689 0.583 0.813 0.919 2.756 0.477
0.424 0.389 0.389 0.389 0.389 0.406 0.389 0.389 0.389 0.389 0.406 0.548 0.477 0.424 0.477 22.578
