21.73 1.06 1.042 0.936 0.901 0.83 0.795 0.76 0.724 0.671 0.671 1.696 0.565 0.53 0.495 0.371
1.095 2.862 1.113 1.042 0.954 0.883 0.813 0.742 0.707 0.654 0.618 0.548 0.512 0.495 0.459 0.336
1.06 1.166 3.286 1.113 1.042 0.954 0.848 0.795 0.742 0.689 0.654 0.671 0.53 0.512 0.459 0.336
0.954 1.042 1.131 3.074 1.113 1.042 0.919 0.83 0.777 0.742 0.671 0.618 0.548 0.53 0.477 0.336
0.901 0.954 1.042 1.131 3.392 1.095 0.972 0.901 0.83 0.777 0.707 0.671 0.583 0.565 0.477 0.336
0.83 0.866 0.919 0.989 1.131 3.18 1.095 0.972 0.883 0.83 0.777 0.618 0.601 0.583 0.495 0.353
0.777 0.777 0.83 0.883 0.972 1.131 3.286 1.148 1.007 0.936 0.848 0.671 0.654 0.618 0.548 0.353
0.742 0.707 0.76 0.813 0.883 0.972 1.166 3.392 1.184 1.078 0.954 0.724 0.724 0.707 0.583 0.336
0.707 0.671 0.707 0.742 0.813 0.883 1.007 1.201 2.968 1.219 1.095 0.76 0.813 0.777 0.618 0.371
0.671 0.636 0.654 0.707 0.742 0.83 0.919 1.06 1.219 3.286 1.237 0.813 0.883 0.848 0.689 0.371
0.654 0.601 0.618 0.654 0.707 0.777 0.848 0.972 1.095 1.237 3.286 0.883 0.989 0.919 0.742 0.371
1.307 0.495 0.548 0.512 0.583 0.548 0.583 0.654 0.707 0.742 0.866 42.189 0.76 0.707 0.565 0.424
0.495 0.495 0.495 0.512 0.548 0.601 0.636 0.724 0.795 0.901 0.989 0.813 3.074 1.131 0.866 0.442
0.512 0.477 0.495 0.512 0.548 0.583 0.618 0.689 0.76 0.848 0.936 0.76 1.148 3.286 0.989 0.424
0.459 0.442 0.424 0.442 0.477 0.495 0.53 0.583 0.618 0.671 0.742 0.618 0.883 1.007 3.074 0.459
0.336 0.318 0.283 0.3 0.3 0.336 0.336 0.336 0.336 0.353 0.353 0.442 0.424 0.406 0.459 22.79