20.061 0.761 0.708 0.619 0.601 0.566 0.531 0.548 0.513 0.478 0.478 1.592 0.407 0.389 0.354 0.283
0.778 2.441 0.778 0.708 0.637 0.601 0.566 0.531 0.495 0.495 0.46 0.389 0.389 0.372 0.372 0.265
0.708 0.778 2.76 0.814 0.708 0.672 0.619 0.601 0.566 0.513 0.495 0.513 0.407 0.389 0.372 0.265
0.655 0.708 0.831 2.654 0.814 0.743 0.672 0.619 0.601 0.566 0.495 0.46 0.442 0.425 0.389 0.283
0.619 0.655 0.743 0.849 2.866 0.831 0.743 0.69 0.655 0.601 0.566 0.513 0.46 0.442 0.407 0.265
0.601 0.601 0.69 0.743 0.814 2.76 0.831 0.761 0.708 0.655 0.601 0.478 0.495 0.478 0.442 0.301
0.566 0.566 0.637 0.672 0.725 0.849 2.654 0.831 0.761 0.69 0.637 0.495 0.531 0.495 0.46 0.301
0.531 0.513 0.601 0.637 0.672 0.743 0.849 2.76 0.831 0.761 0.69 0.513 0.566 0.531 0.495 0.301
0.495 0.495 0.566 0.601 0.601 0.672 0.743 0.849 2.441 0.814 0.725 0.531 0.601 0.566 0.495 0.301
0.495 0.478 0.513 0.531 0.566 0.619 0.672 0.743 0.814 2.654 0.778 0.548 0.619 0.601 0.531 0.301
0.478 0.425 0.478 0.495 0.495 0.584 0.619 0.69 0.743 0.796 2.547 0.566 0.672 0.619 0.566 0.301
1.256 0.354 0.442 0.389 0.425 0.407 0.442 0.478 0.478 0.513 0.548 42.245 0.513 0.478 0.407 0.301
0.372 0.372 0.407 0.407 0.407 0.478 0.495 0.548 0.584 0.619 0.655 0.531 2.547 0.69 0.619 0.354
0.372 0.354 0.389 0.407 0.407 0.442 0.478 0.531 0.548 0.584 0.619 0.495 0.725 2.654 0.672 0.336
0.354 0.336 0.354 0.372 0.354 0.389 0.425 0.46 0.478 0.495 0.531 0.425 0.601 0.655 2.229 0.372
0.265 0.23 0.248 0.23 0.212 0.23 0.248 0.265 0.265 0.283 0.283 0.336 0.336 0.318 0.354 22.396