20.246 1.449 1.413 1.237 1.166 1.042 0.936 0.848 0.724 0.671 0.654 1.767 0.512 0.459 0.389 0.318
1.484 3.392 1.661 1.466 1.325 1.166 1.025 0.848 0.724 0.654 0.583 0.618 0.459 0.406 0.371 0.3
1.431 1.678 3.816 1.643 1.449 1.272 1.095 0.919 0.777 0.707 0.618 0.76 0.477 0.442 0.371 0.283
1.254 1.466 1.661 3.71 1.572 1.378 1.219 0.972 0.83 0.742 0.671 0.707 0.512 0.442 0.371 0.283
1.184 1.307 1.449 1.608 4.134 1.484 1.307 1.042 0.883 0.813 0.707 0.742 0.512 0.477 0.371 0.3
1.042 1.148 1.272 1.378 1.519 3.392 1.413 1.148 0.954 0.848 0.742 0.689 0.548 0.477 0.406 0.3
0.954 1.025 1.095 1.166 1.29 1.449 3.286 1.272 1.007 0.919 0.813 0.671 0.583 0.495 0.406 0.283
0.866 0.848 0.919 0.972 1.06 1.148 1.307 3.816 1.201 1.042 0.883 0.707 0.618 0.565 0.442 0.3
0.742 0.742 0.777 0.848 0.883 0.954 1.042 1.219 3.074 1.219 1.042 0.724 0.707 0.618 0.477 0.3
0.707 0.671 0.707 0.742 0.813 0.848 0.919 1.06 1.237 3.286 1.166 0.76 0.777 0.671 0.512 0.3
0.689 0.618 0.654 0.671 0.707 0.777 0.813 0.919 1.042 1.184 3.18 0.813 0.883 0.777 0.565 0.3
1.396 0.601 0.636 0.618 0.636 0.601 0.601 0.636 0.671 0.724 0.777 42.189 0.671 0.583 0.459 0.371
0.477 0.477 0.495 0.495 0.53 0.548 0.583 0.618 0.689 0.795 0.883 0.707 2.968 1.025 0.724 0.371
0.477 0.442 0.459 0.477 0.495 0.512 0.548 0.583 0.618 0.707 0.76 0.618 1.042 3.286 0.883 0.371
0.424 0.406 0.389 0.406 0.406 0.442 0.442 0.477 0.495 0.53 0.583 0.495 0.742 0.919 3.18 0.406
0.353 0.336 0.318 0.3 0.318 0.336 0.318 0.3 0.3 0.318 0.318 0.442 0.389 0.371 0.424 22.472