21.942 1.007 0.989 0.901 0.866 0.83 0.761 0.761 0.707 0.672 0.655 1.787 0.531 0.495 0.46 0.354
1.025 2.756 1.078 0.989 0.936 0.883 0.796 0.743 0.707 0.655 0.619 0.513 0.495 0.478 0.425 0.318
1.007 1.078 3.18 1.095 1.025 0.954 0.849 0.796 0.742 0.708 0.637 0.655 0.513 0.495 0.442 0.318
0.919 1.007 1.113 3.074 1.095 1.025 0.92 0.849 0.777 0.725 0.672 0.601 0.531 0.495 0.442 0.318
0.901 0.936 1.025 1.131 3.397 1.131 1.008 0.92 0.83 0.778 0.708 0.655 0.566 0.531 0.478 0.318
0.83 0.883 0.954 1.025 1.166 3.397 1.15 1.008 0.919 0.849 0.778 0.601 0.601 0.566 0.495 0.336
0.795 0.813 0.848 0.919 1.007 1.166 3.397 1.168 1.042 0.938 0.849 0.655 0.619 0.601 0.513 0.336
0.76 0.742 0.777 0.848 0.919 1.007 1.168 3.397 1.166 1.044 0.92 0.69 0.708 0.655 0.548 0.336
0.707 0.689 0.742 0.777 0.83 0.919 1.026 1.185 2.76 1.15 1.008 0.708 0.743 0.69 0.584 0.336
0.671 0.636 0.671 0.724 0.777 0.83 0.92 1.044 1.166 3.078 1.097 0.743 0.814 0.743 0.619 0.354
0.671 0.618 0.618 0.654 0.707 0.742 0.831 0.92 1.025 1.132 3.184 0.778 0.867 0.778 0.637 0.336
1.378 0.495 0.583 0.512 0.583 0.548 0.584 0.619 0.654 0.69 0.761 42.245 0.672 0.584 0.495 0.407
0.495 0.512 0.495 0.53 0.548 0.583 0.637 0.69 0.76 0.814 0.885 0.69 2.866 0.938 0.743 0.407
0.495 0.477 0.495 0.495 0.512 0.548 0.584 0.637 0.689 0.743 0.796 0.637 0.938 2.866 0.849 0.389
0.442 0.442 0.424 0.442 0.459 0.477 0.495 0.548 0.583 0.619 0.655 0.513 0.743 0.867 2.547 0.425
0.336 0.3 0.3 0.3 0.3 0.3 0.301 0.336 0.336 0.336 0.336 0.442 0.389 0.372 0.425 22.396