25.016 0.742 0.724 0.618 0.636 0.583 0.548 0.531 0.478 0.477 0.478 1.911 0.372 0.354 0.318 0.212
0.76 2.438 0.777 0.707 0.654 0.618 0.583 0.531 0.478 0.477 0.442 0.354 0.354 0.336 0.3 0.212
0.724 0.777 2.862 0.795 0.724 0.654 0.618 0.584 0.513 0.495 0.46 0.495 0.372 0.336 0.3 0.195
0.636 0.707 0.795 2.756 0.795 0.707 0.654 0.601 0.548 0.495 0.478 0.425 0.372 0.354 0.318 0.195
0.636 0.671 0.742 0.795 3.18 0.777 0.707 0.619 0.584 0.53 0.495 0.495 0.372 0.372 0.318 0.195
0.583 0.618 0.671 0.707 0.777 2.65 0.742 0.672 0.619 0.565 0.513 0.425 0.407 0.372 0.336 0.212
0.565 0.583 0.618 0.654 0.707 0.76 2.862 0.743 0.655 0.601 0.566 0.425 0.425 0.407 0.336 0.195
0.548 0.53 0.583 0.601 0.618 0.671 0.742 3.18 0.743 0.671 0.601 0.46 0.442 0.407 0.353 0.195
0.495 0.495 0.53 0.565 0.583 0.618 0.654 0.743 2.441 0.742 0.655 0.46 0.495 0.442 0.371 0.195
0.495 0.477 0.495 0.512 0.548 0.565 0.601 0.655 0.761 2.756 0.743 0.495 0.513 0.478 0.406 0.195
0.477 0.442 0.477 0.495 0.495 0.512 0.565 0.601 0.655 0.742 2.76 0.531 0.584 0.513 0.424 0.195
1.431 0.353 0.424 0.389 0.442 0.389 0.389 0.425 0.442 0.477 0.531 42.245 0.46 0.425 0.353 0.265
0.353 0.371 0.371 0.371 0.406 0.406 0.424 0.442 0.478 0.53 0.584 0.478 2.544 0.637 0.512 0.265
0.336 0.336 0.353 0.371 0.371 0.371 0.406 0.425 0.442 0.477 0.513 0.425 0.637 2.76 0.618 0.23
0.3 0.3 0.318 0.336 0.336 0.336 0.336 0.372 0.372 0.406 0.442 0.354 0.513 0.619 2.441 0.265
0.212 0.194 0.194 0.194 0.194 0.194 0.194 0.195 0.195 0.194 0.195 0.318 0.248 0.23 0.265 27.242