22.154 0.662 0.636 0.538 0.539 0.494 0.469 0.460 0.415 0.406 0.415 1.750 0.328 0.319 0.300 0.238
0.662 2.332 0.671 0.592 0.548 0.512 0.477 0.433 0.398 0.389 0.371 0.319 0.309 0.300 0.274 0.221
0.636 0.680 2.703 0.689 0.610 0.548 0.512 0.477 0.424 0.415 0.380 0.469 0.319 0.300 0.282 0.212
0.547 0.592 0.689 2.544 0.698 0.610 0.556 0.503 0.460 0.424 0.407 0.371 0.336 0.309 0.291 0.212
0.547 0.556 0.619 0.698 2.968 0.680 0.601 0.530 0.495 0.451 0.424 0.433 0.336 0.336 0.291 0.203
0.503 0.512 0.556 0.610 0.698 2.544 0.671 0.584 0.530 0.485 0.442 0.371 0.362 0.336 0.318 0.221
0.477 0.477 0.512 0.556 0.601 0.689 2.650 0.663 0.575 0.521 0.486 0.381 0.381 0.371 0.318 0.212
0.469 0.442 0.477 0.503 0.538 0.592 0.671 2.915 0.663 0.583 0.521 0.415 0.406 0.380 0.336 0.212
0.424 0.415 0.433 0.468 0.494 0.530 0.575 0.663 2.333 0.671 0.575 0.415 0.451 0.406 0.353 0.212
0.424 0.398 0.415 0.432 0.460 0.494 0.521 0.584 0.681 2.650 0.663 0.433 0.477 0.442 0.389 0.212
0.415 0.371 0.389 0.415 0.433 0.442 0.485 0.521 0.584 0.662 2.599 0.469 0.539 0.486 0.406 0.212
1.325 0.309 0.389 0.344 0.389 0.344 0.353 0.381 0.398 0.424 0.477 42.217 0.424 0.398 0.336 0.309
0.300 0.327 0.327 0.336 0.353 0.371 0.380 0.406 0.442 0.494 0.539 0.442 2.491 0.593 0.494 0.282
0.309 0.300 0.309 0.336 0.336 0.336 0.371 0.389 0.406 0.442 0.477 0.398 0.593 2.652 0.592 0.247
0.291 0.282 0.291 0.300 0.300 0.318 0.318 0.354 0.354 0.389 0.424 0.345 0.495 0.584 2.280 0.291
0.238 0.212 0.212 0.212 0.212 0.212 0.212 0.212 0.212 0.212 0.212 0.362 0.274 0.247 0.291 24.804
