25.122 0.778 0.778 0.69 0.654 0.637 0.584 0.601 0.548 0.513 0.513 2.052 0.389 0.372 0.336 0.248
0.795 2.441 0.814 0.778 0.707 0.655 0.619 0.601 0.548 0.513 0.478 0.372 0.372 0.372 0.336 0.248
0.76 0.814 2.862 0.849 0.777 0.708 0.655 0.619 0.584 0.531 0.495 0.513 0.407 0.372 0.336 0.23
0.689 0.743 0.867 2.756 0.848 0.761 0.69 0.655 0.619 0.566 0.513 0.442 0.407 0.389 0.336 0.23
0.654 0.69 0.761 0.849 3.184 0.814 0.743 0.672 0.619 0.584 0.513 0.531 0.407 0.389 0.336 0.23
0.618 0.655 0.708 0.761 0.83 2.866 0.814 0.725 0.655 0.601 0.566 0.442 0.442 0.407 0.336 0.248
0.583 0.619 0.655 0.708 0.742 0.831 2.866 0.778 0.708 0.655 0.601 0.46 0.442 0.442 0.372 0.23
0.583 0.584 0.619 0.655 0.671 0.708 0.796 3.184 0.796 0.708 0.637 0.495 0.478 0.442 0.372 0.23
0.53 0.531 0.584 0.601 0.618 0.655 0.708 0.796 2.441 0.796 0.708 0.495 0.513 0.478 0.407 0.23
0.512 0.513 0.548 0.566 0.583 0.619 0.637 0.708 0.796 2.76 0.778 0.495 0.548 0.513 0.407 0.23
0.512 0.478 0.495 0.531 0.53 0.548 0.601 0.655 0.708 0.796 2.76 0.566 0.601 0.548 0.442 0.23
1.502 0.389 0.442 0.407 0.459 0.425 0.425 0.478 0.478 0.495 0.548 42.245 0.478 0.442 0.354 0.283
0.353 0.389 0.425 0.425 0.442 0.46 0.478 0.513 0.531 0.584 0.637 0.495 2.654 0.672 0.513 0.301
0.371 0.372 0.407 0.407 0.406 0.442 0.442 0.478 0.513 0.548 0.584 0.46 0.672 2.76 0.601 0.265
0.336 0.336 0.354 0.354 0.371 0.372 0.372 0.407 0.407 0.442 0.442 0.372 0.495 0.584 3.184 0.336
0.247 0.23 0.248 0.23 0.23 0.265 0.23 0.265 0.265 0.248 0.23 0.354 0.301 0.265 0.318 27.279