25.122 0.83 0.777 0.724 0.724 0.636 0.636 0.636 0.565 0.548 0.548 2.244 0.459 0.442 0.406 0.371
0.83 2.544 0.848 0.795 0.724 0.707 0.654 0.618 0.583 0.548 0.512 0.442 0.442 0.424 0.389 0.318
0.777 0.866 2.862 0.883 0.795 0.742 0.689 0.636 0.601 0.565 0.53 0.565 0.442 0.442 0.389 0.318
0.707 0.777 0.883 2.756 0.883 0.777 0.742 0.671 0.618 0.583 0.548 0.477 0.459 0.442 0.406 0.318
0.689 0.742 0.795 0.883 3.18 0.848 0.777 0.707 0.636 0.618 0.565 0.565 0.477 0.442 0.406 0.3
0.654 0.689 0.742 0.795 0.866 2.862 0.848 0.742 0.671 0.618 0.601 0.495 0.477 0.477 0.406 0.336
0.618 0.654 0.689 0.742 0.777 0.866 2.862 0.813 0.724 0.671 0.618 0.495 0.495 0.477 0.406 0.336
0.618 0.601 0.618 0.671 0.707 0.742 0.83 3.18 0.813 0.742 0.671 0.512 0.53 0.495 0.442 0.318
0.583 0.565 0.601 0.618 0.654 0.671 0.742 0.848 2.544 0.83 0.742 0.53 0.565 0.53 0.442 0.336
0.548 0.548 0.583 0.583 0.618 0.618 0.671 0.742 0.848 2.756 0.813 0.548 0.601 0.583 0.477 0.336
0.548 0.495 0.53 0.548 0.565 0.601 0.618 0.671 0.724 0.813 2.756 0.583 0.654 0.618 0.495 0.336
1.625 0.406 0.477 0.442 0.495 0.442 0.459 0.477 0.495 0.512 0.583 42.189 0.53 0.477 0.389 0.389
0.406 0.442 0.442 0.459 0.477 0.477 0.512 0.53 0.565 0.601 0.654 0.548 2.65 0.742 0.583 0.389
0.424 0.406 0.424 0.442 0.442 0.459 0.477 0.512 0.512 0.583 0.618 0.495 0.742 2.756 0.654 0.353
0.371 0.371 0.371 0.406 0.389 0.406 0.406 0.424 0.442 0.477 0.495 0.406 0.583 0.654 3.074 0.406
0.336 0.3 0.3 0.3 0.3 0.3 0.3 0.3 0.3 0.3 0.318 0.442 0.371 0.371 0.424 24.274