20.458 0.777 0.777 0.654 0.618 0.565 0.548 0.530 0.530 0.477 0.495 1.572 0.442 0.424 0.389 0.406
0.795 2.438 0.813 0.724 0.636 0.583 0.530 0.477 0.477 0.459 0.442 0.389 0.406 0.389 0.389 0.353
0.795 0.830 2.862 0.848 0.724 0.654 0.583 0.548 0.512 0.477 0.459 0.495 0.406 0.406 0.372 0.353
0.636 0.724 0.848 2.756 0.830 0.742 0.618 0.583 0.548 0.495 0.477 0.477 0.424 0.406 0.372 0.353
0.654 0.654 0.742 0.848 2.862 0.830 0.707 0.618 0.601 0.530 0.495 0.495 0.424 0.406 0.372 0.336
0.583 0.601 0.671 0.742 0.830 2.650 0.813 0.689 0.618 0.565 0.512 0.459 0.442 0.424 0.407 0.371
0.565 0.565 0.618 0.654 0.707 0.813 2.544 0.777 0.707 0.618 0.565 0.459 0.477 0.442 0.407 0.353
0.548 0.512 0.548 0.583 0.618 0.689 0.777 2.862 0.813 0.689 0.618 0.495 0.495 0.442 0.425 0.353
0.512 0.477 0.512 0.548 0.565 0.618 0.654 0.777 2.438 0.777 0.671 0.495 0.512 0.495 0.425 0.371
0.477 0.442 0.477 0.495 0.495 0.548 0.583 0.689 0.795 2.756 0.777 0.530 0.565 0.512 0.460 0.371
0.477 0.442 0.442 0.442 0.477 0.495 0.530 0.583 0.671 0.777 2.650 0.565 0.618 0.565 0.495 0.371
1.237 0.389 0.442 0.406 0.424 0.389 0.389 0.424 0.459 0.495 0.548 42.189 0.512 0.442 0.389 0.442
0.371 0.389 0.406 0.406 0.389 0.406 0.406 0.459 0.512 0.548 0.636 0.512 2.544 0.724 0.584 0.442
0.406 0.371 0.389 0.371 0.371 0.389 0.406 0.442 0.477 0.495 0.548 0.477 0.724 2.756 0.725 0.406
0.389 0.371 0.371 0.371 0.371 0.371 0.371 0.371 0.442 0.442 0.477 0.406 0.601 0.742 2.544 0.459
0.371 0.336 0.318 0.318 0.300 0.336 0.300 0.300 0.336 0.336 0.336 0.459 0.406 0.406 0.460 22.290
