23.564 1.026 0.902 0.743 0.655 0.584 0.548 0.513 0.478 0.460 0.460 1.716 0.354 0.336 0.301 0.248
1.026 3.078 1.097 0.920 0.778 0.672 0.584 0.513 0.478 0.442 0.407 0.354 0.336 0.301 0.301 0.230
0.902 1.115 3.397 1.150 0.938 0.814 0.690 0.601 0.531 0.478 0.442 0.478 0.336 0.336 0.301 0.212
0.761 0.920 1.150 3.397 1.097 0.955 0.796 0.690 0.601 0.513 0.478 0.460 0.354 0.336 0.301 0.195
0.690 0.778 0.955 1.132 3.715 1.097 0.902 0.761 0.655 0.566 0.495 0.513 0.354 0.336 0.301 0.212
0.619 0.672 0.814 0.955 1.079 3.290 1.044 0.849 0.725 0.619 0.531 0.425 0.372 0.336 0.301 0.230
0.548 0.601 0.708 0.814 0.902 1.044 3.290 0.991 0.814 0.708 0.601 0.442 0.407 0.372 0.301 0.212
0.548 0.531 0.601 0.672 0.778 0.867 0.991 3.609 1.008 0.831 0.690 0.495 0.442 0.407 0.336 0.212
0.478 0.478 0.531 0.584 0.655 0.725 0.814 1.026 3.078 1.044 0.849 0.531 0.513 0.460 0.372 0.212
0.478 0.442 0.478 0.513 0.566 0.619 0.690 0.849 1.061 3.609 1.044 0.601 0.619 0.513 0.407 0.230
0.478 0.407 0.442 0.478 0.495 0.548 0.584 0.690 0.849 1.061 3.290 0.708 0.725 0.619 0.495 0.230
1.291 0.354 0.407 0.372 0.425 0.389 0.389 0.442 0.495 0.566 0.690 42.245 0.619 0.513 0.407 0.318
0.336 0.336 0.336 0.354 0.354 0.372 0.389 0.460 0.531 0.601 0.743 0.619 3.078 0.938 0.690 0.301
0.336 0.318 0.318 0.318 0.336 0.336 0.354 0.389 0.460 0.513 0.619 0.531 0.938 3.397 0.955 0.301
0.283 0.283 0.265 0.283 0.283 0.301 0.301 0.336 0.372 0.407 0.478 0.407 0.672 0.955 3.397 0.336
0.230 0.212 0.195 0.195 0.195 0.212 0.195 0.195 0.195 0.195 0.212 0.336 0.301 0.283 0.336 23.245
