28.726 1.201 1.184 1.025 0.954 0.866 0.795 0.742 0.654 0.618 0.601 2.173 0.495 0.459 0.424 0.318
1.237 3.180 1.290 1.166 1.042 0.936 0.813 0.724 0.654 0.618 0.583 0.459 0.477 0.459 0.406 0.336
1.201 1.307 3.710 1.272 1.095 0.989 0.883 0.777 0.707 0.654 0.618 0.618 0.495 0.477 0.406 0.300
1.025 1.166 1.290 3.498 1.219 1.078 0.936 0.830 0.742 0.671 0.618 0.548 0.512 0.477 0.424 0.300
0.972 1.025 1.095 1.201 4.028 1.166 1.007 0.883 0.777 0.707 0.654 0.671 0.512 0.495 0.424 0.300
0.866 0.919 0.989 1.060 1.166 3.392 1.095 0.954 0.848 0.777 0.707 0.583 0.565 0.512 0.442 0.336
0.795 0.813 0.883 0.936 1.007 1.131 3.604 1.060 0.936 0.830 0.777 0.601 0.601 0.548 0.477 0.300
0.760 0.724 0.760 0.813 0.883 0.972 1.060 4.028 1.042 0.919 0.813 0.636 0.618 0.583 0.477 0.300
0.671 0.654 0.689 0.742 0.777 0.848 0.936 1.060 3.180 0.989 0.883 0.636 0.654 0.601 0.495 0.300
0.636 0.618 0.636 0.671 0.707 0.777 0.848 0.919 1.007 3.392 0.954 0.671 0.707 0.636 0.512 0.300
0.601 0.583 0.583 0.618 0.654 0.707 0.760 0.813 0.883 0.972 3.180 0.742 0.760 0.671 0.548 0.300
1.643 0.477 0.548 0.495 0.548 0.530 0.548 0.583 0.583 0.636 0.707 42.189 0.636 0.583 0.459 0.353
0.442 0.477 0.495 0.512 0.512 0.565 0.601 0.636 0.636 0.707 0.777 0.654 2.968 0.830 0.636 0.406
0.442 0.459 0.459 0.477 0.477 0.512 0.548 0.583 0.583 0.636 0.689 0.601 0.848 3.392 0.777 0.371
0.389 0.406 0.406 0.406 0.424 0.442 0.459 0.477 0.495 0.512 0.548 0.477 0.636 0.795 2.650 0.406
0.300 0.300 0.283 0.300 0.283 0.300 0.300 0.300 0.300 0.300 0.300 0.389 0.371 0.336 0.406 30.423
