19.398 0.777 0.814 0.672 0.672 0.618 0.584 0.566 0.531 0.478 0.495 1.645 0.407 0.389 0.354 0.372
0.777 2.441 0.831 0.761 0.69 0.618 0.584 0.513 0.478 0.46 0.425 0.389 0.389 0.354 0.354 0.336
0.795 0.83 2.968 0.849 0.778 0.689 0.619 0.548 0.513 0.478 0.442 0.548 0.372 0.354 0.336 0.336
0.689 0.742 0.885 2.76 0.867 0.777 0.672 0.584 0.531 0.495 0.46 0.478 0.389 0.372 0.354 0.336
0.654 0.671 0.761 0.885 2.972 0.848 0.743 0.619 0.584 0.531 0.495 0.495 0.389 0.372 0.336 0.318
0.601 0.618 0.69 0.761 0.885 2.76 0.849 0.708 0.619 0.566 0.495 0.46 0.407 0.372 0.336 0.354
0.601 0.565 0.619 0.672 0.743 0.866 2.654 0.831 0.708 0.601 0.548 0.46 0.442 0.372 0.354 0.336
0.53 0.512 0.548 0.601 0.655 0.724 0.831 2.972 0.831 0.69 0.601 0.495 0.442 0.389 0.354 0.336
0.512 0.477 0.495 0.548 0.584 0.618 0.69 0.814 2.441 0.778 0.655 0.495 0.46 0.407 0.372 0.336
0.477 0.442 0.478 0.495 0.513 0.583 0.619 0.69 0.778 2.76 0.708 0.513 0.478 0.407 0.372 0.336
0.459 0.406 0.442 0.46 0.495 0.512 0.548 0.584 0.655 0.743 2.441 0.495 0.495 0.407 0.372 0.336
1.254 0.389 0.46 0.425 0.46 0.406 0.425 0.46 0.46 0.46 0.495 42.245 0.407 0.336 0.301 0.407
0.353 0.371 0.372 0.372 0.389 0.406 0.407 0.442 0.46 0.478 0.513 0.442 2.335 0.442 0.389 0.372
0.336 0.353 0.372 0.372 0.372 0.371 0.372 0.372 0.372 0.407 0.407 0.354 0.46 2.229 0.407 0.354
0.336 0.336 0.336 0.336 0.336 0.336 0.354 0.354 0.354 0.372 0.372 0.336 0.389 0.407 2.017 0.372
0.336 0.336 0.318 0.318 0.318 0.336 0.318 0.318 0.318 0.318 0.336 0.425 0.372 0.354 0.372 21.759