22.366 1.396 1.378 1.237 1.166 1.06 0.989 0.936 0.848 0.795 0.76 1.714 0.583 0.53 0.459 0.353
1.413 3.286 1.537 1.396 1.272 1.166 1.042 0.936 0.848 0.777 0.707 0.636 0.548 0.512 0.459 0.318
1.396 1.537 3.71 1.537 1.396 1.254 1.148 1.007 0.901 0.83 0.742 0.742 0.583 0.53 0.477 0.3
1.254 1.396 1.537 3.498 1.484 1.343 1.166 1.06 0.954 0.883 0.777 0.707 0.601 0.548 0.477 0.318
1.166 1.29 1.396 1.502 3.71 1.449 1.272 1.095 0.989 0.901 0.813 0.76 0.618 0.565 0.477 0.3
1.078 1.166 1.254 1.343 1.449 3.498 1.378 1.184 1.06 0.972 0.866 0.724 0.636 0.601 0.495 0.336
0.989 1.06 1.148 1.201 1.29 1.431 3.498 1.343 1.148 1.06 0.919 0.724 0.689 0.618 0.53 0.336
0.936 0.936 1.025 1.06 1.095 1.219 1.36 3.71 1.378 1.166 1.06 0.777 0.742 0.671 0.583 0.318
0.866 0.866 0.936 0.954 1.025 1.078 1.166 1.396 3.18 1.343 1.166 0.83 0.813 0.742 0.618 0.336
0.813 0.795 0.848 0.883 0.919 0.972 1.042 1.184 1.343 3.286 1.307 0.848 0.883 0.813 0.654 0.336
0.777 0.742 0.76 0.795 0.813 0.883 0.954 1.06 1.166 1.307 3.498 0.919 0.972 0.883 0.689 0.336
1.378 0.583 0.636 0.601 0.654 0.618 0.654 0.707 0.742 0.795 0.883 42.189 0.742 0.654 0.53 0.389
0.583 0.583 0.583 0.601 0.636 0.636 0.689 0.76 0.795 0.919 0.989 0.795 3.074 1.007 0.795 0.406
0.548 0.548 0.548 0.565 0.583 0.618 0.618 0.689 0.724 0.795 0.866 0.689 1.007 3.286 0.936 0.389
0.459 0.459 0.477 0.477 0.495 0.512 0.512 0.565 0.601 0.654 0.707 0.565 0.777 0.936 2.862 0.424
0.336 0.318 0.3 0.3 0.3 0.336 0.3 0.3 0.318 0.318 0.336 0.424 0.371 0.371 0.424 22.684