20.458 0.761 0.796 0.672 0.690 0.619 0.619 0.584 0.548 0.548 0.548 1.521 0.460 0.442 0.425 0.389
0.814 2.441 0.814 0.725 0.690 0.637 0.584 0.566 0.513 0.478 0.478 0.425 0.425 0.407 0.389 0.354
0.814 0.796 2.972 0.831 0.778 0.708 0.655 0.601 0.566 0.513 0.495 0.531 0.442 0.407 0.407 0.336
0.708 0.725 0.849 2.866 0.849 0.761 0.708 0.619 0.584 0.548 0.513 0.495 0.442 0.425 0.407 0.336
0.690 0.672 0.743 0.849 3.184 0.831 0.743 0.672 0.619 0.566 0.531 0.548 0.478 0.442 0.407 0.336
0.619 0.619 0.672 0.743 0.867 2.760 0.831 0.743 0.672 0.619 0.566 0.495 0.495 0.442 0.407 0.354
0.601 0.566 0.619 0.690 0.743 0.849 2.760 0.831 0.743 0.672 0.619 0.513 0.513 0.478 0.442 0.354
0.601 0.531 0.584 0.619 0.708 0.743 0.849 2.972 0.867 0.743 0.672 0.566 0.548 0.495 0.442 0.336
0.566 0.495 0.548 0.584 0.619 0.672 0.743 0.867 2.441 0.849 0.743 0.566 0.584 0.531 0.478 0.336
0.548 0.495 0.513 0.548 0.601 0.619 0.690 0.761 0.867 2.866 0.849 0.619 0.637 0.584 0.513 0.354
0.548 0.460 0.478 0.513 0.566 0.584 0.619 0.690 0.761 0.849 2.760 0.637 0.690 0.619 0.531 0.354
1.203 0.389 0.442 0.442 0.495 0.442 0.478 0.495 0.513 0.566 0.619 42.245 0.548 0.495 0.425 0.425
0.442 0.407 0.425 0.442 0.478 0.478 0.513 0.548 0.584 0.637 0.708 0.584 2.654 0.743 0.637 0.425
0.442 0.389 0.407 0.425 0.442 0.460 0.478 0.513 0.548 0.584 0.619 0.531 0.761 2.654 0.708 0.407
0.425 0.372 0.389 0.389 0.425 0.407 0.442 0.460 0.478 0.495 0.531 0.478 0.637 0.708 2.441 0.442
0.354 0.318 0.318 0.318 0.336 0.336 0.336 0.336 0.336 0.336 0.354 0.478 0.407 0.372 0.442 22.184
