23.108 0.936 0.901 0.813 0.795 0.760 0.724 0.707 0.636 0.636 0.636 2.049 0.477 0.459 0.389 0.336
0.954 2.756 1.025 0.936 0.848 0.795 0.742 0.671 0.618 0.583 0.565 0.442 0.442 0.424 0.371 0.300
0.901 1.025 3.286 1.078 0.972 0.919 0.830 0.742 0.689 0.654 0.601 0.636 0.477 0.442 0.371 0.300
0.830 0.954 1.078 3.074 1.113 1.042 0.919 0.848 0.777 0.707 0.654 0.565 0.495 0.477 0.389 0.300
0.795 0.866 0.989 1.166 3.710 1.219 1.078 0.954 0.848 0.777 0.707 0.689 0.530 0.495 0.406 0.300
0.760 0.813 0.919 1.042 1.219 3.392 1.219 1.078 0.954 0.883 0.777 0.618 0.583 0.512 0.442 0.318
0.707 0.742 0.830 0.936 1.078 1.237 3.498 1.254 1.078 0.972 0.883 0.654 0.618 0.583 0.459 0.300
0.707 0.671 0.742 0.830 0.954 1.060 1.254 3.816 1.272 1.095 1.007 0.689 0.689 0.618 0.495 0.318
0.618 0.618 0.671 0.742 0.848 0.954 1.060 1.307 3.180 1.325 1.148 0.742 0.777 0.689 0.530 0.336
0.601 0.583 0.618 0.671 0.760 0.848 0.954 1.095 1.343 3.498 1.343 0.795 0.883 0.795 0.583 0.336
0.618 0.548 0.583 0.618 0.671 0.760 0.848 0.972 1.131 1.343 3.498 0.901 1.025 0.883 0.654 0.336
1.484 0.442 0.512 0.477 0.583 0.548 0.583 0.636 0.707 0.795 0.919 42.245 0.795 0.707 0.512 0.389
0.442 0.442 0.459 0.477 0.512 0.565 0.618 0.689 0.777 0.919 1.042 0.813 3.286 1.201 0.848 0.406
0.442 0.406 0.442 0.459 0.477 0.512 0.548 0.618 0.689 0.795 0.901 0.724 1.201 3.710 1.042 0.406
0.371 0.371 0.371 0.371 0.406 0.424 0.442 0.495 0.548 0.601 0.671 0.548 0.848 1.042 3.397 0.459
0.318 0.300 0.283 0.300 0.283 0.300 0.300 0.300 0.318 0.336 0.353 0.459 0.406 0.389 0.442 23.532
