20.564 1.203 1.166 0.989 0.92 0.814 0.778 0.743 0.672 0.637 0.619 1.698 0.495 0.46 0.407 0.372
1.131 3.184 1.325 1.131 0.991 0.885 0.814 0.725 0.672 0.619 0.584 0.548 0.478 0.425 0.372 0.318
1.06 1.327 3.392 1.272 1.097 0.973 0.885 0.778 0.708 0.637 0.601 0.672 0.478 0.442 0.372 0.318
0.919 1.132 1.307 3.29 1.185 1.061 0.938 0.831 0.743 0.672 0.619 0.601 0.478 0.442 0.372 0.318
0.883 0.973 1.095 1.201 3.503 1.115 1.008 0.885 0.814 0.708 0.655 0.637 0.495 0.442 0.372 0.301
0.795 0.885 0.972 1.06 1.168 3.078 1.097 0.955 0.849 0.743 0.672 0.584 0.513 0.478 0.372 0.336
0.742 0.796 0.883 0.936 0.991 1.061 3.078 1.044 0.938 0.831 0.743 0.601 0.531 0.478 0.407 0.318
0.707 0.708 0.777 0.813 0.885 0.938 1.061 3.184 1.079 0.92 0.831 0.619 0.584 0.513 0.407 0.318
0.654 0.655 0.707 0.742 0.778 0.831 0.92 1.061 2.76 1.044 0.92 0.672 0.619 0.566 0.442 0.336
0.601 0.601 0.654 0.671 0.708 0.743 0.831 0.92 1.061 3.078 1.044 0.69 0.708 0.619 0.478 0.336
0.601 0.548 0.601 0.618 0.619 0.655 0.743 0.814 0.92 1.061 2.972 0.743 0.814 0.69 0.513 0.336
1.343 0.495 0.583 0.53 0.566 0.513 0.548 0.584 0.601 0.637 0.743 42.245 0.619 0.548 0.425 0.407
0.424 0.442 0.477 0.477 0.478 0.513 0.548 0.584 0.637 0.708 0.814 0.655 2.866 0.938 0.655 0.407
0.424 0.407 0.442 0.442 0.442 0.478 0.495 0.513 0.584 0.619 0.708 0.584 0.938 3.184 0.814 0.389
0.371 0.372 0.389 0.389 0.389 0.389 0.425 0.442 0.478 0.495 0.548 0.478 0.672 0.831 3.078 0.442
0.336 0.318 0.318 0.3 0.301 0.301 0.318 0.318 0.336 0.318 0.336 0.442 0.389 0.372 0.425 22.502