24.944 1.875 1.628 1.362 1.203 1.061 0.920 0.867 0.761 0.655 0.637 1.999 0.442 0.425 0.354 0.318
1.911 3.927 1.858 1.574 1.327 1.132 0.991 0.867 0.761 0.672 0.619 0.619 0.442 0.407 0.354 0.301
1.645 1.893 4.140 1.787 1.521 1.291 1.097 0.955 0.849 0.725 0.672 0.743 0.478 0.425 0.372 0.283
1.398 1.574 1.822 4.033 1.716 1.433 1.221 1.061 0.920 0.778 0.708 0.690 0.478 0.442 0.372 0.265
1.203 1.291 1.468 1.698 4.352 1.574 1.344 1.150 0.973 0.849 0.761 0.761 0.495 0.460 0.372 0.265
1.026 1.132 1.256 1.415 1.610 3.715 1.451 1.256 1.044 0.885 0.796 0.655 0.513 0.478 0.372 0.301
0.955 0.991 1.097 1.221 1.380 1.486 3.715 1.380 1.150 0.973 0.849 0.672 0.548 0.495 0.389 0.265
0.867 0.867 0.955 1.061 1.168 1.256 1.380 4.033 1.327 1.079 0.955 0.690 0.601 0.531 0.407 0.283
0.778 0.778 0.849 0.920 1.026 1.079 1.150 1.344 3.397 1.221 1.061 0.708 0.655 0.566 0.442 0.301
0.690 0.672 0.725 0.796 0.885 0.938 0.973 1.097 1.238 3.927 1.221 0.743 0.743 0.619 0.478 0.301
0.655 0.619 0.655 0.708 0.778 0.814 0.849 0.938 1.061 1.203 3.503 0.831 0.849 0.708 0.495 0.301
1.504 0.531 0.584 0.566 0.655 0.584 0.584 0.619 0.655 0.708 0.831 42.245 0.672 0.548 0.389 0.354
0.460 0.442 0.478 0.478 0.548 0.566 0.566 0.637 0.672 0.725 0.867 0.690 3.078 0.920 0.619 0.354
0.425 0.407 0.425 0.460 0.495 0.495 0.513 0.548 0.584 0.619 0.725 0.584 0.920 3.290 0.708 0.336
0.372 0.372 0.372 0.372 0.407 0.407 0.407 0.442 0.442 0.478 0.513 0.425 0.619 0.725 2.654 0.372
0.318 0.301 0.283 0.301 0.301 0.301 0.301 0.301 0.301 0.265 0.301 0.407 0.336 0.336 0.372 23.352
