21.094 1.203 1.184 1.007 0.954 0.867 0.814 0.778 0.725 0.69 0.69 1.645 0.548 0.531 0.478 0.425
1.237 3.074 1.307 1.148 1.007 0.92 0.849 0.778 0.708 0.637 0.601 0.566 0.495 0.478 0.442 0.407
1.184 1.309 3.392 1.254 1.095 0.991 0.92 0.814 0.761 0.69 0.637 0.672 0.513 0.478 0.442 0.389
1.007 1.132 1.272 3.29 1.184 1.061 0.955 0.867 0.778 0.725 0.655 0.637 0.513 0.495 0.442 0.389
0.954 1.008 1.095 1.201 3.392 1.15 1.044 0.92 0.831 0.743 0.672 0.672 0.531 0.495 0.442 0.389
0.866 0.92 0.989 1.06 1.166 3.078 1.115 0.973 0.885 0.796 0.708 0.601 0.548 0.495 0.46 0.407
0.83 0.831 0.901 0.954 1.025 1.168 3.078 1.097 0.973 0.885 0.778 0.619 0.566 0.531 0.478 0.407
0.795 0.761 0.83 0.866 0.919 0.991 1.132 3.397 1.115 0.973 0.867 0.672 0.619 0.566 0.478 0.389
0.724 0.708 0.742 0.777 0.83 0.885 0.991 1.15 2.972 1.115 0.973 0.708 0.672 0.601 0.495 0.389
0.689 0.637 0.689 0.707 0.742 0.796 0.885 0.991 1.15 3.078 1.097 0.761 0.743 0.655 0.548 0.407
0.671 0.601 0.618 0.654 0.671 0.708 0.778 0.867 0.955 1.132 3.074 0.814 0.831 0.725 0.566 0.407
1.29 0.531 0.583 0.548 0.583 0.548 0.566 0.601 0.655 0.69 0.796 42.245 0.672 0.566 0.478 0.46
0.495 0.495 0.495 0.512 0.53 0.548 0.584 0.619 0.655 0.743 0.849 0.725 2.866 0.938 0.672 0.478
0.512 0.478 0.495 0.495 0.495 0.513 0.531 0.566 0.601 0.637 0.725 0.619 0.938 3.397 0.778 0.46
0.459 0.442 0.442 0.442 0.442 0.442 0.478 0.478 0.495 0.531 0.584 0.513 0.672 0.796 3.078 0.495
0.406 0.389 0.389 0.371 0.389 0.389 0.389 0.389 0.389 0.389 0.389 0.513 0.46 0.442 0.513 22.078