24.519 1.928 1.681 1.415 1.221 1.097 0.991 0.92 0.831 0.761 0.725 2.052 0.548 0.495 0.442 0.407 
1.946 3.927 1.928 1.61 1.362 1.168 1.061 0.938 0.849 0.761 0.69 0.655 0.513 0.495 0.442 0.389 
1.681 1.946 4.246 1.858 1.539 1.327 1.168 1.044 0.92 0.814 0.743 0.778 0.548 0.495 0.442 0.372 
1.415 1.61 1.858 3.927 1.716 1.468 1.291 1.097 0.991 0.867 0.778 0.725 0.566 0.513 0.442 0.372 
1.256 1.362 1.539 1.734 4.352 1.61 1.415 1.221 1.044 0.92 0.831 0.814 0.584 0.531 0.442 0.372 
1.097 1.168 1.327 1.468 1.628 3.715 1.521 1.291 1.097 0.973 0.885 0.708 0.601 0.548 0.46 0.372 
0.991 1.044 1.168 1.291 1.398 1.521 3.927 1.415 1.203 1.044 0.92 0.725 0.619 0.566 0.478 0.372 
0.938 0.938 1.026 1.097 1.185 1.291 1.433 4.033 1.38 1.15 1.008 0.761 0.655 0.601 0.495 0.372 
0.831 0.831 0.92 0.973 1.061 1.097 1.221 1.415 3.397 1.309 1.097 0.761 0.708 0.619 0.513 0.372 
0.761 0.743 0.814 0.885 0.938 0.991 1.061 1.168 1.327 3.821 1.291 0.796 0.796 0.708 0.548 0.372 
0.743 0.69 0.743 0.778 0.831 0.885 0.92 1.026 1.097 1.291 3.503 0.902 0.885 0.778 0.584 0.372 
1.539 0.566 0.637 0.601 0.672 0.637 0.637 0.672 0.708 0.761 0.885 42.245 0.708 0.584 0.46 0.407 
0.495 0.513 0.566 0.584 0.601 0.619 0.637 0.672 0.743 0.796 0.92 0.761 3.29 0.991 0.69 0.46 
0.513 0.495 0.495 0.513 0.548 0.548 0.584 0.619 0.637 0.708 0.796 0.637 0.991 3.503 0.796 0.425 
0.442 0.442 0.46 0.442 0.46 0.478 0.478 0.495 0.513 0.548 0.584 0.478 0.69 0.814 2.972 0.478 
0.389 0.372 0.354 0.372 0.372 0.372 0.372 0.372 0.372 0.372 0.372 0.46 0.442 0.407 0.46 23.458