24.838 1.999 1.751 1.468 1.291 1.115 1.008 0.938 0.814 0.778 0.761 2.158 0.566 0.548 0.478 0.425 
2.017 4.033 1.999 1.663 1.398 1.185 1.061 0.938 0.849 0.778 0.708 0.708 0.566 0.513 0.478 0.407 
1.734 2.017 4.246 1.875 1.574 1.327 1.15 1.044 0.902 0.814 0.743 0.849 0.584 0.548 0.478 0.372 
1.468 1.681 1.893 4.033 1.769 1.486 1.274 1.097 0.973 0.885 0.796 0.761 0.601 0.566 0.495 0.372 
1.291 1.398 1.574 1.787 4.352 1.645 1.415 1.221 1.044 0.938 0.849 0.831 0.619 0.566 0.495 0.389 
1.097 1.203 1.327 1.486 1.681 3.715 1.521 1.309 1.097 0.991 0.885 0.725 0.655 0.601 0.495 0.407 
1.008 1.044 1.168 1.274 1.415 1.539 3.927 1.415 1.203 1.044 0.955 0.725 0.672 0.619 0.531 0.372 
0.955 0.955 1.044 1.115 1.221 1.327 1.451 4.033 1.38 1.15 1.044 0.761 0.743 0.637 0.566 0.389 
0.831 0.849 0.92 0.973 1.061 1.115 1.203 1.38 3.29 1.327 1.132 0.761 0.778 0.708 0.584 0.389 
0.778 0.761 0.831 0.885 0.938 0.991 1.044 1.168 1.344 3.821 1.291 0.796 0.849 0.761 0.619 0.389 
0.743 0.708 0.743 0.796 0.849 0.885 0.938 1.044 1.15 1.291 3.503 0.885 0.973 0.849 0.672 0.407 
1.574 0.601 0.672 0.637 0.708 0.637 0.637 0.672 0.708 0.761 0.867 42.245 0.743 0.637 0.513 0.442 
0.531 0.566 0.584 0.619 0.637 0.637 0.672 0.725 0.778 0.867 0.973 0.778 3.078 1.044 0.796 0.46 
0.531 0.513 0.531 0.548 0.584 0.584 0.619 0.637 0.69 0.761 0.849 0.672 1.044 3.29 0.92 0.46 
0.478 0.478 0.495 0.478 0.495 0.495 0.513 0.548 0.566 0.601 0.637 0.531 0.761 0.92 3.078 0.495 
0.407 0.389 0.389 0.372 0.372 0.372 0.372 0.372 0.372 0.372 0.389 0.495 0.442 0.425 0.495 22.927 