21.624 1.166 1.148 1.06 1.007 0.936 0.866 0.795 0.724 0.671 0.636 1.696 0.531 0.477 0.406 0.336
1.184 3.074 1.307 1.166 1.095 0.989 0.883 0.777 0.724 0.654 0.618 0.565 0.495 0.477 0.389 0.318
1.166 1.307 3.604 1.343 1.219 1.095 0.989 0.866 0.777 0.707 0.654 0.707 0.513 0.495 0.406 0.318
1.06 1.166 1.36 3.286 1.378 1.254 1.095 0.954 0.848 0.777 0.707 0.654 0.548 0.495 0.424 0.318
1.007 1.078 1.219 1.396 3.604 1.378 1.166 1.025 0.919 0.813 0.742 0.707 0.584 0.53 0.442 0.3
0.936 0.989 1.095 1.237 1.396 3.498 1.343 1.095 0.989 0.883 0.813 0.654 0.619 0.565 0.442 0.336
0.866 0.883 0.989 1.095 1.166 1.343 3.498 1.254 1.095 0.989 0.883 0.689 0.655 0.601 0.477 0.336
0.795 0.795 0.883 0.954 1.007 1.095 1.272 3.498 1.254 1.095 0.954 0.724 0.708 0.654 0.495 0.318
0.724 0.724 0.795 0.848 0.919 0.989 1.095 1.272 2.968 1.166 1.042 0.724 0.778 0.671 0.512 0.336
0.671 0.654 0.724 0.777 0.83 0.901 0.989 1.095 1.184 3.18 1.148 0.742 0.814 0.742 0.548 0.336
0.636 0.618 0.654 0.707 0.742 0.795 0.883 0.954 1.042 1.148 3.18 0.777 0.867 0.777 0.565 0.336
1.325 0.495 0.583 0.548 0.601 0.583 0.583 0.636 0.671 0.689 0.76 42.189 0.637 0.565 0.442 0.371
0.495 0.477 0.512 0.548 0.583 0.618 0.636 0.724 0.76 0.813 0.866 0.671 2.862 0.901 0.636 0.371
0.477 0.459 0.495 0.512 0.512 0.548 0.583 0.636 0.689 0.724 0.777 0.618 0.92 3.286 0.742 0.353
0.406 0.406 0.406 0.406 0.442 0.442 0.477 0.495 0.512 0.548 0.583 0.477 0.637 0.742 3.286 0.406
0.318 0.3 0.3 0.3 0.3 0.3 0.3 0.3 0.3 0.318 0.318 0.406 0.372 0.353 0.406 22.366