2.014 0.477 0.424 0.442 0.389 0.389 0.336 0.318 0.336 0.3 0.247 0.247 0.336 0.177 0.177 0.159
0.495 1.802 0.389 0.477 0.442 0.406 0.353 0.353 0.3 0.283 0.247 0.247 0.353 0.177 0.159 0.141
0.424 0.406 8.904 0.53 0.53 0.459 0.442 0.548 0.442 0.389 0.53 0.389 2.014 0.247 0.212 0.177
0.424 0.477 0.53 2.12 0.565 0.53 0.424 0.371 0.353 0.318 0.265 0.247 0.371 0.177 0.159 0.141
0.389 0.424 0.53 0.548 2.12 0.548 0.442 0.406 0.353 0.318 0.3 0.265 0.459 0.177 0.177 0.141
0.389 0.406 0.442 0.53 0.583 2.014 0.512 0.442 0.389 0.336 0.3 0.265 0.353 0.194 0.177 0.159
0.336 0.353 0.442 0.424 0.442 0.512 1.696 0.512 0.442 0.389 0.318 0.318 0.371 0.212 0.177 0.159
0.318 0.318 0.548 0.389 0.424 0.459 0.512 1.802 0.565 0.442 0.389 0.318 0.512 0.23 0.212 0.177
0.318 0.3 0.442 0.353 0.353 0.389 0.442 0.565 2.12 0.53 0.442 0.371 0.406 0.265 0.247 0.177
0.3 0.283 0.406 0.318 0.318 0.353 0.389 0.442 0.548 2.014 0.495 0.406 0.389 0.283 0.23 0.194
0.265 0.247 0.53 0.265 0.3 0.283 0.318 0.389 0.424 0.477 1.908 0.477 0.795 0.336 0.265 0.212
0.23 0.247 0.389 0.247 0.283 0.265 0.3 0.336 0.353 0.389 0.477 1.802 0.406 0.371 0.3 0.23
0.318 0.318 2.014 0.389 0.442 0.353 0.353 0.477 0.406 0.389 0.76 0.389 24.062 0.283 0.247 0.212
0.177 0.194 0.23 0.194 0.194 0.194 0.212 0.23 0.265 0.283 0.336 0.371 0.283 1.908 0.459 0.336
0.159 0.159 0.212 0.159 0.159 0.177 0.177 0.194 0.23 0.23 0.283 0.3 0.265 0.477 2.12 0.406
0.141 0.159 0.194 0.141 0.159 0.141 0.159 0.159 0.177 0.194 0.212 0.23 0.212 0.336 0.406 1.696