23.670 1.238 1.168 0.991 0.885 0.796 0.708 0.672 0.601 0.566 0.566 1.946 0.425 0.389 0.354 0.336
1.238 3.078 1.309 1.132 0.973 0.849 0.743 0.655 0.619 0.566 0.513 0.460 0.407 0.372 0.354 0.301
1.132 1.327 3.503 1.274 1.079 0.955 0.831 0.743 0.655 0.601 0.548 0.619 0.407 0.372 0.372 0.301
0.973 1.115 1.291 3.397 1.168 1.026 0.885 0.778 0.690 0.619 0.584 0.548 0.442 0.389 0.372 0.301
0.885 0.973 1.079 1.185 3.715 1.079 0.955 0.814 0.743 0.655 0.584 0.601 0.442 0.407 0.372 0.301
0.778 0.849 0.955 1.026 1.079 3.184 1.044 0.885 0.778 0.672 0.619 0.513 0.442 0.407 0.372 0.301
0.708 0.761 0.849 0.885 0.955 1.044 3.290 1.008 0.867 0.761 0.672 0.531 0.478 0.442 0.389 0.301
0.672 0.672 0.743 0.778 0.831 0.885 1.026 3.609 1.044 0.885 0.778 0.566 0.531 0.478 0.407 0.301
0.601 0.601 0.655 0.708 0.725 0.778 0.849 1.026 3.078 1.044 0.902 0.601 0.601 0.531 0.442 0.301
0.566 0.566 0.601 0.637 0.655 0.690 0.743 0.885 1.061 3.503 1.061 0.619 0.655 0.584 0.478 0.318
0.566 0.513 0.548 0.584 0.584 0.619 0.672 0.761 0.902 1.061 3.290 0.708 0.743 0.655 0.513 0.318
1.468 0.442 0.495 0.460 0.495 0.460 0.460 0.513 0.531 0.584 0.690 42.245 0.601 0.513 0.407 0.372
0.407 0.407 0.425 0.442 0.442 0.460 0.478 0.531 0.601 0.672 0.778 0.637 2.866 0.849 0.619 0.372
0.407 0.372 0.389 0.407 0.407 0.425 0.442 0.478 0.548 0.601 0.655 0.548 0.867 3.184 0.743 0.372
0.354 0.372 0.354 0.372 0.372 0.372 0.372 0.407 0.442 0.478 0.513 0.425 0.619 0.725 2.654 0.407
0.301 0.301 0.283 0.301 0.283 0.301 0.265 0.283 0.301 0.301 0.301 0.425 0.372 0.336 0.389 23.245
