23.67 1.291 1.185 1.026 0.92 0.849 0.778 0.725 0.655 0.619 0.619 1.946 0.478 0.442 0.407 0.372 
1.291 3.184 1.327 1.168 1.008 0.92 0.796 0.743 0.637 0.619 0.584 0.513 0.46 0.442 0.389 0.336 
1.168 1.362 3.715 1.327 1.097 0.991 0.885 0.778 0.708 0.637 0.601 0.637 0.478 0.442 0.407 0.336 
1.026 1.168 1.327 3.397 1.203 1.061 0.938 0.831 0.743 0.672 0.619 0.548 0.478 0.46 0.407 0.336 
0.92 1.008 1.097 1.203 3.715 1.15 0.973 0.885 0.778 0.708 0.619 0.655 0.478 0.46 0.407 0.336 
0.831 0.902 0.991 1.061 1.15 3.29 1.079 0.955 0.831 0.743 0.672 0.548 0.513 0.478 0.407 0.336 
0.778 0.831 0.885 0.938 0.991 1.115 3.29 1.061 0.92 0.831 0.743 0.566 0.548 0.513 0.442 0.336 
0.725 0.743 0.778 0.831 0.885 0.955 1.061 3.715 1.097 0.955 0.831 0.601 0.584 0.548 0.46 0.336 
0.655 0.672 0.708 0.743 0.778 0.849 0.92 1.115 3.078 1.097 0.955 0.619 0.655 0.601 0.495 0.336 
0.619 0.619 0.655 0.69 0.708 0.743 0.814 0.955 1.15 3.503 1.097 0.672 0.725 0.655 0.513 0.336 
0.601 0.584 0.601 0.619 0.637 0.69 0.725 0.831 0.955 1.115 3.29 0.743 0.814 0.725 0.566 0.372 
1.486 0.478 0.531 0.495 0.531 0.495 0.513 0.531 0.566 0.637 0.725 42.245 0.637 0.566 0.442 0.389 
0.46 0.478 0.495 0.495 0.513 0.531 0.548 0.601 0.637 0.725 0.814 0.672 2.866 0.902 0.672 0.407 
0.442 0.442 0.46 0.478 0.478 0.513 0.513 0.548 0.584 0.655 0.725 0.601 0.92 3.184 0.778 0.389 
0.407 0.407 0.425 0.442 0.442 0.442 0.442 0.478 0.495 0.531 0.584 0.478 0.655 0.778 2.654 0.442 
0.372 0.354 0.336 0.336 0.336 0.372 0.336 0.336 0.336 0.336 0.354 0.442 0.407 0.389 0.425 23.245 