20.882 0.954 0.936 0.795 0.777 0.725 0.672 0.672 0.637 0.619 0.601 1.574 0.531 0.495 0.46 0.389
0.954 2.756 1.025 0.919 0.813 0.761 0.69 0.637 0.601 0.584 0.548 0.478 0.478 0.46 0.425 0.372
0.936 1.042 3.184 1.06 0.954 0.849 0.778 0.708 0.655 0.619 0.584 0.584 0.495 0.478 0.442 0.354
0.795 0.901 1.042 3.074 1.078 0.955 0.849 0.761 0.69 0.655 0.601 0.584 0.513 0.478 0.442 0.372
0.777 0.813 0.919 1.06 3.286 1.061 0.938 0.831 0.743 0.69 0.619 0.601 0.513 0.478 0.442 0.372
0.707 0.742 0.83 0.954 1.06 2.972 1.044 0.902 0.814 0.743 0.672 0.548 0.531 0.495 0.442 0.372
0.689 0.689 0.777 0.866 0.954 1.061 2.866 1.008 0.885 0.814 0.708 0.584 0.584 0.513 0.478 0.372
0.671 0.618 0.671 0.777 0.83 0.902 1.008 3.29 1.044 0.902 0.796 0.601 0.601 0.548 0.478 0.372
0.618 0.601 0.618 0.707 0.742 0.814 0.885 1.044 2.866 1.044 0.885 0.637 0.655 0.601 0.495 0.372
0.601 0.565 0.601 0.636 0.671 0.743 0.778 0.92 1.044 2.972 1.008 0.69 0.743 0.655 0.548 0.372
0.601 0.512 0.548 0.601 0.618 0.655 0.708 0.796 0.885 1.026 2.972 0.761 0.831 0.725 0.584 0.372
1.237 0.459 0.495 0.495 0.53 0.513 0.513 0.548 0.584 0.637 0.725 42.245 0.69 0.584 0.478 0.442
0.477 0.477 0.477 0.495 0.512 0.531 0.548 0.601 0.637 0.725 0.814 0.725 2.866 1.008 0.761 0.442
0.477 0.442 0.442 0.477 0.495 0.495 0.513 0.548 0.584 0.655 0.725 0.637 1.044 3.29 0.991 0.442
0.442 0.424 0.406 0.442 0.442 0.442 0.442 0.478 0.495 0.548 0.601 0.548 0.796 1.026 3.29 0.495
0.371 0.353 0.336 0.353 0.353 0.372 0.336 0.354 0.354 0.372 0.372 0.478 0.442 0.425 0.495 23.458