1.802 0.353 0.353 0.3 0.247 0.265 0.247 0.247 0.265 0.23 0.212 0.194 0.265 0.159 0.159 0.141
0.353 1.696 0.318 0.318 0.265 0.265 0.247 0.265 0.212 0.212 0.194 0.212 0.265 0.177 0.141 0.159
0.353 0.336 7.738 0.389 0.389 0.318 0.318 0.389 0.336 0.318 0.406 0.318 1.502 0.212 0.212 0.194
0.283 0.318 0.389 1.908 0.3 0.318 0.283 0.3 0.247 0.23 0.212 0.194 0.283 0.159 0.141 0.141
0.247 0.247 0.406 0.318 1.272 0.336 0.336 0.848 0.353 0.283 0.247 0.247 0.371 0.177 0.177 0.141
0.283 0.265 0.336 0.336 0.336 1.696 0.336 0.336 0.283 0.247 0.23 0.212 0.265 0.159 0.141 0.141
0.23 0.247 0.336 0.283 0.336 0.353 1.59 0.336 0.3 0.318 0.247 0.23 0.3 0.159 0.159 0.141
0.247 0.247 0.406 0.318 0.848 0.336 0.336 1.272 0.353 0.283 0.247 0.247 0.371 0.177 0.177 0.159
0.247 0.23 0.336 0.247 0.336 0.283 0.318 0.353 1.908 0.442 0.353 0.265 0.336 0.194 0.194 0.159
0.23 0.212 0.3 0.23 0.283 0.247 0.3 0.3 0.442 1.908 0.442 0.336 0.336 0.23 0.194 0.159
0.212 0.212 0.406 0.212 0.265 0.23 0.247 0.265 0.353 0.442 1.908 0.442 0.707 0.265 0.23 0.194
0.194 0.212 0.318 0.194 0.23 0.212 0.23 0.23 0.265 0.336 0.442 1.696 0.353 0.3 0.247 0.212
0.247 0.247 1.449 0.3 0.371 0.247 0.283 0.371 0.318 0.336 0.689 0.353 22.472 0.23 0.212 0.212
0.159 0.159 0.194 0.159 0.177 0.159 0.159 0.177 0.194 0.212 0.265 0.3 0.23 1.696 0.371 0.3
0.159 0.159 0.212 0.159 0.159 0.159 0.159 0.159 0.212 0.212 0.23 0.247 0.23 0.371 1.908 0.371
0.159 0.159 0.194 0.141 0.159 0.141 0.141 0.159 0.177 0.177 0.194 0.212 0.212 0.3 0.371 1.59