20.564 0.919 0.901 0.777 0.761 0.690 0.655 0.637 0.601 0.548 0.566 1.521 0.460 0.442 0.407 0.354
0.936 2.756 1.007 0.883 0.814 0.743 0.672 0.619 0.565 0.513 0.478 0.442 0.442 0.407 0.372 0.336
0.919 1.007 3.184 1.042 0.920 0.831 0.743 0.672 0.601 0.566 0.513 0.548 0.442 0.407 0.372 0.336
0.777 0.883 1.042 2.972 1.044 0.920 0.814 0.708 0.618 0.584 0.548 0.513 0.442 0.425 0.372 0.318
0.777 0.813 0.919 1.042 3.286 1.026 0.885 0.778 0.689 0.619 0.566 0.566 0.460 0.442 0.389 0.336
0.707 0.742 0.830 0.919 1.044 2.968 0.991 0.849 0.742 0.655 0.601 0.513 0.478 0.442 0.407 0.336
0.671 0.671 0.742 0.813 0.885 1.008 2.866 0.973 0.830 0.725 0.637 0.531 0.495 0.460 0.407 0.336
0.636 0.601 0.671 0.707 0.778 0.849 0.973 3.180 0.972 0.814 0.708 0.566 0.548 0.495 0.442 0.336
0.601 0.565 0.601 0.636 0.690 0.743 0.831 0.991 2.760 0.955 0.814 0.601 0.601 0.548 0.460 0.336
0.565 0.530 0.565 0.583 0.619 0.655 0.708 0.814 0.972 2.866 0.955 0.637 0.672 0.601 0.495 0.336
0.565 0.495 0.512 0.530 0.566 0.584 0.637 0.708 0.813 0.938 2.866 0.672 0.761 0.672 0.531 0.336
1.201 0.424 0.477 0.459 0.495 0.460 0.478 0.513 0.548 0.601 0.655 42.245 0.584 0.513 0.425 0.407
0.442 0.442 0.424 0.442 0.478 0.478 0.495 0.548 0.601 0.672 0.778 0.619 2.654 0.814 0.619 0.407
0.442 0.406 0.424 0.442 0.442 0.442 0.478 0.513 0.548 0.619 0.690 0.548 0.831 2.866 0.743 0.372
0.406 0.389 0.389 0.389 0.407 0.407 0.425 0.442 0.477 0.495 0.566 0.478 0.655 0.761 2.547 0.442
0.336 0.336 0.318 0.318 0.318 0.336 0.336 0.336 0.336 0.336 0.336 0.478 0.407 0.372 0.425 22.078
