1.696 0.318 0.353 0.265 0.265 0.265 0.247 0.23 0.247 0.212 0.194 0.194 0.265 0.159 0.141 0.141
0.318 1.59 0.3 0.318 0.265 0.265 0.247 0.212 0.194 0.212 0.177 0.194 0.23 0.141 0.141 0.141
0.353 0.3 7.632 0.389 0.389 0.318 0.318 0.389 0.3 0.283 0.371 0.3 1.378 0.212 0.194 0.177
0.283 0.318 0.389 1.802 0.353 0.318 0.283 0.247 0.23 0.212 0.212 0.177 0.265 0.141 0.141 0.141
0.247 0.265 0.389 0.353 1.802 0.353 0.283 0.247 0.23 0.212 0.212 0.194 0.336 0.141 0.141 0.141
0.247 0.247 0.3 0.318 0.336 1.696 0.336 0.3 0.247 0.23 0.212 0.194 0.247 0.159 0.141 0.141
0.23 0.247 0.3 0.247 0.283 0.336 1.484 0.353 0.3 0.283 0.247 0.212 0.265 0.177 0.141 0.141
0.23 0.212 0.389 0.247 0.265 0.3 0.353 1.59 0.371 0.336 0.283 0.247 0.371 0.177 0.177 0.141
0.23 0.212 0.3 0.212 0.247 0.265 0.3 0.406 1.908 0.389 0.318 0.265 0.3 0.194 0.194 0.159
0.212 0.212 0.3 0.212 0.212 0.23 0.3 0.318 0.406 1.802 0.389 0.3 0.3 0.212 0.194 0.177
0.194 0.177 0.371 0.194 0.212 0.212 0.247 0.283 0.318 0.389 1.802 0.371 0.618 0.247 0.212 0.177
0.194 0.194 0.3 0.177 0.212 0.194 0.23 0.247 0.247 0.3 0.371 1.696 0.318 0.283 0.23 0.194
0.247 0.247 1.343 0.265 0.353 0.247 0.283 0.371 0.3 0.283 0.618 0.318 23.002 0.23 0.212 0.194
0.141 0.159 0.177 0.159 0.159 0.159 0.159 0.159 0.194 0.212 0.247 0.283 0.23 1.696 0.336 0.265
0.159 0.141 0.194 0.141 0.159 0.159 0.159 0.159 0.194 0.194 0.23 0.23 0.212 0.353 1.908 0.336
0.124 0.141 0.194 0.124 0.141 0.141 0.141 0.159 0.159 0.159 0.194 0.194 0.212 0.283 0.336 1.59