23.67 1.274 1.168 1.008 0.902 0.796 0.725 0.655 0.619 0.566 0.566 1.946 0.425 0.407 0.354 0.336 
1.291 3.078 1.327 1.132 0.991 0.885 0.761 0.672 0.619 0.548 0.513 0.46 0.407 0.389 0.372 0.301 
1.168 1.344 3.715 1.291 1.097 0.955 0.831 0.743 0.655 0.601 0.566 0.619 0.442 0.407 0.372 0.301 
1.008 1.115 1.309 3.397 1.203 1.044 0.902 0.778 0.708 0.637 0.584 0.548 0.442 0.407 0.372 0.301 
0.92 0.973 1.097 1.203 3.715 1.097 0.955 0.831 0.743 0.655 0.601 0.601 0.442 0.407 0.372 0.301 
0.814 0.885 0.955 1.044 1.132 3.29 1.044 0.885 0.778 0.708 0.619 0.513 0.478 0.442 0.372 0.301 
0.743 0.778 0.849 0.92 0.955 1.061 3.29 1.008 0.885 0.778 0.672 0.531 0.495 0.478 0.389 0.301 
0.708 0.708 0.761 0.796 0.849 0.92 1.008 3.609 1.026 0.885 0.778 0.566 0.548 0.495 0.407 0.301 
0.619 0.619 0.672 0.708 0.743 0.796 0.885 1.026 2.972 1.044 0.902 0.601 0.601 0.548 0.442 0.301 
0.601 0.584 0.619 0.655 0.672 0.708 0.778 0.885 1.061 3.609 1.061 0.655 0.672 0.619 0.478 0.301 
0.584 0.531 0.584 0.584 0.619 0.655 0.69 0.778 0.885 1.061 3.29 0.743 0.778 0.672 0.513 0.336 
1.468 0.46 0.513 0.478 0.513 0.478 0.478 0.513 0.566 0.619 0.725 42.245 0.619 0.531 0.407 0.372 
0.407 0.442 0.46 0.46 0.478 0.478 0.513 0.531 0.619 0.672 0.778 0.637 2.972 0.902 0.637 0.372 
0.425 0.407 0.425 0.442 0.442 0.442 0.478 0.478 0.548 0.619 0.69 0.548 0.92 3.29 0.778 0.372 
0.372 0.372 0.372 0.372 0.372 0.372 0.407 0.407 0.442 0.478 0.513 0.425 0.637 0.796 3.397 0.407 
0.318 0.301 0.301 0.301 0.301 0.301 0.301 0.301 0.301 0.301 0.301 0.425 0.372 0.354 0.407 23.245 