24.698 1.396 1.272 1.06 0.989 0.919 0.83 0.777 0.742 0.689 0.654 2.332 0.512 0.477 0.407 0.407
1.413 3.392 1.449 1.201 1.06 0.954 0.866 0.777 0.724 0.654 0.618 0.548 0.477 0.459 0.407 0.354
1.254 1.484 3.71 1.396 1.166 1.06 0.954 0.848 0.777 0.724 0.654 0.76 0.495 0.477 0.407 0.354
1.095 1.201 1.413 3.498 1.343 1.166 1.042 0.919 0.848 0.777 0.689 0.636 0.512 0.477 0.407 0.354
0.989 1.06 1.184 1.36 3.922 1.325 1.148 1.025 0.919 0.813 0.742 0.742 0.53 0.495 0.407 0.336
0.919 0.936 1.06 1.166 1.343 3.498 1.325 1.131 1.007 0.901 0.795 0.636 0.565 0.512 0.442 0.372
0.83 0.866 0.936 1.042 1.148 1.343 3.604 1.29 1.148 0.989 0.883 0.636 0.601 0.548 0.46 0.354
0.795 0.795 0.848 0.919 1.025 1.148 1.307 4.028 1.325 1.148 0.972 0.671 0.654 0.583 0.478 0.354
0.742 0.724 0.777 0.848 0.919 1.025 1.148 1.343 3.392 1.343 1.095 0.707 0.707 0.618 0.495 0.372
0.689 0.654 0.724 0.76 0.813 0.901 0.989 1.148 1.343 3.498 1.325 0.742 0.813 0.724 0.548 0.372
0.671 0.618 0.636 0.689 0.742 0.795 0.883 0.972 1.095 1.36 3.503 0.83 0.919 0.795 0.584 0.372
1.661 0.512 0.601 0.53 0.601 0.565 0.565 0.618 0.671 0.724 0.83 42.189 0.724 0.618 0.478 0.407
0.495 0.477 0.495 0.53 0.548 0.583 0.601 0.636 0.707 0.813 0.919 0.724 3.29 1.06 0.725 0.442
0.459 0.459 0.477 0.477 0.495 0.512 0.548 0.583 0.636 0.724 0.795 0.636 1.06 3.503 0.885 0.407
0.406 0.406 0.406 0.406 0.442 0.442 0.459 0.477 0.495 0.548 0.601 0.477 0.724 0.919 3.392 0.46
0.371 0.353 0.336 0.336 0.336 0.336 0.336 0.336 0.336 0.353 0.353 0.459 0.406 0.389 0.46 23.638