1.908 0.53 0.424 0.442 0.406 0.389 0.353 0.353 0.371 0.336 0.283 0.265 0.406 0.194 0.177 0.159
0.583 1.908 0.389 0.477 0.477 0.424 0.371 0.353 0.336 0.3 0.283 0.265 0.389 0.177 0.177 0.177
0.477 0.389 7.632 0.477 0.495 0.424 0.424 0.512 0.424 0.389 0.442 0.353 1.466 0.247 0.212 0.212
0.477 0.495 0.477 2.014 0.601 0.53 0.406 0.406 0.353 0.318 0.283 0.283 0.424 0.177 0.177 0.159
0.389 0.406 0.442 0.565 2.014 0.601 0.459 0.424 0.389 0.318 0.318 0.283 0.477 0.177 0.177 0.177
0.389 0.353 0.406 0.477 0.583 2.017 0.53 0.477 0.406 0.336 0.301 0.265 0.389 0.194 0.177 0.141
0.318 0.3 0.353 0.353 0.442 0.512 1.802 0.548 0.424 0.389 0.301 0.283 0.389 0.212 0.177 0.159
0.318 0.265 0.406 0.283 0.389 0.442 0.53 1.908 0.565 0.406 0.354 0.3 0.477 0.212 0.194 0.177
0.318 0.23 0.336 0.265 0.318 0.353 0.406 0.565 2.12 0.512 0.407 0.336 0.406 0.23 0.212 0.159
0.265 0.212 0.3 0.247 0.265 0.3 0.353 0.424 0.512 1.908 0.46 0.353 0.389 0.247 0.194 0.159
0.23 0.194 0.336 0.194 0.247 0.247 0.3 0.353 0.406 0.477 2.014 0.477 0.707 0.283 0.23 0.194
0.212 0.177 0.283 0.194 0.247 0.212 0.247 0.3 0.318 0.353 0.478 1.802 0.389 0.318 0.23 0.194
0.336 0.283 1.254 0.336 0.406 0.336 0.353 0.477 0.389 0.389 0.708 0.389 21.942 0.247 0.212 0.212
0.141 0.106 0.124 0.124 0.159 0.141 0.159 0.194 0.23 0.23 0.283 0.318 0.265 1.696 0.371 0.247
0.141 0.106 0.124 0.106 0.124 0.124 0.159 0.177 0.212 0.212 0.23 0.23 0.23 0.371 1.802 0.3
0.124 0.124 0.124 0.106 0.124 0.124 0.141 0.159 0.177 0.177 0.195 0.194 0.212 0.247 0.3 1.59