24.592 1.343 1.201 1.025 0.936 0.866 0.795 0.725 0.672 0.636 0.636 2.123 0.46 0.424 0.372 0.336
1.396 3.286 1.396 1.166 1.025 0.919 0.813 0.743 0.655 0.618 0.583 0.495 0.442 0.406 0.372 0.3
1.237 1.396 3.816 1.325 1.148 1.025 0.883 0.778 0.743 0.671 0.618 0.655 0.442 0.406 0.372 0.3
1.042 1.166 1.343 3.392 1.29 1.113 0.972 0.867 0.796 0.707 0.636 0.566 0.478 0.424 0.372 0.3
0.954 1.007 1.148 1.29 3.816 1.272 1.095 0.955 0.849 0.777 0.671 0.69 0.495 0.442 0.372 0.3
0.866 0.901 1.007 1.095 1.272 3.498 1.254 1.079 0.955 0.848 0.742 0.584 0.513 0.477 0.389 0.3
0.777 0.813 0.883 0.972 1.095 1.272 3.498 1.221 1.079 0.954 0.813 0.601 0.548 0.495 0.407 0.3
0.777 0.724 0.795 0.848 0.954 1.078 1.237 3.816 1.274 1.078 0.919 0.655 0.601 0.53 0.442 0.3
0.707 0.671 0.724 0.777 0.848 0.954 1.078 1.274 3.286 1.272 1.06 0.672 0.655 0.565 0.46 0.3
0.636 0.618 0.654 0.689 0.777 0.848 0.919 1.079 1.291 3.498 1.272 0.725 0.743 0.654 0.495 0.3
0.618 0.565 0.601 0.618 0.671 0.742 0.813 0.92 1.061 1.29 3.286 0.831 0.867 0.742 0.566 0.3
1.537 0.477 0.53 0.477 0.565 0.512 0.53 0.584 0.619 0.707 0.813 42.245 0.708 0.583 0.442 0.336
0.442 0.442 0.459 0.459 0.495 0.512 0.548 0.601 0.672 0.777 0.883 0.708 3.078 0.989 0.69 0.371
0.424 0.406 0.424 0.424 0.442 0.477 0.512 0.548 0.584 0.654 0.76 0.619 1.008 3.286 0.867 0.353
0.371 0.371 0.371 0.371 0.389 0.406 0.406 0.442 0.478 0.512 0.565 0.478 0.69 0.866 3.184 0.389
0.318 0.3 0.3 0.283 0.3 0.3 0.3 0.301 0.301 0.318 0.318 0.407 0.372 0.353 0.389 23.245