24.698 1.378 1.237 1.06 0.954 0.883 0.795 0.76 0.708 0.637 0.636 2.155 0.495 0.46 0.406 0.371
1.413 3.286 1.413 1.166 1.042 0.936 0.848 0.742 0.69 0.637 0.601 0.512 0.477 0.442 0.406 0.353
1.254 1.431 3.71 1.36 1.166 1.042 0.919 0.813 0.743 0.69 0.618 0.671 0.495 0.442 0.406 0.336
1.042 1.166 1.36 3.392 1.325 1.148 1.007 0.883 0.814 0.743 0.671 0.601 0.495 0.46 0.406 0.336
0.954 1.042 1.148 1.325 3.922 1.29 1.095 0.972 0.885 0.796 0.707 0.707 0.53 0.495 0.406 0.336
0.883 0.919 1.042 1.148 1.307 3.498 1.272 1.095 0.973 0.867 0.777 0.601 0.548 0.495 0.442 0.336
0.813 0.83 0.901 1.007 1.095 1.29 3.498 1.254 1.097 0.955 0.83 0.618 0.583 0.531 0.442 0.336
0.777 0.76 0.83 0.883 0.972 1.078 1.272 3.816 1.291 1.097 0.954 0.671 0.618 0.566 0.477 0.336
0.707 0.707 0.742 0.813 0.883 0.972 1.095 1.307 3.286 1.309 1.078 0.689 0.707 0.619 0.495 0.336
0.671 0.618 0.671 0.742 0.795 0.883 0.954 1.095 1.309 3.498 1.307 0.742 0.777 0.672 0.548 0.353
0.671 0.601 0.618 0.654 0.707 0.777 0.848 0.954 1.079 1.309 3.498 0.83 0.901 0.778 0.583 0.353
1.537 0.477 0.548 0.512 0.583 0.53 0.548 0.583 0.637 0.708 0.83 42.189 0.724 0.601 0.477 0.371
0.442 0.477 0.495 0.495 0.512 0.548 0.583 0.636 0.708 0.796 0.919 0.742 3.18 1.026 0.724 0.424
0.442 0.442 0.442 0.459 0.477 0.495 0.512 0.583 0.619 0.69 0.777 0.636 1.042 3.498 0.883 0.406
0.406 0.389 0.389 0.406 0.406 0.424 0.442 0.477 0.478 0.531 0.583 0.477 0.724 0.92 3.397 0.459
0.353 0.318 0.318 0.3 0.318 0.336 0.318 0.318 0.318 0.336 0.336 0.424 0.406 0.389 0.442 23.245