22.684 0.76 0.742 0.671 0.654 0.636 0.601 0.601 0.565 0.53 0.53 2.014 0.442 0.424 0.389 0.336
0.777 2.438 0.795 0.724 0.689 0.636 0.618 0.583 0.565 0.512 0.495 0.353 0.424 0.406 0.371 0.336
0.742 0.795 2.862 0.813 0.742 0.707 0.654 0.618 0.583 0.548 0.512 0.548 0.442 0.406 0.371 0.3
0.654 0.724 0.813 2.756 0.813 0.742 0.707 0.654 0.601 0.583 0.53 0.459 0.442 0.442 0.371 0.3
0.654 0.689 0.742 0.813 3.18 0.813 0.76 0.689 0.618 0.583 0.565 0.565 0.459 0.442 0.389 0.3
0.636 0.654 0.707 0.742 0.83 2.862 0.83 0.742 0.671 0.618 0.583 0.477 0.477 0.442 0.406 0.336
0.601 0.636 0.654 0.707 0.742 0.848 2.968 0.83 0.742 0.671 0.601 0.495 0.495 0.477 0.406 0.3
0.601 0.583 0.618 0.654 0.707 0.742 0.83 3.18 0.848 0.742 0.671 0.512 0.512 0.495 0.442 0.318
0.565 0.548 0.583 0.618 0.618 0.671 0.742 0.866 2.65 0.83 0.742 0.53 0.565 0.512 0.442 0.318
0.53 0.53 0.548 0.583 0.601 0.618 0.671 0.742 0.83 2.756 0.813 0.53 0.618 0.548 0.477 0.336
0.53 0.495 0.512 0.512 0.565 0.583 0.618 0.654 0.742 0.813 2.756 0.583 0.636 0.583 0.495 0.336
1.502 0.389 0.459 0.406 0.477 0.424 0.442 0.477 0.477 0.512 0.565 42.189 0.512 0.459 0.389 0.353
0.424 0.442 0.442 0.459 0.477 0.477 0.512 0.53 0.583 0.601 0.636 0.53 2.65 0.724 0.583 0.389
0.406 0.424 0.424 0.442 0.442 0.459 0.477 0.495 0.512 0.565 0.601 0.477 0.724 2.862 0.707 0.353
0.389 0.389 0.389 0.406 0.406 0.406 0.406 0.442 0.459 0.477 0.495 0.406 0.583 0.707 2.65 0.389
0.336 0.3 0.3 0.3 0.3 0.3 0.3 0.3 0.3 0.318 0.318 0.406 0.371 0.371 0.389 23.426