22.684 0.777 0.724 0.654 0.636 0.601 0.583 0.601 0.565 0.53 0.53 2.014 0.442 0.424 0.389 0.336
0.777 2.438 0.777 0.724 0.671 0.636 0.618 0.584 0.548 0.512 0.495 0.353 0.424 0.424 0.389 0.301
0.724 0.795 2.862 0.777 0.707 0.671 0.636 0.619 0.583 0.548 0.512 0.548 0.442 0.442 0.371 0.301
0.671 0.724 0.795 2.756 0.777 0.707 0.671 0.637 0.618 0.583 0.53 0.459 0.442 0.442 0.389 0.301
0.636 0.671 0.724 0.795 3.18 0.777 0.742 0.672 0.618 0.583 0.565 0.548 0.442 0.442 0.389 0.301
0.618 0.618 0.671 0.724 0.795 2.862 0.813 0.725 0.671 0.618 0.583 0.477 0.477 0.459 0.406 0.301
0.601 0.618 0.636 0.689 0.724 0.795 2.862 0.796 0.724 0.671 0.618 0.495 0.495 0.477 0.424 0.301
0.601 0.583 0.601 0.618 0.671 0.742 0.795 3.18 0.813 0.742 0.671 0.495 0.53 0.495 0.442 0.301
0.565 0.548 0.565 0.601 0.618 0.671 0.724 0.831 2.438 0.813 0.742 0.512 0.565 0.53 0.459 0.301
0.53 0.512 0.53 0.565 0.583 0.618 0.671 0.743 0.83 2.756 0.813 0.53 0.618 0.583 0.477 0.301
0.53 0.495 0.512 0.512 0.565 0.583 0.618 0.672 0.724 0.813 2.756 0.583 0.636 0.601 0.495 0.318
1.502 0.389 0.442 0.406 0.477 0.424 0.442 0.478 0.477 0.512 0.565 42.189 0.512 0.477 0.389 0.336
0.424 0.442 0.442 0.459 0.477 0.477 0.495 0.531 0.583 0.618 0.636 0.53 2.65 0.724 0.583 0.354
0.442 0.406 0.424 0.442 0.442 0.459 0.477 0.513 0.548 0.583 0.618 0.477 0.724 2.862 0.689 0.354
0.389 0.389 0.389 0.389 0.406 0.406 0.424 0.442 0.459 0.495 0.495 0.406 0.583 0.707 2.544 0.389
0.318 0.3 0.3 0.3 0.3 0.3 0.3 0.301 0.3 0.3 0.3 0.389 0.371 0.336 0.389 23.426