2.014 0.619 0.548 0.530 0.460 0.478 0.425 0.407 0.407 0.354 0.336 0.283 0.425 0.212 0.212 0.177
0.618 2.120 0.530 0.618 0.548 0.513 0.460 0.442 0.407 0.372 0.336 0.318 0.425 0.212 0.212 0.177
0.548 0.531 7.855 0.654 0.655 0.584 0.566 0.619 0.531 0.478 0.531 0.442 1.433 0.283 0.283 0.248
0.512 0.619 0.654 2.229 0.778 0.708 0.584 0.531 0.478 0.407 0.372 0.318 0.495 0.212 0.212 0.195
0.477 0.548 0.654 0.777 2.226 0.761 0.619 0.584 0.513 0.442 0.389 0.354 0.548 0.212 0.212 0.212
0.459 0.513 0.583 0.707 0.761 2.226 0.743 0.637 0.548 0.478 0.407 0.354 0.495 0.230 0.212 0.195
0.406 0.460 0.565 0.583 0.619 0.743 2.014 0.708 0.601 0.513 0.407 0.372 0.495 0.248 0.212 0.195
0.406 0.425 0.636 0.530 0.584 0.637 0.708 2.123 0.743 0.601 0.495 0.407 0.584 0.248 0.248 0.212
0.389 0.407 0.548 0.477 0.513 0.566 0.584 0.743 2.229 0.708 0.548 0.407 0.513 0.283 0.265 0.212
0.371 0.372 0.495 0.406 0.442 0.478 0.513 0.584 0.708 2.017 0.619 0.478 0.513 0.301 0.265 0.230
0.336 0.318 0.530 0.371 0.389 0.389 0.425 0.495 0.566 0.637 2.229 0.601 0.796 0.354 0.301 0.248
0.300 0.318 0.442 0.318 0.354 0.354 0.354 0.389 0.425 0.460 0.601 1.911 0.478 0.407 0.336 0.265
0.406 0.425 1.396 0.495 0.548 0.478 0.478 0.584 0.513 0.478 0.761 0.460 21.972 0.318 0.283 0.248
0.212 0.230 0.283 0.230 0.230 0.230 0.230 0.265 0.283 0.301 0.354 0.407 0.336 1.804 0.495 0.372
0.194 0.195 0.283 0.212 0.230 0.212 0.212 0.230 0.265 0.265 0.301 0.336 0.301 0.495 1.911 0.425
0.194 0.195 0.265 0.194 0.195 0.195 0.195 0.212 0.212 0.212 0.248 0.265 0.265 0.354 0.442 1.592
