17.195 1.698 1.628 1.486 1.433 1.274 1.132 1.026 0.938 0.885 0.849 2.654 0.655 0.619 0.548 0.478
1.716 3.715 1.893 1.681 1.486 1.291 1.097 0.973 0.867 0.778 0.725 0.814 0.601 0.566 0.513 0.407
1.628 1.928 4.033 1.964 1.716 1.468 1.256 1.097 0.955 0.867 0.778 1.097 0.619 0.584 0.513 0.407
1.486 1.681 1.981 3.927 1.946 1.645 1.38 1.168 1.044 0.92 0.849 0.885 0.655 0.601 0.531 0.407
1.433 1.486 1.716 1.981 4.14 1.84 1.539 1.291 1.115 0.991 0.885 0.973 0.672 0.637 0.566 0.407
1.256 1.274 1.451 1.645 1.858 3.927 1.734 1.451 1.256 1.079 0.973 0.831 0.743 0.672 0.584 0.407
1.115 1.097 1.256 1.38 1.539 1.751 3.821 1.645 1.362 1.168 1.044 0.778 0.778 0.708 0.619 0.407
1.044 0.973 1.079 1.168 1.309 1.451 1.645 3.821 1.521 1.291 1.132 0.778 0.831 0.778 0.655 0.407
0.938 0.867 0.955 1.044 1.097 1.256 1.362 1.521 3.184 1.415 1.221 0.743 0.902 0.831 0.69 0.407
0.867 0.778 0.849 0.92 0.991 1.079 1.168 1.291 1.415 3.397 1.327 0.69 0.955 0.885 0.725 0.407
0.849 0.708 0.778 0.831 0.885 0.955 1.044 1.097 1.221 1.344 3.184 0.708 1.044 0.92 0.778 0.407
2.176 0.672 0.849 0.69 0.725 0.619 0.584 0.566 0.566 0.531 0.566 42.351 0.478 0.442 0.389 0.885
0.619 0.601 0.619 0.655 0.708 0.743 0.796 0.867 0.902 0.973 1.044 0.619 2.972 1.026 0.849 0.425
0.584 0.548 0.566 0.619 0.637 0.69 0.725 0.778 0.814 0.885 0.938 0.566 1.026 2.866 0.938 0.425
0.531 0.495 0.495 0.531 0.566 0.584 0.619 0.655 0.69 0.725 0.778 0.478 0.849 0.938 2.547 0.478
0.372 0.372 0.389 0.389 0.389 0.407 0.389 0.389 0.389 0.389 0.389 1.079 0.442 0.407 0.46 24.731