22.684 0.689 0.654 0.601 0.583 0.565 0.512 0.512 0.477 0.459 0.442 1.943 0.353 0.336 0.301 0.283
0.724 2.332 0.707 0.654 0.618 0.583 0.548 0.495 0.477 0.442 0.406 0.336 0.353 0.336 0.301 0.247
0.671 0.724 2.862 0.742 0.654 0.618 0.583 0.548 0.495 0.477 0.442 0.495 0.371 0.336 0.301 0.23
0.601 0.654 0.742 2.544 0.724 0.671 0.618 0.565 0.53 0.495 0.442 0.389 0.371 0.336 0.301 0.23
0.618 0.601 0.654 0.742 3.18 0.742 0.654 0.618 0.565 0.512 0.477 0.495 0.371 0.353 0.301 0.23
0.565 0.583 0.618 0.671 0.742 2.756 0.742 0.654 0.601 0.548 0.495 0.406 0.406 0.371 0.301 0.247
0.548 0.565 0.601 0.618 0.671 0.76 2.756 0.742 0.654 0.601 0.53 0.424 0.406 0.371 0.318 0.247
0.565 0.53 0.548 0.601 0.618 0.654 0.724 3.18 0.742 0.654 0.583 0.442 0.442 0.406 0.336 0.23
0.495 0.495 0.512 0.548 0.565 0.601 0.654 0.76 2.438 0.742 0.618 0.459 0.477 0.442 0.354 0.247
0.495 0.459 0.477 0.495 0.512 0.548 0.601 0.654 0.76 2.756 0.724 0.459 0.512 0.459 0.372 0.247
0.495 0.442 0.442 0.477 0.495 0.495 0.53 0.601 0.636 0.724 2.756 0.495 0.565 0.495 0.407 0.247
1.466 0.353 0.424 0.353 0.424 0.353 0.389 0.406 0.424 0.442 0.495 42.189 0.459 0.389 0.318 0.318
0.353 0.371 0.371 0.371 0.371 0.406 0.424 0.442 0.477 0.512 0.565 0.477 2.756 0.636 0.478 0.318
0.371 0.336 0.353 0.371 0.371 0.371 0.371 0.406 0.442 0.477 0.495 0.406 0.636 2.866 0.619 0.283
0.318 0.3 0.3 0.3 0.3 0.336 0.336 0.336 0.371 0.371 0.406 0.336 0.477 0.618 2.968 0.318
0.283 0.247 0.23 0.23 0.23 0.23 0.23 0.23 0.23 0.23 0.23 0.336 0.3 0.265 0.318 23.214