1.911 0.512 0.46 0.442 0.389 0.389 0.354 0.336 0.336 0.301 0.265 0.248 0.372 0.177 0.195 0.177
0.513 2.017 0.46 0.531 0.442 0.425 0.372 0.354 0.318 0.283 0.265 0.283 0.354 0.195 0.177 0.177
0.46 0.442 7.855 0.548 0.548 0.46 0.46 0.513 0.425 0.389 0.425 0.354 1.433 0.248 0.23 0.212
0.425 0.548 0.548 2.229 0.619 0.566 0.442 0.46 0.354 0.318 0.283 0.265 0.389 0.195 0.177 0.177
0.372 0.442 0.548 0.619 1.911 0.601 0.513 0.619 0.425 0.354 0.318 0.283 0.46 0.212 0.177 0.177
0.389 0.424 0.478 0.566 0.619 2.017 0.584 0.513 0.425 0.354 0.301 0.283 0.389 0.195 0.177 0.177
0.336 0.371 0.442 0.46 0.513 0.584 1.804 0.566 0.442 0.389 0.318 0.301 0.389 0.195 0.177 0.177
0.336 0.371 0.531 0.46 0.637 0.513 0.548 1.698 0.531 0.425 0.354 0.301 0.495 0.212 0.177 0.177
0.318 0.318 0.425 0.372 0.425 0.425 0.442 0.531 2.123 0.513 0.407 0.336 0.407 0.23 0.212 0.177
0.301 0.3 0.372 0.318 0.354 0.354 0.389 0.442 0.513 1.911 0.46 0.372 0.389 0.23 0.212 0.195
0.265 0.265 0.425 0.283 0.318 0.318 0.336 0.354 0.425 0.478 1.911 0.442 0.69 0.301 0.248 0.212
0.248 0.283 0.354 0.283 0.301 0.283 0.283 0.318 0.336 0.372 0.442 1.698 0.389 0.301 0.248 0.212
0.354 0.353 1.38 0.407 0.46 0.372 0.372 0.478 0.389 0.389 0.672 0.354 21.972 0.248 0.23 0.212
0.195 0.194 0.23 0.195 0.195 0.195 0.195 0.212 0.23 0.248 0.283 0.301 0.265 1.592 0.336 0.301
0.195 0.194 0.23 0.195 0.195 0.177 0.195 0.195 0.212 0.212 0.23 0.265 0.23 0.354 1.698 0.336
0.195 0.177 0.23 0.177 0.195 0.177 0.177 0.195 0.195 0.195 0.23 0.23 0.23 0.283 0.336 1.592