1.804 0.442 0.372 0.389 0.354 0.336 0.283 0.283 0.265 0.248 0.23 0.212 0.318 0.142 0.159 0.159
0.442 1.804 0.389 0.425 0.389 0.354 0.318 0.283 0.248 0.248 0.212 0.212 0.301 0.159 0.142 0.142
0.389 0.372 7.642 0.46 0.46 0.389 0.354 0.425 0.354 0.318 0.372 0.301 1.327 0.212 0.212 0.195
0.389 0.442 0.46 2.017 0.495 0.442 0.354 0.336 0.283 0.248 0.248 0.212 0.336 0.159 0.159 0.142
0.318 0.389 0.46 0.513 1.911 0.495 0.389 0.354 0.301 0.265 0.248 0.212 0.407 0.177 0.142 0.142
0.318 0.354 0.389 0.46 0.478 1.804 0.442 0.372 0.336 0.283 0.248 0.23 0.318 0.159 0.142 0.142
0.283 0.301 0.372 0.354 0.372 0.442 1.698 0.425 0.372 0.318 0.265 0.248 0.336 0.159 0.177 0.142
0.247 0.301 0.442 0.318 0.354 0.389 0.442 1.804 0.442 0.372 0.283 0.248 0.407 0.177 0.177 0.142
0.247 0.248 0.354 0.283 0.301 0.318 0.354 0.442 1.911 0.407 0.336 0.265 0.336 0.195 0.195 0.159
0.247 0.23 0.301 0.248 0.265 0.283 0.318 0.354 0.407 1.804 0.372 0.301 0.318 0.195 0.177 0.177
0.194 0.23 0.372 0.212 0.248 0.248 0.265 0.301 0.336 0.372 1.804 0.354 0.601 0.23 0.212 0.177
0.194 0.212 0.301 0.212 0.212 0.212 0.248 0.248 0.265 0.301 0.372 1.592 0.318 0.265 0.212 0.195
0.3 0.301 1.256 0.336 0.372 0.301 0.301 0.407 0.318 0.301 0.584 0.318 22.184 0.212 0.212 0.195
0.141 0.159 0.195 0.159 0.159 0.159 0.159 0.177 0.195 0.195 0.23 0.265 0.23 1.592 0.336 0.265
0.159 0.159 0.195 0.142 0.159 0.142 0.159 0.159 0.177 0.177 0.195 0.212 0.212 0.336 1.698 0.301
0.124 0.142 0.195 0.142 0.142 0.142 0.142 0.159 0.159 0.159 0.195 0.195 0.212 0.248 0.301 1.592