20.034 0.618 0.548 0.477 0.442 0.371 0.336 0.336 0.3 0.283 0.283 1.309 0.212 0.212 0.177 0.159
0.601 2.226 0.601 0.512 0.477 0.406 0.371 0.318 0.3 0.265 0.247 0.23 0.194 0.177 0.177 0.124
0.565 0.618 2.544 0.601 0.512 0.459 0.406 0.353 0.318 0.3 0.265 0.318 0.212 0.195 0.177 0.124
0.459 0.53 0.618 2.332 0.601 0.512 0.442 0.371 0.336 0.3 0.265 0.283 0.23 0.212 0.194 0.142
0.442 0.459 0.512 0.583 2.544 0.565 0.495 0.406 0.371 0.336 0.3 0.336 0.23 0.212 0.194 0.124
0.389 0.406 0.459 0.495 0.565 2.335 0.53 0.459 0.406 0.371 0.336 0.265 0.265 0.23 0.194 0.142
0.353 0.371 0.406 0.442 0.477 0.548 2.226 0.53 0.459 0.406 0.371 0.283 0.265 0.265 0.23 0.142
0.353 0.318 0.336 0.371 0.406 0.442 0.53 2.438 0.548 0.477 0.406 0.318 0.3 0.283 0.23 0.124
0.318 0.3 0.318 0.336 0.371 0.406 0.459 0.548 2.12 0.548 0.477 0.336 0.336 0.318 0.265 0.142
0.283 0.265 0.3 0.3 0.336 0.371 0.406 0.459 0.548 2.441 0.548 0.336 0.371 0.354 0.3 0.142
0.3 0.23 0.265 0.265 0.3 0.336 0.371 0.406 0.477 0.548 2.335 0.389 0.442 0.389 0.318 0.142
1.06 0.23 0.283 0.23 0.265 0.23 0.247 0.283 0.3 0.318 0.371 42.245 0.318 0.301 0.247 0.23
0.194 0.194 0.212 0.23 0.23 0.247 0.265 0.3 0.336 0.371 0.442 0.354 2.332 0.478 0.371 0.195
0.212 0.194 0.194 0.194 0.23 0.23 0.265 0.3 0.318 0.353 0.406 0.301 0.477 2.438 0.459 0.177
0.177 0.177 0.177 0.194 0.194 0.194 0.23 0.23 0.265 0.3 0.318 0.265 0.389 0.46 2.014 0.212
0.159 0.124 0.124 0.124 0.124 0.124 0.124 0.124 0.124 0.124 0.141 0.265 0.194 0.159 0.194 22.578