1.804 0.478 0.389 0.407 0.336 0.336 0.301 0.301 0.301 0.265 0.248 0.212 0.336 0.177 0.195 0.159
0.478 1.804 0.389 0.46 0.372 0.354 0.318 0.318 0.283 0.248 0.248 0.248 0.318 0.177 0.159 0.159
0.389 0.407 7.748 0.478 0.46 0.407 0.389 0.442 0.354 0.318 0.372 0.318 1.327 0.212 0.212 0.212
0.389 0.46 0.495 2.017 0.495 0.46 0.372 0.372 0.318 0.283 0.248 0.23 0.354 0.177 0.177 0.159
0.336 0.372 0.478 0.478 1.698 0.478 0.407 0.584 0.354 0.318 0.283 0.248 0.407 0.177 0.177 0.177
0.354 0.354 0.407 0.46 0.478 1.804 0.442 0.407 0.354 0.301 0.265 0.23 0.336 0.177 0.177 0.142
0.301 0.336 0.389 0.389 0.425 0.46 1.698 0.425 0.372 0.336 0.265 0.248 0.336 0.177 0.177 0.159
0.301 0.336 0.442 0.389 0.566 0.425 0.425 1.592 0.442 0.372 0.301 0.265 0.407 0.177 0.177 0.177
0.283 0.283 0.372 0.318 0.354 0.354 0.372 0.442 1.911 0.442 0.354 0.283 0.354 0.212 0.212 0.177
0.265 0.265 0.336 0.283 0.301 0.318 0.336 0.336 0.425 1.804 0.372 0.301 0.336 0.212 0.212 0.177
0.23 0.248 0.372 0.248 0.265 0.248 0.265 0.301 0.354 0.407 1.804 0.372 0.601 0.248 0.212 0.195
0.212 0.248 0.336 0.248 0.248 0.248 0.248 0.265 0.283 0.318 0.372 1.698 0.318 0.283 0.23 0.212
0.318 0.318 1.274 0.354 0.407 0.318 0.318 0.407 0.336 0.318 0.584 0.318 21.972 0.248 0.23 0.212
0.159 0.177 0.212 0.159 0.177 0.177 0.177 0.195 0.195 0.212 0.248 0.301 0.23 1.592 0.336 0.283
0.159 0.159 0.23 0.177 0.159 0.177 0.159 0.177 0.212 0.195 0.23 0.23 0.23 0.336 1.804 0.336
0.159 0.177 0.23 0.159 0.159 0.159 0.159 0.159 0.177 0.177 0.195 0.212 0.212 0.283 0.336 1.592