1.911 0.584 0.478 0.46 0.407 0.407 0.354 0.354 0.372 0.354 0.336 0.283 0.407 0.212 0.195 0.177
0.584 2.017 0.46 0.584 0.46 0.442 0.372 0.372 0.354 0.354 0.318 0.318 0.425 0.195 0.177 0.177
0.478 0.442 7.748 0.548 0.531 0.46 0.46 0.548 0.495 0.46 0.513 0.425 1.398 0.248 0.23 0.23
0.46 0.566 0.548 2.229 0.655 0.584 0.425 0.442 0.407 0.372 0.336 0.301 0.46 0.195 0.177 0.177
0.407 0.495 0.548 0.672 2.229 0.672 0.478 0.478 0.442 0.389 0.354 0.318 0.531 0.212 0.195 0.177
0.407 0.442 0.478 0.584 0.655 2.335 0.601 0.548 0.478 0.407 0.354 0.318 0.442 0.195 0.177 0.177
0.336 0.372 0.442 0.46 0.46 0.619 2.335 0.655 0.548 0.478 0.372 0.336 0.442 0.195 0.177 0.177
0.318 0.354 0.495 0.389 0.407 0.425 0.548 2.017 0.708 0.566 0.46 0.372 0.548 0.212 0.195 0.177
0.318 0.301 0.389 0.354 0.318 0.354 0.372 0.672 2.229 0.672 0.513 0.372 0.478 0.212 0.212 0.177
0.283 0.265 0.354 0.301 0.283 0.283 0.354 0.495 0.672 2.017 0.601 0.442 0.46 0.23 0.212 0.195
0.23 0.23 0.389 0.248 0.212 0.23 0.248 0.389 0.531 0.619 2.229 0.566 0.796 0.265 0.23 0.195
0.23 0.248 0.318 0.248 0.212 0.212 0.248 0.318 0.389 0.425 0.584 2.123 0.46 0.301 0.23 0.212
0.354 0.354 1.274 0.389 0.425 0.354 0.372 0.495 0.46 0.46 0.761 0.442 21.441 0.248 0.23 0.212
0.142 0.159 0.195 0.159 0.124 0.142 0.159 0.195 0.23 0.23 0.248 0.283 0.265 1.911 0.389 0.301
0.159 0.159 0.177 0.159 0.124 0.142 0.142 0.177 0.23 0.212 0.23 0.23 0.23 0.407 1.804 0.336
0.124 0.142 0.177 0.142 0.124 0.124 0.142 0.159 0.195 0.177 0.195 0.212 0.23 0.301 0.354 1.592