2.123 0.619 0.513 0.46 0.425 0.407 0.354 0.372 0.372 0.354 0.318 0.283 0.407 0.195 0.195 0.195
0.619 2.335 0.513 0.619 0.513 0.442 0.389 0.389 0.354 0.336 0.318 0.301 0.425 0.177 0.177 0.177
0.531 0.513 7.961 0.584 0.601 0.495 0.495 0.548 0.495 0.46 0.478 0.407 1.433 0.248 0.23 0.23
0.495 0.619 0.584 2.229 0.725 0.584 0.478 0.46 0.407 0.354 0.336 0.301 0.425 0.212 0.177 0.177
0.425 0.513 0.601 0.725 2.229 0.672 0.531 0.513 0.425 0.389 0.354 0.318 0.531 0.195 0.177 0.177
0.425 0.46 0.513 0.601 0.672 2.123 0.619 0.548 0.478 0.407 0.354 0.301 0.425 0.195 0.177 0.177
0.372 0.407 0.478 0.478 0.531 0.619 1.911 0.619 0.548 0.478 0.372 0.336 0.442 0.212 0.177 0.177
0.354 0.389 0.566 0.46 0.513 0.566 0.637 1.911 0.69 0.566 0.442 0.354 0.531 0.212 0.177 0.177
0.372 0.354 0.478 0.389 0.425 0.478 0.548 0.69 2.229 0.672 0.513 0.372 0.478 0.23 0.212 0.177
0.354 0.336 0.442 0.354 0.389 0.407 0.46 0.566 0.672 2.017 0.601 0.425 0.46 0.23 0.212 0.177
0.318 0.318 0.495 0.336 0.354 0.354 0.372 0.425 0.513 0.584 2.229 0.548 0.761 0.248 0.212 0.195
0.301 0.318 0.407 0.301 0.318 0.301 0.318 0.354 0.389 0.425 0.548 2.017 0.425 0.301 0.248 0.212
0.389 0.407 1.398 0.425 0.513 0.425 0.425 0.531 0.46 0.442 0.743 0.442 21.866 0.265 0.248 0.23
0.212 0.195 0.23 0.195 0.195 0.195 0.195 0.195 0.212 0.23 0.248 0.301 0.265 1.804 0.389 0.301
0.195 0.195 0.23 0.177 0.195 0.177 0.177 0.195 0.212 0.212 0.23 0.23 0.23 0.407 1.804 0.336
0.195 0.177 0.23 0.177 0.177 0.177 0.177 0.177 0.177 0.177 0.195 0.212 0.23 0.301 0.354 1.592