25.122 0.848 0.795 0.707 0.689 0.636 0.618 0.601 0.565 0.530 0.530 1.996 0.442 0.424 0.389 0.353
0.866 2.862 0.883 0.813 0.742 0.689 0.636 0.601 0.548 0.512 0.495 0.371 0.424 0.406 0.389 0.336
0.813 0.901 3.180 0.919 0.830 0.777 0.707 0.618 0.601 0.565 0.512 0.530 0.442 0.406 0.389 0.318
0.689 0.795 0.919 2.968 0.936 0.848 0.777 0.671 0.618 0.583 0.530 0.477 0.442 0.424 0.406 0.318
0.671 0.707 0.813 0.936 3.710 0.936 0.830 0.742 0.671 0.618 0.565 0.583 0.442 0.442 0.406 0.318
0.618 0.671 0.742 0.830 0.936 3.180 0.954 0.830 0.742 0.671 0.618 0.477 0.477 0.442 0.406 0.336
0.601 0.618 0.689 0.742 0.848 0.972 3.392 0.972 0.848 0.742 0.671 0.495 0.512 0.477 0.442 0.336
0.601 0.565 0.618 0.671 0.742 0.848 0.972 3.922 1.007 0.883 0.777 0.548 0.548 0.512 0.442 0.318
0.530 0.530 0.565 0.618 0.671 0.742 0.848 1.025 3.286 1.007 0.883 0.565 0.601 0.548 0.477 0.336
0.495 0.495 0.548 0.565 0.618 0.671 0.760 0.883 1.007 3.498 0.972 0.601 0.654 0.601 0.495 0.336
0.512 0.477 0.495 0.530 0.565 0.618 0.654 0.777 0.848 0.989 3.180 0.671 0.707 0.618 0.512 0.336
1.466 0.389 0.459 0.406 0.495 0.442 0.459 0.512 0.530 0.565 0.636 42.189 0.548 0.477 0.406 0.371
0.389 0.406 0.424 0.424 0.459 0.477 0.512 0.548 0.601 0.636 0.724 0.583 2.862 0.760 0.618 0.406
0.389 0.389 0.389 0.406 0.442 0.442 0.477 0.512 0.548 0.583 0.636 0.512 0.777 3.392 0.707 0.371
0.371 0.371 0.371 0.371 0.406 0.406 0.406 0.442 0.477 0.495 0.512 0.424 0.618 0.707 2.650 0.406
0.318 0.300 0.283 0.300 0.300 0.318 0.300 0.300 0.300 0.318 0.336 0.406 0.371 0.371 0.424 24.592
