2.123 0.584 0.531 0.478 0.425 0.442 0.372 0.354 0.372 0.354 0.336 0.283 0.425 0.212 0.212 0.177
0.584 2.335 0.495 0.637 0.531 0.478 0.389 0.389 0.354 0.354 0.318 0.318 0.425 0.212 0.195 0.212
0.513 0.513 7.961 0.619 0.619 0.531 0.495 0.548 0.495 0.46 0.513 0.425 1.451 0.283 0.248 0.248
0.478 0.637 0.619 2.335 0.761 0.637 0.478 0.442 0.425 0.372 0.354 0.318 0.46 0.212 0.212 0.177
0.425 0.513 0.619 0.778 2.229 0.708 0.531 0.495 0.425 0.407 0.354 0.336 0.531 0.212 0.195 0.195
0.425 0.46 0.548 0.637 0.725 2.229 0.655 0.548 0.478 0.425 0.372 0.336 0.46 0.212 0.212 0.177
0.372 0.407 0.513 0.478 0.548 0.655 1.911 0.619 0.548 0.478 0.407 0.354 0.442 0.212 0.212 0.177
0.354 0.389 0.548 0.46 0.495 0.566 0.637 2.017 0.69 0.566 0.46 0.372 0.548 0.23 0.212 0.195
0.354 0.354 0.495 0.407 0.442 0.478 0.548 0.69 2.229 0.672 0.548 0.407 0.495 0.248 0.23 0.195
0.354 0.354 0.478 0.372 0.389 0.425 0.495 0.566 0.69 2.017 0.619 0.442 0.478 0.265 0.248 0.195
0.301 0.318 0.495 0.354 0.372 0.372 0.389 0.478 0.531 0.619 2.229 0.566 0.778 0.301 0.248 0.23
0.301 0.318 0.425 0.318 0.318 0.336 0.354 0.372 0.407 0.46 0.584 1.911 0.46 0.372 0.265 0.23
0.389 0.407 1.415 0.46 0.513 0.442 0.425 0.531 0.478 0.478 0.761 0.442 21.759 0.283 0.248 0.248
0.212 0.23 0.265 0.23 0.23 0.23 0.23 0.23 0.248 0.265 0.318 0.354 0.301 1.804 0.425 0.336
0.195 0.195 0.265 0.195 0.195 0.195 0.195 0.212 0.23 0.248 0.265 0.265 0.265 0.425 1.911 0.389
0.195 0.195 0.23 0.195 0.195 0.195 0.177 0.195 0.212 0.212 0.23 0.23 0.248 0.336 0.407 1.592