24.095 1.008 0.938 0.796 0.725 0.637 0.601 0.584 0.513 0.478 0.478 1.840 0.372 0.354 0.318 0.318
1.026 2.866 1.026 0.885 0.778 0.690 0.619 0.548 0.513 0.478 0.442 0.389 0.372 0.336 0.318 0.301
0.938 1.044 3.290 1.026 0.885 0.778 0.672 0.619 0.566 0.513 0.478 0.513 0.372 0.354 0.336 0.265
0.814 0.902 1.044 3.078 0.955 0.831 0.743 0.655 0.601 0.531 0.513 0.460 0.389 0.372 0.336 0.265
0.725 0.778 0.867 0.973 3.503 0.920 0.814 0.708 0.637 0.584 0.513 0.548 0.407 0.372 0.336 0.265
0.655 0.690 0.778 0.849 0.938 2.972 0.902 0.778 0.690 0.619 0.566 0.460 0.442 0.372 0.336 0.301
0.601 0.637 0.690 0.743 0.814 0.902 3.078 0.885 0.761 0.672 0.619 0.460 0.442 0.407 0.354 0.265
0.584 0.566 0.619 0.655 0.708 0.778 0.885 3.397 0.885 0.761 0.672 0.495 0.495 0.425 0.372 0.265
0.531 0.531 0.548 0.584 0.637 0.690 0.761 0.885 2.760 0.885 0.743 0.495 0.513 0.460 0.389 0.283
0.478 0.478 0.513 0.548 0.584 0.619 0.672 0.761 0.885 3.290 0.849 0.531 0.566 0.495 0.407 0.283
0.478 0.442 0.478 0.495 0.531 0.584 0.619 0.655 0.743 0.867 2.972 0.601 0.619 0.548 0.442 0.301
1.362 0.372 0.425 0.389 0.460 0.407 0.425 0.460 0.478 0.513 0.584 42.245 0.513 0.425 0.354 0.336
0.354 0.372 0.372 0.389 0.407 0.425 0.460 0.478 0.513 0.584 0.637 0.531 2.866 0.761 0.566 0.336
0.354 0.354 0.372 0.372 0.372 0.389 0.407 0.442 0.478 0.513 0.548 0.460 0.761 3.184 0.725 0.336
0.336 0.318 0.336 0.336 0.336 0.336 0.372 0.372 0.389 0.407 0.442 0.354 0.548 0.725 2.972 0.372
0.283 0.265 0.265 0.265 0.265 0.265 0.265 0.265 0.265 0.265 0.265 0.389 0.336 0.318 0.372 23.458
