22.790 1.343 1.325 1.166 1.078 1.007 0.936 0.866 0.795 0.724 0.707 1.643 0.530 0.512 0.442 0.336
1.378 3.180 1.466 1.325 1.219 1.078 0.989 0.883 0.777 0.707 0.654 0.601 0.512 0.477 0.442 0.318
1.343 1.484 3.710 1.502 1.343 1.201 1.078 0.954 0.848 0.777 0.707 0.689 0.530 0.495 0.442 0.300
1.166 1.360 1.519 3.498 1.466 1.325 1.166 1.042 0.919 0.813 0.742 0.671 0.565 0.512 0.459 0.318
1.095 1.219 1.360 1.484 3.710 1.413 1.254 1.095 0.954 0.848 0.777 0.724 0.583 0.530 0.477 0.300
1.025 1.095 1.219 1.325 1.431 3.498 1.360 1.166 1.025 0.901 0.813 0.654 0.601 0.565 0.477 0.336
0.936 0.989 1.095 1.166 1.254 1.378 3.498 1.307 1.095 0.972 0.866 0.689 0.636 0.601 0.495 0.318
0.883 0.883 0.954 1.042 1.095 1.166 1.325 3.816 1.290 1.095 0.972 0.724 0.689 0.618 0.530 0.318
0.795 0.795 0.848 0.901 0.954 1.025 1.095 1.307 3.286 1.272 1.095 0.760 0.777 0.707 0.583 0.336
0.742 0.724 0.777 0.813 0.848 0.901 0.989 1.095 1.290 3.286 1.254 0.813 0.848 0.777 0.618 0.336
0.724 0.654 0.707 0.724 0.777 0.795 0.866 0.972 1.078 1.237 3.286 0.883 0.936 0.848 0.671 0.336
1.307 0.530 0.601 0.583 0.601 0.583 0.583 0.636 0.689 0.724 0.830 42.189 0.707 0.636 0.530 0.371
0.512 0.530 0.548 0.548 0.583 0.601 0.636 0.689 0.777 0.866 0.936 0.777 2.862 1.007 0.795 0.406
0.512 0.495 0.495 0.512 0.548 0.565 0.583 0.636 0.707 0.777 0.866 0.689 1.007 2.968 0.919 0.389
0.442 0.442 0.459 0.442 0.477 0.477 0.495 0.548 0.583 0.618 0.689 0.583 0.795 0.936 2.650 0.406
0.318 0.300 0.300 0.300 0.300 0.300 0.300 0.300 0.300 0.318 0.336 0.424 0.371 0.371 0.406 22.684
