24.274 1.025 0.936 0.795 0.724 0.636 0.618 0.601 0.548 0.512 0.53 1.784 0.389 0.371 0.353 0.336 
1.025 2.862 1.06 0.901 0.795 0.707 0.654 0.583 0.548 0.512 0.477 0.406 0.371 0.371 0.336 0.3 
0.936 1.06 3.286 1.025 0.883 0.777 0.707 0.636 0.583 0.548 0.495 0.495 0.406 0.371 0.336 0.3 
0.795 0.919 1.06 3.18 0.972 0.848 0.777 0.707 0.618 0.565 0.53 0.459 0.406 0.371 0.336 0.3 
0.742 0.795 0.901 0.989 3.604 0.954 0.848 0.742 0.671 0.618 0.565 0.548 0.424 0.389 0.336 0.283 
0.671 0.724 0.795 0.848 0.954 3.074 0.919 0.813 0.724 0.654 0.601 0.477 0.442 0.406 0.371 0.3 
0.601 0.671 0.707 0.777 0.848 0.936 3.286 0.919 0.795 0.707 0.636 0.477 0.459 0.424 0.371 0.3 
0.601 0.601 0.636 0.671 0.742 0.813 0.919 3.498 0.919 0.813 0.707 0.512 0.495 0.459 0.371 0.3 
0.548 0.548 0.583 0.618 0.671 0.707 0.777 0.936 2.862 0.919 0.795 0.53 0.53 0.477 0.406 0.3 
0.512 0.495 0.53 0.565 0.601 0.618 0.707 0.795 0.936 3.286 0.919 0.565 0.583 0.512 0.424 0.3 
0.512 0.477 0.495 0.53 0.565 0.583 0.618 0.707 0.813 0.936 2.968 0.636 0.654 0.565 0.459 0.3 
1.36 0.371 0.442 0.389 0.459 0.406 0.424 0.477 0.477 0.53 0.601 42.189 0.53 0.477 0.353 0.371 
0.371 0.389 0.389 0.406 0.406 0.424 0.459 0.512 0.548 0.583 0.636 0.583 2.862 0.795 0.583 0.371 
0.371 0.371 0.371 0.371 0.371 0.389 0.424 0.442 0.477 0.512 0.583 0.477 0.813 3.286 0.707 0.353 
0.318 0.336 0.336 0.336 0.336 0.336 0.371 0.371 0.406 0.406 0.442 0.371 0.583 0.724 2.756 0.406 
0.3 0.283 0.283 0.265 0.265 0.265 0.265 0.3 0.3 0.3 0.3 0.406 0.371 0.336 0.389 24.062 