24.274 0.989 0.883 0.777 0.689 0.618 0.583 0.548 0.477 0.442 0.459 1.837 0.353 0.318 0.283 0.283 
1.007 2.862 1.042 0.883 0.742 0.654 0.601 0.548 0.495 0.459 0.406 0.353 0.336 0.318 0.283 0.247 
0.901 1.025 3.286 0.989 0.848 0.742 0.671 0.601 0.53 0.495 0.459 0.477 0.353 0.336 0.3 0.23 
0.76 0.866 0.989 3.074 0.954 0.813 0.742 0.636 0.583 0.512 0.477 0.424 0.371 0.336 0.3 0.23 
0.707 0.76 0.848 0.954 3.604 0.919 0.813 0.707 0.618 0.565 0.512 0.512 0.371 0.353 0.3 0.23 
0.618 0.671 0.742 0.83 0.936 2.968 0.883 0.777 0.671 0.601 0.565 0.442 0.406 0.371 0.3 0.247 
0.601 0.601 0.671 0.742 0.813 0.901 3.18 0.866 0.742 0.671 0.601 0.459 0.406 0.371 0.318 0.23 
0.565 0.565 0.601 0.654 0.707 0.777 0.883 3.498 0.848 0.742 0.654 0.495 0.459 0.406 0.336 0.23 
0.495 0.495 0.548 0.601 0.618 0.671 0.742 0.883 2.756 0.866 0.742 0.495 0.495 0.442 0.353 0.247 
0.477 0.459 0.495 0.53 0.583 0.618 0.671 0.742 0.866 3.286 0.848 0.495 0.53 0.477 0.371 0.247 
0.495 0.442 0.477 0.495 0.512 0.548 0.601 0.671 0.742 0.848 2.968 0.601 0.601 0.512 0.389 0.265 
1.378 0.353 0.406 0.389 0.424 0.389 0.406 0.442 0.459 0.477 0.565 42.189 0.512 0.424 0.318 0.318 
0.336 0.336 0.353 0.371 0.389 0.406 0.424 0.459 0.495 0.53 0.601 0.512 2.862 0.76 0.512 0.318 
0.336 0.336 0.336 0.336 0.353 0.371 0.371 0.406 0.442 0.477 0.512 0.442 0.76 3.392 0.618 0.3 
0.283 0.3 0.3 0.3 0.3 0.3 0.318 0.336 0.336 0.371 0.406 0.336 0.512 0.636 2.968 0.336 
0.265 0.23 0.23 0.23 0.23 0.23 0.23 0.23 0.23 0.23 0.23 0.371 0.3 0.3 0.336 24.062