20.564 0.883 0.848 0.707 0.654 0.583 0.53 0.512 0.459 0.442 0.442 1.484 0.371 0.371 0.336 0.283
0.883 2.65 0.919 0.795 0.689 0.618 0.512 0.477 0.424 0.406 0.371 0.353 0.336 0.318 0.3 0.265
0.848 0.936 2.968 0.901 0.777 0.671 0.583 0.512 0.459 0.442 0.406 0.459 0.336 0.336 0.3 0.265
0.707 0.795 0.901 2.862 0.848 0.742 0.636 0.548 0.495 0.442 0.424 0.442 0.336 0.336 0.3 0.265
0.654 0.671 0.777 0.866 2.968 0.813 0.671 0.601 0.512 0.477 0.442 0.459 0.371 0.336 0.3 0.265
0.583 0.601 0.671 0.742 0.83 2.65 0.777 0.654 0.565 0.512 0.477 0.406 0.371 0.353 0.318 0.283
0.53 0.548 0.583 0.636 0.671 0.795 2.65 0.777 0.636 0.565 0.512 0.424 0.406 0.371 0.336 0.265
0.53 0.477 0.512 0.548 0.601 0.636 0.76 3.18 0.813 0.707 0.601 0.477 0.442 0.406 0.353 0.265
0.477 0.442 0.477 0.495 0.512 0.565 0.636 0.83 2.544 0.848 0.707 0.495 0.512 0.477 0.389 0.265
0.459 0.406 0.442 0.459 0.477 0.512 0.583 0.671 0.866 2.862 0.883 0.583 0.601 0.548 0.442 0.265
0.459 0.371 0.389 0.406 0.442 0.459 0.512 0.601 0.707 0.883 2.862 0.618 0.707 0.618 0.477 0.3
1.184 0.371 0.406 0.371 0.406 0.371 0.389 0.424 0.459 0.53 0.618 42.189 0.548 0.495 0.389 0.353
0.353 0.336 0.336 0.353 0.336 0.371 0.389 0.442 0.512 0.583 0.707 0.583 2.862 0.866 0.636 0.336
0.353 0.336 0.318 0.336 0.336 0.336 0.371 0.406 0.477 0.53 0.618 0.512 0.866 2.968 0.777 0.336
0.318 0.3 0.3 0.3 0.3 0.3 0.336 0.353 0.371 0.442 0.495 0.424 0.618 0.795 2.862 0.371
0.265 0.265 0.247 0.247 0.23 0.265 0.247 0.265 0.265 0.265 0.265 0.389 0.336 0.336 0.371 22.366