22.366 1.025 1.025 0.919 0.866 0.813 0.777 0.76 0.707 0.671 0.671 1.661 0.565 0.53 0.495 0.371
1.025 2.756 1.078 1.007 0.919 0.848 0.795 0.742 0.707 0.671 0.636 0.548 0.548 0.53 0.477 0.336
1.025 1.078 3.18 1.078 0.972 0.919 0.848 0.777 0.742 0.707 0.654 0.618 0.565 0.548 0.495 0.336
0.919 0.989 1.06 2.968 1.042 0.954 0.883 0.813 0.742 0.707 0.689 0.583 0.565 0.548 0.495 0.336
0.883 0.901 0.972 1.06 3.286 1.007 0.919 0.848 0.777 0.742 0.707 0.636 0.583 0.565 0.495 0.336
0.813 0.848 0.901 0.954 1.025 2.968 1.007 0.919 0.83 0.777 0.742 0.583 0.601 0.583 0.512 0.353
0.76 0.795 0.83 0.883 0.919 1.007 3.074 1.025 0.901 0.848 0.795 0.601 0.618 0.601 0.548 0.336
0.76 0.724 0.777 0.813 0.866 0.919 1.042 3.392 1.042 0.954 0.883 0.654 0.689 0.654 0.565 0.336
0.707 0.689 0.724 0.777 0.777 0.83 0.919 1.06 2.968 1.078 0.954 0.689 0.742 0.707 0.618 0.353
0.671 0.654 0.671 0.724 0.742 0.777 0.848 0.954 1.06 2.968 1.06 0.707 0.777 0.742 0.636 0.371
0.671 0.618 0.654 0.671 0.707 0.742 0.777 0.883 0.954 1.06 2.968 0.742 0.848 0.813 0.671 0.371
1.325 0.495 0.548 0.512 0.548 0.53 0.548 0.583 0.618 0.654 0.724 42.189 0.636 0.583 0.512 0.389
0.512 0.53 0.565 0.583 0.583 0.618 0.636 0.689 0.742 0.795 0.866 0.689 2.862 0.936 0.795 0.442
0.53 0.512 0.53 0.548 0.548 0.583 0.618 0.636 0.689 0.76 0.795 0.636 0.936 2.968 0.883 0.424
0.495 0.477 0.495 0.495 0.495 0.512 0.53 0.565 0.601 0.654 0.671 0.548 0.777 0.901 2.544 0.442
0.336 0.336 0.318 0.336 0.318 0.336 0.336 0.336 0.336 0.353 0.353 0.424 0.406 0.389 0.424 22.366