20.988 0.954 0.901 0.795 0.724 0.636 0.601 0.548 0.512 0.477 0.495 1.484 0.389 0.353 0.336 0.283
0.972 2.756 1.042 0.883 0.795 0.707 0.618 0.565 0.495 0.442 0.406 0.406 0.353 0.336 0.318 0.265
0.883 1.042 3.18 1.042 0.901 0.777 0.707 0.601 0.53 0.477 0.442 0.477 0.371 0.336 0.336 0.265
0.777 0.883 1.025 2.862 1.025 0.883 0.777 0.636 0.565 0.495 0.477 0.459 0.389 0.371 0.336 0.265
0.724 0.795 0.901 1.025 3.074 0.972 0.83 0.707 0.618 0.565 0.495 0.512 0.406 0.371 0.336 0.247
0.654 0.707 0.777 0.883 0.989 2.968 0.972 0.777 0.671 0.601 0.53 0.442 0.442 0.406 0.371 0.265
0.601 0.618 0.689 0.76 0.848 0.989 2.968 0.901 0.742 0.671 0.583 0.459 0.477 0.424 0.371 0.265
0.565 0.53 0.601 0.618 0.707 0.777 0.901 3.074 0.919 0.777 0.654 0.495 0.495 0.495 0.406 0.265
0.495 0.495 0.512 0.565 0.601 0.671 0.742 0.936 2.756 0.954 0.777 0.53 0.583 0.53 0.442 0.265
0.495 0.442 0.477 0.512 0.548 0.618 0.654 0.777 0.954 2.862 0.883 0.565 0.636 0.583 0.495 0.283
0.477 0.406 0.442 0.442 0.495 0.53 0.583 0.671 0.777 0.883 2.756 0.601 0.707 0.654 0.53 0.283
1.219 0.353 0.389 0.371 0.406 0.389 0.389 0.442 0.477 0.495 0.548 42.189 0.495 0.459 0.371 0.336
0.389 0.336 0.353 0.389 0.406 0.424 0.459 0.512 0.583 0.636 0.724 0.565 2.544 0.795 0.636 0.336
0.353 0.336 0.353 0.371 0.371 0.406 0.442 0.477 0.53 0.583 0.636 0.495 0.83 2.862 0.777 0.336
0.318 0.318 0.318 0.336 0.336 0.371 0.371 0.406 0.459 0.495 0.53 0.442 0.654 0.795 2.438 0.371
0.265 0.247 0.247 0.247 0.247 0.265 0.265 0.265 0.265 0.283 0.283 0.371 0.336 0.318 0.371 23.002