21.942 1.113 1.095 0.989 0.954 0.901 0.866 0.83 0.777 0.742 0.742 1.696 0.636 0.601 0.531 0.407 
1.113 2.862 1.166 1.078 1.007 0.954 0.883 0.813 0.777 0.724 0.689 0.601 0.618 0.583 0.548 0.372 
1.095 1.184 3.286 1.166 1.078 1.007 0.954 0.883 0.813 0.777 0.724 0.707 0.618 0.601 0.548 0.372 
1.007 1.078 1.184 3.074 1.148 1.042 0.989 0.919 0.83 0.795 0.742 0.654 0.636 0.601 0.531 0.372 
0.936 0.989 1.06 1.148 3.286 1.095 1.042 0.954 0.883 0.813 0.777 0.707 0.654 0.618 0.566 0.372 
0.901 0.936 1.007 1.06 1.148 3.18 1.095 1.007 0.919 0.848 0.813 0.654 0.671 0.618 0.566 0.372 
0.866 0.883 0.936 0.972 1.042 1.148 3.074 1.095 0.972 0.919 0.848 0.671 0.707 0.671 0.584 0.372 
0.83 0.813 0.848 0.901 0.936 1.007 1.113 3.498 1.148 1.025 0.954 0.724 0.76 0.707 0.619 0.372 
0.76 0.76 0.813 0.83 0.866 0.919 0.989 1.148 2.972 1.148 1.025 0.742 0.813 0.742 0.655 0.372 
0.724 0.724 0.76 0.777 0.813 0.848 0.919 1.025 1.148 3.074 1.095 0.76 0.866 0.813 0.672 0.407 
0.724 0.689 0.707 0.742 0.742 0.813 0.848 0.936 1.025 1.113 3.184 0.813 0.919 0.848 0.708 0.407 
1.343 0.548 0.601 0.548 0.583 0.565 0.583 0.636 0.671 0.689 0.76 42.189 0.707 0.636 0.531 0.407 
0.583 0.583 0.601 0.618 0.636 0.636 0.671 0.742 0.795 0.848 0.901 0.724 2.866 0.954 0.796 0.46 
0.565 0.583 0.583 0.583 0.601 0.618 0.636 0.689 0.76 0.795 0.848 0.689 0.989 2.968 0.92 0.442 
0.512 0.512 0.53 0.53 0.548 0.548 0.583 0.618 0.654 0.671 0.707 0.583 0.848 0.936 2.544 0.478 
0.371 0.371 0.353 0.353 0.353 0.371 0.371 0.371 0.371 0.371 0.371 0.459 0.459 0.424 0.46 22.396 