26.924 1.590 1.484 1.219 1.042 0.883 0.777 0.742 0.654 0.601 0.583 1.979 0.424 0.389 0.336 0.283
1.625 3.710 1.731 1.449 1.166 0.989 0.848 0.742 0.671 0.601 0.565 0.512 0.424 0.389 0.336 0.265
1.502 1.749 4.346 1.643 1.325 1.095 0.919 0.813 0.724 0.654 0.583 0.601 0.442 0.406 0.336 0.265
1.237 1.431 1.661 3.922 1.502 1.219 1.042 0.883 0.777 0.689 0.618 0.548 0.459 0.406 0.353 0.265
1.078 1.148 1.307 1.537 4.452 1.449 1.166 0.972 0.866 0.760 0.671 0.689 0.477 0.442 0.353 0.247
0.901 0.972 1.095 1.254 1.466 3.816 1.343 1.095 0.954 0.813 0.707 0.565 0.495 0.442 0.371 0.265
0.795 0.848 0.919 1.042 1.166 1.378 3.922 1.237 1.042 0.901 0.777 0.583 0.512 0.477 0.371 0.265
0.760 0.742 0.813 0.883 1.007 1.095 1.254 4.240 1.201 1.025 0.866 0.618 0.565 0.495 0.406 0.247
0.671 0.671 0.724 0.777 0.866 0.954 1.042 1.184 3.286 1.113 0.954 0.618 0.618 0.530 0.406 0.265
0.601 0.618 0.654 0.707 0.742 0.830 0.901 1.007 1.131 3.604 1.078 0.671 0.671 0.583 0.442 0.265
0.601 0.548 0.583 0.618 0.671 0.707 0.777 0.848 0.954 1.078 3.286 0.760 0.742 0.618 0.477 0.265
1.555 0.477 0.495 0.477 0.548 0.495 0.512 0.548 0.583 0.618 0.707 42.189 0.583 0.495 0.389 0.283
0.406 0.424 0.424 0.442 0.477 0.512 0.530 0.565 0.618 0.671 0.760 0.618 2.968 0.795 0.583 0.336
0.389 0.371 0.406 0.406 0.442 0.442 0.477 0.512 0.512 0.583 0.636 0.530 0.795 3.392 0.707 0.318
0.336 0.336 0.353 0.353 0.371 0.371 0.371 0.406 0.406 0.442 0.477 0.406 0.583 0.724 2.650 0.336
0.283 0.265 0.247 0.230 0.230 0.265 0.247 0.230 0.247 0.265 0.265 0.318 0.300 0.300 0.336 24.592
