21.942 1.06 1.042 0.936 0.919 0.849 0.796 0.777 0.725 0.672 0.671 1.678 0.548 0.53 0.495 0.354 
1.06 2.862 1.095 1.042 0.954 0.885 0.849 0.777 0.725 0.655 0.636 0.548 0.548 0.512 0.478 0.336 
1.06 1.131 3.286 1.095 1.042 0.955 0.885 0.813 0.743 0.708 0.671 0.654 0.566 0.548 0.495 0.336 
0.954 1.042 1.131 3.074 1.078 1.008 0.938 0.848 0.796 0.743 0.689 0.601 0.566 0.548 0.495 0.336 
0.919 0.954 1.025 1.095 3.286 1.061 0.973 0.883 0.814 0.761 0.707 0.654 0.584 0.548 0.495 0.336 
0.848 0.883 0.954 1.007 1.06 3.18 1.079 0.954 0.867 0.814 0.742 0.601 0.601 0.583 0.513 0.336 
0.813 0.83 0.883 0.919 0.989 1.061 3.078 1.06 0.955 0.885 0.813 0.618 0.619 0.618 0.548 0.336 
0.777 0.777 0.813 0.848 0.883 0.955 1.061 3.503 1.079 0.955 0.883 0.671 0.672 0.654 0.584 0.336 
0.724 0.707 0.742 0.777 0.813 0.885 0.938 1.095 2.866 1.079 0.972 0.689 0.743 0.707 0.601 0.336 
0.689 0.671 0.724 0.742 0.777 0.814 0.885 0.989 1.079 2.972 1.042 0.707 0.778 0.742 0.637 0.336 
0.671 0.654 0.654 0.707 0.707 0.743 0.796 0.883 0.955 1.061 2.968 0.742 0.831 0.777 0.655 0.372 
1.325 0.512 0.565 0.548 0.583 0.548 0.566 0.583 0.619 0.655 0.724 42.245 0.637 0.583 0.513 0.389 
0.53 0.548 0.565 0.583 0.583 0.619 0.637 0.689 0.743 0.796 0.848 0.689 2.756 0.901 0.761 0.407 
0.548 0.512 0.53 0.548 0.583 0.584 0.619 0.654 0.708 0.743 0.795 0.636 0.92 2.862 0.849 0.389 
0.495 0.495 0.495 0.495 0.495 0.513 0.531 0.583 0.601 0.619 0.671 0.548 0.743 0.866 2.547 0.425 
0.336 0.336 0.318 0.318 0.318 0.336 0.336 0.336 0.336 0.336 0.353 0.424 0.389 0.371 0.425 22.396 