21.306 0.954 0.919 0.76 0.707 0.636 0.601 0.565 0.548 0.53 0.548 1.502 0.442 0.406 0.406 0.336
0.972 2.756 0.989 0.866 0.742 0.671 0.618 0.565 0.512 0.512 0.477 0.459 0.406 0.389 0.371 0.318
0.954 1.025 3.18 0.972 0.848 0.742 0.671 0.601 0.565 0.548 0.512 0.53 0.406 0.406 0.371 0.3
0.795 0.883 0.972 2.968 0.936 0.813 0.742 0.618 0.618 0.565 0.53 0.512 0.442 0.406 0.371 0.318
0.76 0.76 0.848 0.936 3.18 0.901 0.777 0.689 0.618 0.601 0.565 0.548 0.442 0.406 0.371 0.3
0.654 0.671 0.742 0.813 0.901 2.862 0.866 0.742 0.671 0.618 0.583 0.495 0.442 0.406 0.371 0.318
0.636 0.618 0.654 0.707 0.777 0.848 2.65 0.813 0.742 0.671 0.618 0.495 0.477 0.442 0.406 0.318
0.601 0.548 0.583 0.618 0.671 0.742 0.83 2.968 0.848 0.76 0.671 0.53 0.495 0.442 0.406 0.3
0.548 0.512 0.53 0.583 0.618 0.636 0.707 0.83 2.544 0.866 0.742 0.565 0.53 0.495 0.442 0.3
0.512 0.477 0.495 0.512 0.548 0.583 0.636 0.707 0.866 2.756 0.83 0.583 0.583 0.53 0.477 0.336
0.53 0.442 0.442 0.477 0.495 0.53 0.583 0.618 0.724 0.866 2.756 0.618 0.654 0.583 0.477 0.318
1.166 0.406 0.424 0.406 0.442 0.389 0.424 0.459 0.495 0.53 0.601 42.189 0.512 0.477 0.389 0.371
0.389 0.389 0.371 0.371 0.406 0.406 0.442 0.477 0.53 0.583 0.636 0.583 2.65 0.76 0.618 0.389
0.389 0.353 0.336 0.371 0.371 0.371 0.406 0.442 0.477 0.548 0.583 0.512 0.777 2.862 0.742 0.371
0.353 0.336 0.318 0.336 0.336 0.336 0.371 0.371 0.406 0.459 0.495 0.442 0.618 0.76 2.544 0.406
0.3 0.283 0.247 0.265 0.265 0.265 0.265 0.265 0.283 0.318 0.318 0.424 0.371 0.371 0.424 22.366