23.002 0.548 0.512 0.459 0.442 0.424 0.406 0.424 0.389 0.353 0.389 1.696 0.353 0.353 0.318 0.318
0.548 2.226 0.53 0.477 0.442 0.424 0.406 0.406 0.371 0.371 0.353 0.265 0.336 0.336 0.318 0.3
0.512 0.548 2.756 0.548 0.495 0.477 0.442 0.406 0.371 0.371 0.371 0.371 0.336 0.336 0.318 0.265
0.442 0.477 0.565 2.544 0.583 0.495 0.442 0.442 0.406 0.371 0.371 0.336 0.336 0.336 0.336 0.265
0.424 0.459 0.477 0.565 3.18 0.548 0.477 0.442 0.406 0.406 0.371 0.389 0.336 0.336 0.318 0.265
0.424 0.424 0.442 0.495 0.565 2.65 0.53 0.477 0.442 0.406 0.406 0.318 0.353 0.353 0.336 0.283
0.406 0.424 0.442 0.459 0.495 0.565 2.756 0.53 0.477 0.442 0.442 0.336 0.371 0.371 0.336 0.265
0.406 0.389 0.406 0.424 0.442 0.477 0.53 3.074 0.565 0.495 0.477 0.371 0.389 0.371 0.336 0.265
0.371 0.389 0.389 0.406 0.442 0.442 0.495 0.583 2.332 0.583 0.512 0.371 0.406 0.406 0.371 0.283
0.371 0.353 0.389 0.389 0.406 0.442 0.459 0.512 0.601 3.074 0.601 0.406 0.459 0.442 0.371 0.265
0.389 0.353 0.353 0.371 0.371 0.406 0.424 0.477 0.512 0.618 2.756 0.442 0.495 0.477 0.371 0.3
1.307 0.3 0.318 0.3 0.353 0.318 0.318 0.353 0.353 0.371 0.442 42.189 0.406 0.353 0.318 0.336
0.318 0.353 0.336 0.353 0.353 0.371 0.371 0.406 0.424 0.459 0.512 0.424 2.65 0.618 0.477 0.336
0.318 0.318 0.336 0.336 0.336 0.353 0.371 0.371 0.406 0.424 0.477 0.389 0.636 2.968 0.583 0.318
0.3 0.318 0.318 0.336 0.336 0.336 0.336 0.336 0.353 0.371 0.371 0.318 0.477 0.601 2.862 0.371
0.3 0.283 0.265 0.265 0.265 0.283 0.265 0.265 0.265 0.265 0.265 0.389 0.336 0.318 0.389 24.274