20.882 0.989 0.989 0.848 0.813 0.724 0.671 0.654 0.618 0.601 0.583 1.572 0.495 0.459 0.424 0.389
0.989 2.756 1.06 0.936 0.83 0.76 0.689 0.636 0.583 0.565 0.53 0.477 0.459 0.442 0.424 0.353
0.972 1.06 3.18 1.042 0.919 0.83 0.742 0.671 0.618 0.583 0.548 0.565 0.477 0.442 0.406 0.353
0.848 0.936 1.042 2.968 1.025 0.883 0.813 0.707 0.654 0.618 0.583 0.548 0.477 0.442 0.406 0.353
0.795 0.83 0.919 1.025 3.18 0.972 0.866 0.76 0.689 0.618 0.583 0.565 0.495 0.459 0.406 0.371
0.724 0.742 0.83 0.901 0.989 2.862 0.919 0.813 0.742 0.671 0.618 0.512 0.495 0.477 0.424 0.371
0.689 0.707 0.76 0.813 0.866 0.954 2.862 0.901 0.795 0.724 0.654 0.53 0.512 0.477 0.442 0.371
0.654 0.618 0.671 0.724 0.76 0.813 0.919 3.18 0.919 0.813 0.724 0.565 0.565 0.495 0.442 0.371
0.601 0.601 0.618 0.654 0.707 0.742 0.795 0.919 2.65 0.919 0.813 0.601 0.583 0.53 0.477 0.371
0.583 0.565 0.583 0.618 0.636 0.671 0.707 0.795 0.919 2.862 0.919 0.618 0.618 0.583 0.495 0.371
0.583 0.512 0.548 0.565 0.583 0.618 0.654 0.724 0.795 0.919 2.862 0.654 0.707 0.618 0.53 0.371
1.254 0.459 0.495 0.495 0.495 0.477 0.477 0.512 0.53 0.565 0.618 42.189 0.565 0.512 0.442 0.424
0.459 0.459 0.477 0.477 0.477 0.495 0.512 0.548 0.601 0.636 0.707 0.601 2.65 0.795 0.636 0.442
0.442 0.442 0.442 0.442 0.442 0.477 0.477 0.512 0.548 0.583 0.636 0.548 0.83 2.862 0.777 0.406
0.424 0.406 0.406 0.406 0.406 0.442 0.442 0.442 0.477 0.495 0.548 0.477 0.636 0.777 2.65 0.477
0.371 0.353 0.353 0.336 0.336 0.371 0.336 0.336 0.353 0.353 0.371 0.459 0.406 0.406 0.459 22.366