23.002 0.495 0.459 0.424 0.406 0.371 0.371 0.353 0.353 0.318 0.353 1.678 0.265 0.265 0.247 0.23 
0.512 2.226 0.495 0.442 0.406 0.371 0.371 0.336 0.336 0.3 0.3 0.23 0.265 0.265 0.247 0.212 
0.459 0.512 2.65 0.512 0.459 0.406 0.406 0.371 0.336 0.336 0.318 0.336 0.265 0.265 0.23 0.194 
0.406 0.442 0.53 2.544 0.512 0.442 0.424 0.371 0.371 0.336 0.336 0.283 0.265 0.265 0.247 0.194 
0.406 0.406 0.442 0.53 3.074 0.495 0.442 0.406 0.371 0.353 0.336 0.353 0.3 0.265 0.247 0.194 
0.371 0.371 0.406 0.442 0.512 2.544 0.495 0.442 0.406 0.371 0.371 0.283 0.3 0.283 0.247 0.212 
0.371 0.371 0.371 0.424 0.442 0.512 2.756 0.495 0.442 0.406 0.371 0.3 0.3 0.3 0.265 0.194 
0.371 0.336 0.371 0.371 0.406 0.442 0.512 3.074 0.512 0.442 0.406 0.336 0.336 0.3 0.265 0.194 
0.336 0.336 0.336 0.371 0.389 0.406 0.459 0.548 2.332 0.53 0.477 0.336 0.371 0.336 0.283 0.194 
0.336 0.336 0.336 0.353 0.371 0.371 0.442 0.477 0.548 2.968 0.548 0.371 0.389 0.371 0.3 0.194 
0.353 0.318 0.318 0.336 0.353 0.371 0.389 0.442 0.477 0.548 2.65 0.406 0.442 0.389 0.3 0.212 
1.307 0.247 0.3 0.283 0.318 0.265 0.283 0.318 0.318 0.318 0.389 42.189 0.353 0.318 0.247 0.283 
0.283 0.3 0.3 0.318 0.318 0.318 0.353 0.353 0.389 0.424 0.459 0.389 2.544 0.53 0.389 0.265 
0.283 0.3 0.3 0.3 0.3 0.3 0.336 0.336 0.353 0.371 0.406 0.336 0.548 2.968 0.477 0.265 
0.265 0.283 0.283 0.3 0.3 0.283 0.3 0.3 0.3 0.3 0.336 0.283 0.371 0.495 2.65 0.3 
0.247 0.23 0.23 0.23 0.23 0.23 0.23 0.23 0.23 0.23 0.23 0.336 0.265 0.265 0.3 24.168 