23.108 0.53 0.495 0.442 0.442 0.389 0.389 0.389 0.353 0.353 0.389 1.696 0.353 0.353 0.3 0.283
0.512 2.226 0.495 0.477 0.442 0.406 0.389 0.371 0.371 0.336 0.371 0.265 0.336 0.318 0.3 0.265
0.477 0.512 2.756 0.53 0.477 0.442 0.406 0.371 0.371 0.371 0.371 0.371 0.336 0.336 0.3 0.265
0.424 0.459 0.53 2.544 0.548 0.477 0.442 0.406 0.371 0.371 0.371 0.336 0.336 0.336 0.3 0.265
0.406 0.424 0.442 0.548 3.074 0.53 0.477 0.424 0.406 0.371 0.389 0.389 0.353 0.336 0.3 0.265
0.389 0.406 0.424 0.477 0.548 2.544 0.512 0.442 0.442 0.406 0.406 0.318 0.371 0.336 0.3 0.265
0.371 0.389 0.406 0.442 0.477 0.53 2.756 0.495 0.459 0.442 0.442 0.336 0.371 0.371 0.318 0.265
0.371 0.371 0.371 0.406 0.442 0.477 0.512 3.074 0.548 0.495 0.477 0.371 0.406 0.371 0.318 0.265
0.353 0.353 0.371 0.389 0.406 0.442 0.477 0.548 2.332 0.565 0.512 0.371 0.442 0.406 0.336 0.265
0.336 0.336 0.353 0.371 0.406 0.406 0.442 0.477 0.583 3.074 0.601 0.406 0.459 0.442 0.353 0.265
0.353 0.336 0.336 0.371 0.371 0.406 0.406 0.442 0.495 0.583 2.756 0.442 0.495 0.477 0.371 0.265
1.29 0.283 0.318 0.283 0.353 0.283 0.3 0.318 0.318 0.353 0.442 42.189 0.389 0.353 0.283 0.336
0.283 0.3 0.318 0.336 0.353 0.353 0.353 0.371 0.406 0.442 0.512 0.424 2.544 0.618 0.442 0.336
0.3 0.3 0.318 0.336 0.336 0.336 0.353 0.353 0.389 0.406 0.477 0.389 0.618 2.968 0.565 0.3
0.283 0.3 0.283 0.3 0.3 0.318 0.318 0.3 0.336 0.353 0.406 0.336 0.477 0.583 2.862 0.371
0.265 0.265 0.23 0.265 0.265 0.265 0.265 0.23 0.265 0.265 0.283 0.371 0.336 0.3 0.353 24.274