32.437 1.802 1.837 1.555 1.449 1.272 1.131 1.06 0.989 0.936 0.901 3.092 0.689 0.636 0.53 0.389
1.873 4.452 2.261 1.943 1.696 1.466 1.237 1.095 0.989 0.919 0.83 0.76 0.654 0.601 0.512 0.371
1.82 2.261 4.346 2.102 1.837 1.572 1.325 1.166 1.06 0.954 0.883 0.936 0.671 0.618 0.512 0.371
1.572 1.926 2.138 3.922 1.979 1.714 1.413 1.254 1.113 1.025 0.919 0.866 0.707 0.654 0.548 0.353
1.449 1.661 1.837 1.996 4.028 1.802 1.484 1.325 1.166 1.078 0.972 0.919 0.742 0.671 0.548 0.371
1.29 1.449 1.572 1.696 1.837 3.816 1.572 1.396 1.219 1.095 1.007 0.848 0.777 0.707 0.565 0.371
1.131 1.201 1.325 1.413 1.484 1.625 3.604 1.519 1.307 1.148 1.042 0.83 0.795 0.724 0.601 0.371
1.078 1.078 1.166 1.254 1.325 1.396 1.519 3.71 1.449 1.272 1.131 0.866 0.866 0.777 0.618 0.371
1.007 0.989 1.06 1.113 1.166 1.254 1.325 1.484 3.18 1.413 1.237 0.883 0.919 0.83 0.654 0.371
0.936 0.901 0.954 1.025 1.06 1.095 1.166 1.29 1.431 3.392 1.343 0.883 0.972 0.883 0.689 0.371
0.936 0.795 0.883 0.919 0.954 1.007 1.042 1.148 1.237 1.343 3.18 0.954 1.042 0.919 0.724 0.371
2.332 0.707 0.795 0.742 0.795 0.724 0.724 0.76 0.795 0.795 0.866 42.189 0.724 0.654 0.53 0.406
0.654 0.636 0.671 0.724 0.742 0.777 0.795 0.866 0.901 0.972 1.042 0.795 2.968 1.06 0.795 0.424
0.618 0.583 0.618 0.636 0.671 0.689 0.724 0.777 0.813 0.883 0.936 0.724 1.042 3.074 0.919 0.406
0.53 0.495 0.512 0.548 0.565 0.583 0.583 0.618 0.654 0.671 0.724 0.583 0.813 0.936 2.65 0.442
0.371 0.336 0.336 0.336 0.336 0.371 0.353 0.353 0.353 0.353 0.353 0.442 0.406 0.389 0.424 22.684