23.108 0.548 0.512 0.424 0.442 0.389 0.389 0.389 0.371 0.353 0.353 1.731 0.318 0.283 0.283 0.3 
0.548 2.226 0.512 0.477 0.442 0.424 0.389 0.371 0.371 0.371 0.336 0.265 0.3 0.283 0.283 0.265 
0.495 0.548 2.756 0.548 0.495 0.442 0.424 0.406 0.371 0.371 0.336 0.353 0.3 0.3 0.265 0.265 
0.424 0.477 0.565 2.544 0.548 0.477 0.442 0.406 0.406 0.371 0.336 0.283 0.3 0.3 0.283 0.247 
0.442 0.442 0.477 0.565 3.074 0.53 0.477 0.442 0.406 0.406 0.336 0.389 0.3 0.3 0.283 0.247 
0.406 0.406 0.442 0.477 0.548 2.544 0.53 0.477 0.442 0.406 0.336 0.3 0.3 0.3 0.3 0.265 
0.389 0.406 0.424 0.442 0.477 0.548 2.756 0.53 0.495 0.442 0.371 0.318 0.336 0.318 0.3 0.265 
0.406 0.371 0.406 0.406 0.442 0.477 0.53 3.074 0.565 0.495 0.424 0.353 0.336 0.336 0.3 0.247 
0.371 0.371 0.371 0.406 0.424 0.442 0.477 0.583 2.332 0.601 0.495 0.353 0.371 0.353 0.3 0.265 
0.353 0.371 0.371 0.371 0.406 0.406 0.442 0.495 0.583 3.074 0.583 0.371 0.406 0.371 0.336 0.265 
0.371 0.336 0.353 0.371 0.371 0.406 0.406 0.477 0.512 0.618 2.756 0.424 0.442 0.389 0.336 0.265 
1.325 0.283 0.318 0.283 0.353 0.283 0.318 0.318 0.353 0.353 0.406 42.189 0.353 0.318 0.265 0.336 
0.3 0.336 0.336 0.336 0.353 0.353 0.353 0.371 0.406 0.442 0.442 0.371 2.438 0.459 0.389 0.336 
0.3 0.336 0.318 0.336 0.336 0.336 0.336 0.371 0.371 0.406 0.406 0.318 0.459 2.544 0.406 0.3 
0.3 0.3 0.3 0.3 0.3 0.318 0.318 0.336 0.336 0.353 0.336 0.283 0.371 0.424 2.12 0.336 
0.3 0.265 0.265 0.265 0.265 0.265 0.265 0.265 0.265 0.265 0.265 0.371 0.3 0.3 0.318 24.168 