23.002 0.495 0.459 0.389 0.389 0.389 0.353 0.389 0.353 0.353 0.353 1.661 0.3 0.3 0.283 0.283 
0.512 2.226 0.495 0.442 0.406 0.371 0.371 0.353 0.336 0.336 0.336 0.247 0.3 0.3 0.3 0.265 
0.477 0.512 2.65 0.512 0.442 0.406 0.371 0.371 0.371 0.336 0.336 0.353 0.3 0.3 0.3 0.247 
0.406 0.442 0.53 2.544 0.512 0.442 0.406 0.389 0.371 0.353 0.336 0.283 0.3 0.3 0.283 0.23 
0.424 0.406 0.442 0.512 3.074 0.495 0.442 0.406 0.371 0.371 0.353 0.389 0.3 0.3 0.3 0.23 
0.371 0.371 0.406 0.442 0.512 2.544 0.495 0.442 0.406 0.371 0.371 0.3 0.336 0.3 0.3 0.247 
0.371 0.371 0.389 0.406 0.442 0.512 2.756 0.495 0.442 0.406 0.371 0.318 0.336 0.318 0.3 0.23 
0.371 0.336 0.371 0.371 0.406 0.442 0.512 2.968 0.512 0.477 0.442 0.353 0.371 0.336 0.3 0.23 
0.336 0.336 0.353 0.371 0.371 0.406 0.442 0.53 2.332 0.565 0.477 0.336 0.371 0.371 0.318 0.23 
0.336 0.336 0.336 0.353 0.371 0.389 0.424 0.477 0.565 3.074 0.565 0.371 0.406 0.389 0.336 0.247 
0.353 0.3 0.318 0.336 0.336 0.371 0.371 0.424 0.477 0.565 2.65 0.424 0.477 0.424 0.371 0.265 
1.272 0.247 0.3 0.265 0.318 0.283 0.283 0.318 0.318 0.353 0.406 42.189 0.389 0.318 0.283 0.318 
0.283 0.3 0.3 0.3 0.3 0.318 0.353 0.353 0.389 0.424 0.459 0.406 2.544 0.548 0.424 0.3 
0.283 0.3 0.3 0.3 0.3 0.3 0.336 0.336 0.371 0.389 0.424 0.353 0.548 2.756 0.512 0.3 
0.283 0.3 0.283 0.265 0.265 0.3 0.3 0.3 0.3 0.336 0.353 0.3 0.424 0.53 2.438 0.336 
0.265 0.23 0.23 0.23 0.23 0.23 0.23 0.23 0.23 0.23 0.23 0.371 0.3 0.3 0.336 24.062 