21.306 1.307 1.29 1.148 1.078 0.989 0.919 0.866 0.777 0.707 0.654 1.572 0.512 0.495 0.442 0.371
1.325 3.18 1.413 1.29 1.166 1.078 0.954 0.866 0.795 0.724 0.636 0.583 0.477 0.477 0.424 0.353
1.29 1.449 3.604 1.413 1.254 1.148 1.042 0.919 0.83 0.742 0.671 0.671 0.512 0.477 0.442 0.336
1.113 1.29 1.396 3.286 1.325 1.184 1.078 0.954 0.848 0.777 0.671 0.654 0.512 0.495 0.442 0.336
1.078 1.166 1.272 1.343 3.498 1.272 1.095 0.972 0.883 0.795 0.707 0.671 0.512 0.495 0.442 0.336
0.972 1.078 1.148 1.184 1.29 3.18 1.166 1.042 0.919 0.813 0.707 0.601 0.53 0.495 0.442 0.353
0.919 0.972 1.042 1.078 1.095 1.201 3.074 1.095 0.972 0.866 0.76 0.618 0.565 0.512 0.459 0.336
0.866 0.866 0.919 0.954 0.972 1.042 1.131 3.392 1.095 0.954 0.83 0.654 0.583 0.565 0.477 0.336
0.777 0.777 0.83 0.848 0.883 0.919 0.972 1.113 2.756 1.042 0.901 0.671 0.618 0.583 0.495 0.336
0.707 0.707 0.742 0.777 0.795 0.813 0.883 0.954 1.06 2.968 0.989 0.689 0.671 0.618 0.512 0.336
0.671 0.618 0.671 0.671 0.707 0.742 0.76 0.848 0.919 1.007 2.862 0.707 0.724 0.671 0.548 0.336
1.254 0.548 0.601 0.565 0.583 0.548 0.548 0.583 0.601 0.618 0.671 42.189 0.548 0.512 0.424 0.406
0.495 0.512 0.495 0.512 0.548 0.548 0.583 0.618 0.636 0.689 0.742 0.618 2.65 0.742 0.618 0.406
0.477 0.477 0.495 0.495 0.495 0.512 0.512 0.548 0.583 0.618 0.654 0.548 0.742 2.756 0.671 0.371
0.424 0.424 0.424 0.442 0.442 0.442 0.442 0.477 0.495 0.53 0.565 0.477 0.618 0.671 2.438 0.406
0.336 0.336 0.336 0.336 0.336 0.336 0.336 0.336 0.336 0.336 0.336 0.459 0.371 0.371 0.406 22.472