19.08 1.079 1.008 0.867 0.778 0.637 0.584 0.513 0.442 0.425 0.389 1.716 0.301 0.283 0.248 0.23
1.097 2.972 1.168 0.973 0.814 0.672 0.566 0.478 0.407 0.372 0.336 0.372 0.265 0.248 0.23 0.195
1.008 1.168 3.184 1.115 0.92 0.743 0.619 0.513 0.442 0.407 0.372 0.584 0.283 0.265 0.23 0.195
0.849 0.973 1.132 3.078 1.061 0.831 0.708 0.566 0.495 0.425 0.372 0.46 0.301 0.283 0.23 0.195
0.778 0.814 0.92 1.061 3.29 0.955 0.778 0.619 0.531 0.442 0.407 0.495 0.301 0.283 0.248 0.195
0.655 0.672 0.743 0.849 0.955 3.184 0.973 0.743 0.619 0.513 0.46 0.425 0.336 0.301 0.265 0.212
0.548 0.566 0.619 0.69 0.778 0.973 3.078 0.902 0.708 0.619 0.513 0.442 0.372 0.336 0.301 0.212
0.495 0.46 0.495 0.548 0.619 0.743 0.92 3.078 0.885 0.725 0.619 0.46 0.442 0.372 0.301 0.195
0.425 0.407 0.442 0.478 0.531 0.619 0.725 0.885 2.547 0.849 0.708 0.495 0.495 0.425 0.336 0.212
0.389 0.336 0.389 0.425 0.46 0.513 0.601 0.743 0.849 2.866 0.814 0.495 0.548 0.478 0.372 0.212
0.389 0.318 0.336 0.372 0.407 0.442 0.531 0.619 0.708 0.814 2.654 0.531 0.619 0.513 0.407 0.212
1.238 0.354 0.46 0.372 0.407 0.372 0.389 0.425 0.46 0.495 0.548 42.245 0.478 0.407 0.336 0.301
0.23 0.248 0.265 0.283 0.301 0.336 0.372 0.442 0.478 0.566 0.619 0.478 2.441 0.619 0.478 0.265
0.248 0.23 0.248 0.265 0.265 0.301 0.336 0.372 0.425 0.478 0.513 0.425 0.619 2.547 0.548 0.23
0.23 0.212 0.23 0.23 0.23 0.248 0.283 0.301 0.336 0.372 0.407 0.318 0.478 0.548 2.123 0.283
0.212 0.195 0.177 0.177 0.177 0.195 0.195 0.195 0.195 0.195 0.195 0.425 0.265 0.23 0.265 21.972