3.078 1.219 1.061 0.955 0.831 0.76 0.655 0.584 0.531 0.495 0.46 0.548 0.354 0.336 0.301 0.248
1.219 3.184 1.344 1.15 0.973 0.848 0.743 0.619 0.566 0.495 0.442 0.495 0.336 0.301 0.301 0.265
1.042 1.325 3.609 1.415 1.168 1.042 0.867 0.743 0.619 0.548 0.478 0.566 0.336 0.318 0.301 0.23
0.901 1.095 1.398 3.503 1.398 1.166 0.991 0.814 0.672 0.584 0.495 0.495 0.354 0.336 0.283 0.23
0.777 0.936 1.168 1.433 3.604 1.413 1.15 0.902 0.743 0.619 0.513 0.566 0.372 0.318 0.301 0.23
0.724 0.83 1.026 1.221 1.415 3.397 1.344 1.044 0.831 0.672 0.566 0.495 0.372 0.336 0.283 0.265
0.636 0.724 0.885 1.044 1.15 1.396 3.397 1.238 0.955 0.778 0.619 0.495 0.389 0.336 0.301 0.23
0.548 0.618 0.725 0.831 0.92 1.042 1.221 3.503 1.168 0.902 0.69 0.495 0.425 0.336 0.301 0.248
0.495 0.53 0.619 0.708 0.743 0.83 0.955 1.185 2.972 1.097 0.831 0.513 0.46 0.372 0.301 0.23
0.459 0.459 0.531 0.601 0.619 0.671 0.743 0.902 1.132 3.184 1.044 0.566 0.531 0.425 0.336 0.23
0.389 0.424 0.46 0.495 0.513 0.548 0.584 0.672 0.814 1.026 2.972 0.601 0.619 0.478 0.372 0.265
0.406 0.389 0.46 0.46 0.46 0.424 0.425 0.46 0.478 0.531 0.601 42.245 0.495 0.389 0.301 0.354
0.318 0.318 0.354 0.372 0.372 0.371 0.372 0.425 0.478 0.548 0.637 0.495 2.866 0.69 0.46 0.301
0.3 0.3 0.318 0.336 0.336 0.336 0.336 0.354 0.372 0.442 0.495 0.407 0.69 2.972 0.601 0.301
0.265 0.283 0.283 0.301 0.301 0.3 0.283 0.301 0.318 0.336 0.372 0.318 0.46 0.619 2.229 0.318
0.212 0.23 0.23 0.265 0.248 0.265 0.23 0.23 0.23 0.248 0.265 0.372 0.301 0.283 0.318 22.29