23.352 1.698 1.61 1.398 1.238 1.132 1.026 0.955 0.885 0.814 0.761 1.734 0.548 0.495 0.425 0.354
1.734 3.715 1.858 1.645 1.38 1.221 1.097 0.991 0.885 0.778 0.672 0.637 0.495 0.442 0.407 0.301
1.61 1.875 4.033 1.858 1.539 1.362 1.221 1.079 0.973 0.849 0.708 0.743 0.513 0.478 0.407 0.301
1.415 1.645 1.858 3.715 1.681 1.486 1.327 1.168 1.044 0.902 0.743 0.708 0.548 0.495 0.407 0.301
1.256 1.398 1.557 1.716 4.14 1.681 1.504 1.309 1.15 1.008 0.831 0.761 0.566 0.513 0.442 0.301
1.15 1.256 1.38 1.504 1.698 3.821 1.681 1.451 1.274 1.079 0.885 0.708 0.601 0.548 0.46 0.318
1.061 1.15 1.256 1.344 1.521 1.698 3.927 1.681 1.451 1.221 0.973 0.725 0.655 0.584 0.495 0.301
0.991 0.991 1.097 1.168 1.309 1.433 1.663 4.246 1.787 1.451 1.15 0.814 0.725 0.637 0.531 0.301
0.92 0.92 0.991 1.061 1.168 1.274 1.451 1.804 3.821 1.716 1.327 0.867 0.831 0.743 0.584 0.301
0.849 0.796 0.849 0.92 0.991 1.079 1.168 1.451 1.751 4.564 1.716 0.973 1.026 0.885 0.672 0.336
0.796 0.69 0.743 0.778 0.831 0.885 0.973 1.15 1.327 1.734 3.927 1.115 1.185 1.044 0.814 0.336
1.362 0.584 0.619 0.601 0.655 0.601 0.637 0.708 0.778 0.902 1.079 42.245 0.92 0.796 0.619 0.389
0.548 0.513 0.531 0.548 0.584 0.601 0.637 0.743 0.831 1.008 1.203 0.973 3.29 1.327 1.008 0.389
0.531 0.478 0.495 0.513 0.513 0.548 0.584 0.655 0.725 0.902 1.061 0.849 1.327 3.503 1.168 0.389
0.442 0.442 0.442 0.442 0.442 0.478 0.478 0.548 0.584 0.708 0.814 0.655 0.991 1.185 3.184 0.407
0.354 0.336 0.318 0.301 0.301 0.301 0.301 0.301 0.301 0.318 0.336 0.442 0.372 0.354 0.407 22.502