25.652 1.696 1.625 1.413 1.307 1.184 1.113 1.025 0.954 0.901 0.866 2.314 0.689 0.636 0.583 0.477
1.714 3.816 1.784 1.59 1.431 1.29 1.184 1.06 0.989 0.936 0.866 0.742 0.707 0.636 0.565 0.459
1.608 1.802 4.134 1.767 1.572 1.413 1.29 1.166 1.06 0.989 0.919 0.883 0.724 0.654 0.583 0.442
1.431 1.608 1.802 3.922 1.714 1.537 1.378 1.237 1.131 1.042 0.954 0.83 0.742 0.671 0.583 0.442
1.307 1.396 1.572 1.731 4.558 1.643 1.449 1.29 1.166 1.095 0.989 0.936 0.777 0.707 0.601 0.442
1.184 1.29 1.413 1.537 1.643 3.922 1.555 1.378 1.254 1.113 1.042 0.848 0.777 0.707 0.601 0.459
1.095 1.166 1.29 1.378 1.466 1.572 3.922 1.449 1.307 1.166 1.078 0.848 0.813 0.742 0.618 0.442
1.025 1.06 1.148 1.219 1.29 1.36 1.484 4.346 1.396 1.272 1.113 0.866 0.83 0.76 0.618 0.459
0.936 0.954 1.06 1.095 1.166 1.254 1.29 1.413 3.498 1.36 1.219 0.866 0.883 0.777 0.671 0.442
0.883 0.919 0.989 1.042 1.078 1.148 1.166 1.272 1.396 3.922 1.325 0.901 0.954 0.83 0.689 0.459
0.848 0.848 0.919 0.954 0.989 1.042 1.078 1.148 1.201 1.343 3.604 0.972 1.007 0.901 0.707 0.459
1.802 0.671 0.742 0.707 0.777 0.742 0.742 0.777 0.813 0.848 0.901 42.189 0.76 0.671 0.548 0.442
0.636 0.689 0.724 0.742 0.777 0.795 0.795 0.848 0.919 0.936 1.007 0.83 3.18 1.025 0.795 0.512
0.583 0.636 0.654 0.671 0.689 0.724 0.724 0.76 0.795 0.848 0.901 0.742 1.007 3.816 0.954 0.495
0.53 0.565 0.565 0.583 0.583 0.618 0.618 0.618 0.654 0.671 0.724 0.583 0.795 0.972 3.074 0.548
0.442 0.442 0.424 0.424 0.424 0.459 0.424 0.424 0.442 0.442 0.459 0.477 0.495 0.495 0.548 24.274