3.078 1.291 1.079 0.938 0.867 0.778 0.69 0.637 0.566 0.495 0.46 0.566 0.389 0.354 0.318 0.283
1.291 3.184 1.362 1.097 1.008 0.885 0.778 0.655 0.584 0.495 0.46 0.513 0.372 0.336 0.301 0.301
1.097 1.38 3.609 1.415 1.203 1.044 0.902 0.761 0.655 0.566 0.478 0.601 0.372 0.336 0.301 0.265
0.938 1.115 1.415 3.503 1.415 1.221 1.026 0.849 0.708 0.601 0.495 0.531 0.372 0.336 0.301 0.265
0.849 0.991 1.168 1.398 3.609 1.433 1.15 0.955 0.778 0.619 0.531 0.566 0.372 0.336 0.301 0.265
0.761 0.867 1.044 1.221 1.433 3.397 1.362 1.061 0.849 0.69 0.566 0.495 0.389 0.354 0.301 0.301
0.69 0.778 0.902 1.044 1.168 1.398 3.29 1.256 0.973 0.778 0.601 0.513 0.389 0.372 0.318 0.265
0.619 0.672 0.761 0.831 0.973 1.079 1.256 3.503 1.168 0.902 0.69 0.513 0.442 0.372 0.301 0.265
0.548 0.601 0.655 0.708 0.796 0.867 0.973 1.185 2.972 1.097 0.831 0.531 0.478 0.389 0.336 0.265
0.513 0.513 0.566 0.601 0.655 0.708 0.761 0.92 1.132 3.184 1.044 0.584 0.531 0.442 0.354 0.265
0.478 0.46 0.495 0.495 0.566 0.584 0.601 0.708 0.814 1.026 2.972 0.601 0.637 0.495 0.372 0.283
0.46 0.442 0.495 0.46 0.495 0.46 0.46 0.478 0.478 0.531 0.601 42.245 0.513 0.389 0.318 0.372
0.389 0.389 0.389 0.372 0.407 0.407 0.407 0.442 0.478 0.548 0.637 0.513 2.866 0.725 0.478 0.336
0.354 0.354 0.354 0.336 0.372 0.372 0.336 0.372 0.389 0.442 0.495 0.407 0.708 2.972 0.619 0.318
0.318 0.318 0.318 0.301 0.336 0.336 0.301 0.336 0.336 0.336 0.372 0.336 0.478 0.637 2.229 0.336
0.265 0.283 0.283 0.265 0.283 0.301 0.265 0.265 0.265 0.265 0.265 0.407 0.318 0.301 0.336 22.29