23.033 1.663 1.539 1.362 1.168 1.079 1.008 0.938 0.867 0.796 0.725 1.716 0.513 0.46 0.389 0.336
1.681 3.609 1.787 1.592 1.327 1.185 1.061 0.938 0.849 0.725 0.619 0.619 0.478 0.425 0.372 0.301
1.557 1.804 4.033 1.787 1.468 1.327 1.168 1.044 0.938 0.796 0.672 0.708 0.478 0.442 0.372 0.301
1.38 1.592 1.804 3.715 1.645 1.468 1.291 1.115 1.026 0.849 0.708 0.69 0.495 0.478 0.389 0.301
1.185 1.327 1.468 1.645 4.033 1.681 1.468 1.274 1.097 0.938 0.778 0.725 0.531 0.478 0.407 0.283
1.079 1.168 1.327 1.451 1.698 3.821 1.663 1.415 1.256 1.044 0.849 0.69 0.566 0.495 0.407 0.301
1.026 1.079 1.168 1.291 1.486 1.681 3.927 1.645 1.415 1.168 0.955 0.725 0.619 0.548 0.442 0.301
0.955 0.938 1.044 1.097 1.274 1.415 1.663 4.246 1.751 1.38 1.097 0.761 0.708 0.619 0.478 0.301
0.867 0.849 0.92 1.008 1.115 1.256 1.415 1.769 3.821 1.681 1.291 0.831 0.778 0.672 0.531 0.301
0.778 0.725 0.796 0.849 0.938 1.026 1.168 1.38 1.698 4.352 1.681 0.955 0.973 0.849 0.637 0.318
0.743 0.619 0.672 0.708 0.778 0.849 0.938 1.097 1.291 1.698 3.715 1.061 1.15 0.955 0.725 0.318
1.344 0.548 0.601 0.584 0.601 0.584 0.619 0.69 0.743 0.867 1.044 42.245 0.867 0.743 0.566 0.354
0.495 0.478 0.495 0.513 0.531 0.566 0.619 0.708 0.796 0.991 1.15 0.92 3.29 1.203 0.902 0.372
0.46 0.425 0.442 0.442 0.478 0.513 0.548 0.619 0.69 0.849 0.973 0.796 1.203 3.397 1.061 0.354
0.407 0.372 0.372 0.372 0.407 0.407 0.442 0.495 0.548 0.619 0.743 0.601 0.885 1.061 3.078 0.389
0.318 0.301 0.283 0.283 0.283 0.301 0.301 0.301 0.301 0.301 0.318 0.407 0.372 0.354 0.389 22.29