25.546 1.555 1.466 1.29 1.184 1.06 0.972 0.936 0.848 0.777 0.742 2.102 0.583 0.53 0.459 0.389
1.608 3.71 1.661 1.466 1.29 1.166 1.06 0.936 0.866 0.795 0.724 0.636 0.583 0.53 0.477 0.371
1.484 1.678 4.134 1.643 1.449 1.29 1.148 1.042 0.954 0.866 0.777 0.742 0.601 0.565 0.477 0.371
1.29 1.449 1.678 3.816 1.59 1.413 1.254 1.095 1.007 0.919 0.848 0.724 0.618 0.565 0.495 0.371
1.184 1.29 1.449 1.608 4.452 1.502 1.343 1.166 1.042 0.954 0.866 0.813 0.636 0.601 0.495 0.371
1.078 1.148 1.29 1.413 1.519 3.71 1.413 1.237 1.095 1.007 0.901 0.724 0.671 0.601 0.512 0.371
0.989 1.042 1.166 1.254 1.325 1.449 3.816 1.325 1.166 1.06 0.954 0.724 0.707 0.618 0.53 0.371
0.936 0.954 1.042 1.095 1.166 1.254 1.343 4.134 1.254 1.095 1.007 0.76 0.724 0.654 0.53 0.371
0.83 0.866 0.954 1.007 1.06 1.095 1.166 1.29 3.498 1.219 1.078 0.76 0.777 0.671 0.565 0.371
0.777 0.795 0.866 0.919 0.954 1.007 1.042 1.131 1.237 3.71 1.166 0.813 0.813 0.742 0.601 0.371
0.76 0.742 0.777 0.83 0.883 0.919 0.954 0.989 1.078 1.184 3.392 0.848 0.883 0.777 0.618 0.371
1.661 0.565 0.636 0.618 0.707 0.636 0.636 0.671 0.707 0.724 0.813 42.189 0.671 0.583 0.477 0.371
0.548 0.583 0.618 0.636 0.636 0.671 0.689 0.742 0.777 0.83 0.883 0.742 2.968 0.901 0.724 0.442
0.53 0.548 0.565 0.583 0.583 0.618 0.618 0.636 0.689 0.724 0.795 0.636 0.919 3.498 0.813 0.424
0.459 0.477 0.495 0.495 0.495 0.512 0.512 0.548 0.565 0.601 0.618 0.512 0.707 0.83 2.65 0.459
0.371 0.353 0.353 0.353 0.353 0.371 0.353 0.353 0.371 0.371 0.371 0.424 0.424 0.406 0.459 24.274