25.334 1.572 1.466 1.29 1.184 1.06 1.007 0.936 0.866 0.795 0.76 2.102 0.583 0.548 0.477 0.406
1.608 3.71 1.661 1.466 1.325 1.184 1.078 0.972 0.883 0.813 0.76 0.654 0.583 0.548 0.495 0.406
1.484 1.678 4.134 1.643 1.466 1.325 1.166 1.06 0.972 0.883 0.813 0.76 0.618 0.565 0.495 0.371
1.29 1.484 1.678 3.816 1.572 1.413 1.254 1.113 1.025 0.919 0.848 0.724 0.618 0.583 0.495 0.371
1.201 1.307 1.466 1.608 4.452 1.519 1.343 1.166 1.06 0.972 0.883 0.83 0.636 0.583 0.495 0.389
1.095 1.166 1.307 1.413 1.519 3.71 1.413 1.254 1.095 1.007 0.901 0.724 0.671 0.601 0.512 0.406
0.989 1.078 1.166 1.254 1.325 1.449 3.71 1.307 1.166 1.042 0.954 0.724 0.689 0.618 0.53 0.389
0.972 0.972 1.042 1.113 1.166 1.254 1.343 4.134 1.272 1.113 1.007 0.76 0.707 0.654 0.565 0.389
0.866 0.883 0.954 1.007 1.06 1.095 1.166 1.29 3.498 1.254 1.095 0.777 0.76 0.671 0.583 0.389
0.795 0.813 0.883 0.919 0.954 1.007 1.042 1.095 1.254 3.71 1.184 0.795 0.813 0.742 0.601 0.389
0.76 0.742 0.795 0.83 0.883 0.919 0.954 1.007 1.078 1.201 3.392 0.866 0.883 0.777 0.618 0.406
1.643 0.565 0.654 0.618 0.689 0.636 0.636 0.671 0.707 0.724 0.813 42.189 0.671 0.583 0.477 0.389
0.548 0.583 0.601 0.618 0.636 0.671 0.689 0.724 0.777 0.83 0.883 0.724 3.074 0.901 0.724 0.477
0.53 0.53 0.565 0.583 0.583 0.618 0.618 0.636 0.689 0.724 0.795 0.636 0.919 3.498 0.813 0.459
0.459 0.477 0.495 0.495 0.495 0.512 0.53 0.548 0.583 0.601 0.618 0.512 0.724 0.813 2.65 0.495
0.406 0.371 0.353 0.371 0.371 0.389 0.371 0.371 0.371 0.371 0.389 0.424 0.442 0.424 0.477 24.38