20.67 0.866 0.866 0.724 0.689 0.636 0.601 0.584 0.565 0.512 0.53 1.59 0.46 0.442 0.425 0.389 
0.883 2.65 0.901 0.795 0.707 0.636 0.618 0.548 0.512 0.495 0.477 0.424 0.425 0.425 0.407 0.353 
0.866 0.919 2.968 0.919 0.813 0.742 0.654 0.601 0.565 0.512 0.495 0.548 0.442 0.407 0.407 0.336 
0.742 0.795 0.936 2.862 0.919 0.813 0.707 0.619 0.583 0.53 0.512 0.512 0.442 0.425 0.407 0.353 
0.689 0.724 0.795 0.919 3.078 0.883 0.777 0.672 0.618 0.565 0.53 0.53 0.442 0.442 0.407 0.336 
0.636 0.636 0.707 0.795 0.919 2.866 0.883 0.743 0.671 0.601 0.565 0.477 0.478 0.442 0.407 0.353 
0.601 0.601 0.654 0.724 0.795 0.901 2.756 0.831 0.742 0.671 0.601 0.495 0.495 0.46 0.425 0.353 
0.601 0.565 0.583 0.618 0.671 0.742 0.866 2.972 0.883 0.76 0.689 0.53 0.513 0.495 0.442 0.336 
0.565 0.512 0.548 0.583 0.618 0.671 0.742 0.885 2.756 0.901 0.777 0.565 0.584 0.531 0.46 0.336 
0.53 0.495 0.512 0.548 0.583 0.618 0.671 0.743 0.919 2.862 0.901 0.601 0.637 0.584 0.495 0.371 
0.53 0.477 0.477 0.512 0.53 0.565 0.601 0.672 0.777 0.919 2.862 0.636 0.708 0.637 0.531 0.353 
1.272 0.424 0.477 0.442 0.477 0.442 0.442 0.478 0.512 0.548 0.618 42.189 0.566 0.513 0.442 0.424 
0.442 0.406 0.424 0.442 0.442 0.477 0.477 0.513 0.583 0.618 0.707 0.618 2.862 0.867 0.637 0.424 
0.424 0.406 0.406 0.406 0.424 0.442 0.459 0.478 0.512 0.583 0.636 0.548 0.885 3.29 0.849 0.406 
0.406 0.389 0.371 0.371 0.389 0.406 0.406 0.425 0.459 0.495 0.512 0.459 0.637 0.849 2.968 0.442 
0.371 0.336 0.318 0.336 0.336 0.336 0.336 0.336 0.336 0.336 0.353 0.459 0.425 0.407 0.46 22.578 