25.546 1.343 1.237 1.06 0.936 0.813 0.76 0.707 0.636 0.583 0.548 1.961 0.371 0.353 0.3 0.265 
1.396 3.498 1.625 1.325 1.095 0.954 0.848 0.742 0.636 0.583 0.495 0.459 0.353 0.336 0.3 0.265 
1.272 1.608 4.134 1.714 1.378 1.166 1.042 0.883 0.777 0.654 0.565 0.618 0.371 0.336 0.3 0.23 
1.095 1.325 1.696 4.028 1.661 1.396 1.201 1.007 0.883 0.742 0.618 0.565 0.406 0.371 0.3 0.23 
0.972 1.131 1.413 1.678 4.452 1.608 1.378 1.131 0.954 0.813 0.671 0.671 0.424 0.371 0.3 0.23 
0.901 0.989 1.184 1.413 1.608 3.922 1.608 1.325 1.095 0.919 0.742 0.583 0.459 0.406 0.336 0.247 
0.83 0.883 1.042 1.201 1.378 1.608 4.134 1.537 1.254 1.042 0.848 0.601 0.495 0.424 0.353 0.23 
0.76 0.76 0.901 1.025 1.148 1.325 1.555 4.452 1.555 1.254 0.972 0.671 0.565 0.495 0.371 0.23 
0.689 0.671 0.777 0.883 0.972 1.095 1.254 1.555 3.71 1.502 1.148 0.689 0.618 0.53 0.406 0.247 
0.654 0.618 0.671 0.76 0.83 0.919 1.06 1.254 1.537 4.134 1.343 0.742 0.724 0.601 0.442 0.265 
0.618 0.548 0.601 0.636 0.671 0.742 0.848 0.989 1.166 1.36 3.604 0.83 0.813 0.671 0.477 0.265 
1.502 0.459 0.512 0.495 0.548 0.512 0.53 0.583 0.636 0.707 0.813 42.189 0.654 0.512 0.389 0.336 
0.406 0.389 0.424 0.424 0.442 0.477 0.512 0.583 0.636 0.742 0.848 0.671 3.286 0.883 0.601 0.336 
0.389 0.353 0.371 0.371 0.389 0.406 0.442 0.477 0.548 0.618 0.689 0.548 0.901 3.392 0.742 0.318 
0.353 0.353 0.336 0.336 0.336 0.336 0.371 0.371 0.406 0.442 0.495 0.389 0.601 0.76 2.968 0.371 
0.318 0.283 0.265 0.265 0.265 0.265 0.265 0.265 0.265 0.265 0.265 0.389 0.336 0.3 0.353 24.168 