21.335 0.655 0.637 0.566 0.566 0.513 0.478 0.478 0.442 0.425 0.425 1.415 0.336 0.354 0.301 0.248
0.655 2.335 0.708 0.619 0.584 0.531 0.495 0.442 0.425 0.407 0.372 0.301 0.336 0.301 0.301 0.212
0.655 0.69 2.654 0.708 0.619 0.584 0.531 0.495 0.442 0.442 0.407 0.407 0.336 0.336 0.301 0.212
0.566 0.619 0.725 2.547 0.725 0.637 0.584 0.513 0.495 0.46 0.425 0.372 0.336 0.336 0.301 0.212
0.548 0.566 0.619 0.725 2.866 0.743 0.637 0.584 0.513 0.495 0.442 0.425 0.372 0.336 0.301 0.212
0.513 0.513 0.584 0.619 0.743 2.866 0.743 0.655 0.584 0.548 0.478 0.389 0.372 0.372 0.336 0.23
0.478 0.478 0.531 0.584 0.637 0.761 2.866 0.778 0.672 0.601 0.548 0.407 0.407 0.407 0.336 0.23
0.478 0.442 0.495 0.531 0.584 0.637 0.778 3.078 0.814 0.708 0.619 0.46 0.46 0.442 0.372 0.23
0.442 0.407 0.442 0.478 0.531 0.584 0.672 0.814 2.547 0.831 0.708 0.495 0.513 0.495 0.407 0.23
0.425 0.389 0.442 0.442 0.495 0.548 0.601 0.725 0.831 2.76 0.814 0.513 0.566 0.548 0.442 0.248
0.425 0.354 0.407 0.407 0.442 0.478 0.548 0.619 0.708 0.814 2.76 0.566 0.619 0.584 0.478 0.248
1.097 0.301 0.354 0.336 0.372 0.354 0.372 0.425 0.46 0.495 0.548 42.245 0.478 0.442 0.354 0.318
0.318 0.318 0.318 0.336 0.354 0.389 0.407 0.478 0.531 0.584 0.637 0.495 2.547 0.725 0.548 0.301
0.318 0.301 0.318 0.336 0.336 0.372 0.389 0.442 0.478 0.548 0.584 0.442 0.69 2.76 0.655 0.283
0.283 0.265 0.283 0.301 0.301 0.301 0.336 0.372 0.407 0.442 0.46 0.372 0.548 0.655 2.335 0.318
0.212 0.195 0.195 0.195 0.195 0.212 0.195 0.195 0.212 0.23 0.23 0.318 0.265 0.265 0.301 22.184