25.334 1.325 1.219 1.042 0.936 0.848 0.777 0.724 0.636 0.583 0.565 1.979 0.406 0.389 0.318 0.318 
1.343 3.498 1.572 1.325 1.095 0.972 0.848 0.742 0.654 0.601 0.53 0.495 0.371 0.353 0.318 0.265 
1.237 1.59 4.134 1.678 1.378 1.166 1.042 0.883 0.777 0.671 0.583 0.636 0.406 0.371 0.336 0.265 
1.042 1.325 1.696 4.028 1.678 1.413 1.201 1.042 0.883 0.76 0.618 0.601 0.442 0.406 0.336 0.265 
0.954 1.095 1.378 1.678 4.452 1.608 1.378 1.148 0.972 0.83 0.707 0.689 0.459 0.406 0.336 0.265 
0.848 0.954 1.166 1.396 1.608 3.922 1.608 1.325 1.095 0.954 0.777 0.601 0.477 0.442 0.353 0.283 
0.777 0.848 1.042 1.184 1.378 1.608 4.134 1.555 1.254 1.042 0.866 0.618 0.512 0.477 0.371 0.283 
0.742 0.742 0.883 1.042 1.148 1.325 1.537 4.452 1.555 1.272 1.007 0.671 0.601 0.495 0.389 0.265 
0.654 0.654 0.777 0.883 0.972 1.095 1.254 1.555 3.71 1.519 1.166 0.724 0.671 0.565 0.442 0.283 
0.601 0.583 0.671 0.742 0.83 0.936 1.06 1.254 1.537 4.134 1.378 0.76 0.742 0.636 0.477 0.283 
0.583 0.512 0.601 0.654 0.707 0.777 0.848 1.025 1.166 1.396 3.71 0.83 0.848 0.707 0.495 0.283 
1.484 0.442 0.512 0.495 0.548 0.512 0.53 0.583 0.654 0.707 0.813 42.189 0.671 0.53 0.389 0.336 
0.371 0.389 0.406 0.442 0.442 0.477 0.53 0.601 0.671 0.76 0.866 0.707 3.286 0.936 0.618 0.353 
0.353 0.353 0.371 0.371 0.406 0.442 0.459 0.512 0.583 0.636 0.707 0.565 0.936 3.604 0.76 0.336 
0.318 0.336 0.318 0.336 0.336 0.353 0.371 0.406 0.442 0.477 0.495 0.424 0.618 0.76 3.18 0.371 
0.283 0.265 0.265 0.265 0.265 0.265 0.265 0.265 0.265 0.265 0.283 0.389 0.336 0.318 0.371 24.168 