25.334 1.343 1.237 1.06 0.972 0.866 0.795 0.742 0.636 0.618 0.583 1.996 0.424 0.389 0.353 0.318
1.36 3.498 1.643 1.36 1.148 0.989 0.883 0.777 0.671 0.618 0.53 0.512 0.406 0.371 0.336 0.3
1.254 1.643 4.134 1.714 1.413 1.219 1.042 0.901 0.777 0.707 0.601 0.671 0.442 0.406 0.336 0.3
1.078 1.36 1.714 4.028 1.678 1.413 1.219 1.042 0.883 0.777 0.654 0.618 0.459 0.406 0.353 0.3
0.972 1.148 1.413 1.696 4.452 1.608 1.378 1.148 0.972 0.848 0.707 0.707 0.477 0.442 0.353 0.283
0.883 1.007 1.219 1.413 1.625 3.816 1.608 1.325 1.095 0.954 0.777 0.618 0.495 0.442 0.371 0.3
0.813 0.883 1.042 1.219 1.378 1.608 4.134 1.555 1.272 1.078 0.866 0.636 0.548 0.477 0.389 0.3
0.742 0.777 0.901 1.042 1.148 1.325 1.555 4.452 1.572 1.272 1.042 0.689 0.618 0.53 0.406 0.3
0.671 0.671 0.777 0.883 0.972 1.095 1.272 1.59 3.71 1.519 1.166 0.724 0.671 0.601 0.442 0.3
0.618 0.618 0.707 0.777 0.848 0.954 1.06 1.29 1.537 4.134 1.378 0.76 0.777 0.654 0.477 0.3
0.601 0.548 0.618 0.654 0.707 0.777 0.883 1.025 1.166 1.378 3.71 0.866 0.883 0.742 0.512 0.3
1.502 0.477 0.53 0.512 0.583 0.53 0.565 0.618 0.671 0.724 0.848 42.189 0.671 0.548 0.406 0.371
0.406 0.406 0.424 0.442 0.477 0.512 0.548 0.618 0.689 0.777 0.883 0.707 3.286 0.936 0.636 0.371
0.389 0.371 0.389 0.406 0.442 0.442 0.477 0.512 0.583 0.636 0.724 0.583 0.936 3.604 0.777 0.353
0.336 0.336 0.353 0.353 0.371 0.371 0.389 0.406 0.442 0.477 0.512 0.424 0.618 0.795 3.18 0.406
0.318 0.3 0.283 0.283 0.283 0.3 0.3 0.3 0.3 0.3 0.3 0.406 0.371 0.336 0.389 24.168
