10.07 1.095 1.007 0.883 0.795 0.724 0.671 0.636 0.601 0.565 0.53 1.042 0.46 0.424 0.353 0.283
1.095 2.862 1.095 0.972 0.866 0.777 0.707 0.618 0.583 0.548 0.512 0.495 0.442 0.406 0.371 0.3
1.007 1.131 3.286 1.148 0.989 0.883 0.777 0.707 0.654 0.601 0.548 0.618 0.442 0.406 0.353 0.265
0.866 0.972 1.166 3.074 1.095 0.972 0.83 0.777 0.689 0.636 0.583 0.548 0.46 0.442 0.336 0.265
0.813 0.866 1.007 1.131 3.498 1.042 0.919 0.813 0.742 0.671 0.601 0.601 0.478 0.442 0.353 0.265
0.724 0.777 0.883 0.954 1.06 2.968 1.007 0.883 0.777 0.707 0.618 0.512 0.495 0.442 0.371 0.3
0.671 0.689 0.777 0.848 0.919 1.007 2.862 0.972 0.866 0.777 0.671 0.53 0.495 0.477 0.371 0.265
0.618 0.636 0.707 0.76 0.813 0.883 0.989 3.074 1.007 0.883 0.777 0.565 0.566 0.495 0.389 0.283
0.583 0.601 0.636 0.689 0.742 0.777 0.883 1.025 2.756 1.042 0.866 0.601 0.601 0.53 0.406 0.3
0.548 0.565 0.601 0.618 0.671 0.707 0.777 0.883 1.042 2.862 1.007 0.636 0.672 0.583 0.424 0.3
0.512 0.512 0.565 0.583 0.601 0.654 0.707 0.777 0.883 1.007 2.862 0.671 0.761 0.636 0.459 0.3
0.813 0.442 0.512 0.477 0.512 0.477 0.495 0.512 0.548 0.583 0.654 42.189 0.584 0.495 0.353 0.371
0.424 0.442 0.442 0.442 0.477 0.477 0.512 0.565 0.618 0.671 0.76 0.601 2.866 0.866 0.565 0.353
0.424 0.406 0.424 0.442 0.442 0.442 0.477 0.495 0.548 0.583 0.636 0.512 0.867 3.18 0.671 0.336
0.353 0.353 0.353 0.336 0.371 0.371 0.371 0.371 0.406 0.424 0.459 0.406 0.566 0.689 2.968 0.389
0.283 0.283 0.283 0.265 0.265 0.3 0.283 0.265 0.265 0.283 0.283 0.424 0.336 0.336 0.389 22.472
