21.624 0.725 0.707 0.636 0.601 0.566 0.513 0.513 0.478 0.46 0.46 1.433 0.389 0.389 0.354 0.283
0.743 2.438 0.742 0.654 0.619 0.584 0.531 0.495 0.478 0.442 0.407 0.354 0.372 0.354 0.336 0.265
0.725 0.761 2.862 0.777 0.672 0.619 0.584 0.513 0.495 0.478 0.442 0.46 0.372 0.372 0.336 0.265
0.619 0.672 0.795 2.544 0.761 0.672 0.601 0.548 0.513 0.495 0.478 0.425 0.372 0.372 0.336 0.248
0.619 0.619 0.689 0.76 2.866 0.761 0.672 0.601 0.566 0.513 0.478 0.478 0.407 0.372 0.372 0.248
0.566 0.584 0.618 0.671 0.761 2.756 0.761 0.655 0.601 0.566 0.513 0.425 0.425 0.407 0.372 0.265
0.531 0.531 0.583 0.618 0.655 0.796 2.866 0.778 0.672 0.619 0.584 0.46 0.46 0.442 0.389 0.265
0.531 0.495 0.548 0.565 0.601 0.672 0.796 3.078 0.831 0.743 0.655 0.495 0.513 0.478 0.442 0.265
0.495 0.478 0.495 0.53 0.566 0.619 0.69 0.831 2.547 0.849 0.743 0.531 0.566 0.531 0.46 0.265
0.495 0.46 0.495 0.512 0.531 0.584 0.619 0.743 0.867 2.76 0.849 0.566 0.619 0.584 0.495 0.283
0.495 0.442 0.477 0.477 0.495 0.548 0.601 0.672 0.743 0.867 2.866 0.619 0.672 0.619 0.548 0.283
1.15 0.354 0.406 0.389 0.425 0.389 0.407 0.46 0.478 0.513 0.601 42.245 0.531 0.495 0.425 0.336
0.389 0.372 0.389 0.424 0.425 0.442 0.478 0.513 0.566 0.637 0.708 0.584 2.654 0.796 0.637 0.354
0.407 0.372 0.389 0.406 0.407 0.425 0.442 0.478 0.531 0.584 0.637 0.513 0.796 2.76 0.761 0.336
0.354 0.372 0.353 0.371 0.372 0.372 0.407 0.425 0.442 0.495 0.531 0.442 0.619 0.761 2.441 0.372
0.301 0.265 0.265 0.265 0.265 0.265 0.265 0.265 0.265 0.265 0.265 0.372 0.336 0.318 0.354 22.396