20.458 0.83 0.761 0.618 0.619 0.531 0.495 0.478 0.459 0.424 0.425 1.521 0.354 0.318 0.301 0.265
0.83 2.65 0.849 0.724 0.619 0.566 0.495 0.46 0.406 0.371 0.372 0.354 0.301 0.283 0.265 0.23
0.795 0.901 2.862 0.848 0.743 0.619 0.565 0.495 0.442 0.406 0.372 0.46 0.301 0.301 0.265 0.23
0.636 0.724 0.814 2.866 0.849 0.708 0.618 0.531 0.477 0.442 0.389 0.407 0.301 0.301 0.265 0.23
0.601 0.636 0.708 0.83 2.968 0.814 0.671 0.601 0.512 0.477 0.407 0.442 0.318 0.301 0.265 0.23
0.548 0.565 0.601 0.689 0.814 2.756 0.813 0.672 0.601 0.53 0.442 0.389 0.336 0.301 0.265 0.248
0.495 0.495 0.531 0.601 0.672 0.796 2.65 0.778 0.671 0.601 0.495 0.389 0.336 0.336 0.283 0.23
0.477 0.459 0.478 0.53 0.584 0.672 0.795 3.184 0.813 0.707 0.601 0.442 0.372 0.336 0.283 0.23
0.442 0.424 0.442 0.477 0.531 0.601 0.671 0.849 2.76 0.883 0.672 0.46 0.407 0.372 0.301 0.23
0.424 0.389 0.389 0.442 0.478 0.513 0.583 0.672 0.866 2.972 0.831 0.495 0.478 0.425 0.336 0.248
0.424 0.353 0.372 0.371 0.407 0.442 0.495 0.584 0.671 0.866 2.866 0.566 0.566 0.478 0.354 0.248
1.166 0.353 0.372 0.353 0.372 0.336 0.353 0.389 0.424 0.459 0.531 42.245 0.478 0.389 0.318 0.336
0.3 0.3 0.283 0.3 0.318 0.336 0.353 0.372 0.424 0.477 0.584 0.495 2.866 0.796 0.495 0.301
0.318 0.283 0.265 0.265 0.301 0.301 0.336 0.336 0.371 0.406 0.478 0.442 0.814 3.397 0.672 0.301
0.283 0.265 0.23 0.247 0.265 0.265 0.265 0.301 0.3 0.318 0.336 0.336 0.478 0.69 3.71 0.372
0.247 0.23 0.195 0.194 0.23 0.23 0.23 0.23 0.23 0.23 0.23 0.372 0.301 0.301 0.372 22.609