21.518 0.742 0.724 0.636 0.618 0.565 0.548 0.53 0.495 0.495 0.495 1.413 0.424 0.389 0.353 0.283
0.724 2.438 0.76 0.689 0.636 0.583 0.548 0.512 0.477 0.477 0.442 0.389 0.389 0.371 0.353 0.283
0.707 0.76 2.862 0.777 0.689 0.636 0.601 0.548 0.512 0.495 0.477 0.459 0.406 0.371 0.353 0.265
0.618 0.671 0.795 2.544 0.777 0.689 0.618 0.583 0.548 0.512 0.495 0.442 0.406 0.406 0.371 0.265
0.601 0.618 0.689 0.795 2.862 0.777 0.671 0.618 0.583 0.565 0.512 0.495 0.424 0.406 0.371 0.265
0.583 0.583 0.636 0.689 0.795 2.862 0.795 0.689 0.618 0.601 0.548 0.442 0.442 0.442 0.371 0.283
0.548 0.548 0.601 0.618 0.689 0.795 2.862 0.813 0.724 0.654 0.618 0.459 0.477 0.459 0.406 0.265
0.53 0.512 0.548 0.583 0.618 0.707 0.83 3.074 0.848 0.777 0.671 0.495 0.512 0.495 0.442 0.283
0.495 0.477 0.512 0.548 0.583 0.636 0.724 0.866 2.544 0.883 0.777 0.53 0.583 0.548 0.477 0.3
0.495 0.477 0.495 0.512 0.548 0.583 0.654 0.76 0.866 2.862 0.883 0.583 0.636 0.601 0.495 0.3
0.495 0.442 0.477 0.495 0.512 0.548 0.618 0.671 0.76 0.883 2.862 0.618 0.689 0.654 0.548 0.3
1.131 0.353 0.406 0.389 0.424 0.389 0.424 0.459 0.495 0.53 0.601 42.189 0.53 0.495 0.424 0.336
0.389 0.389 0.406 0.406 0.424 0.442 0.477 0.53 0.583 0.636 0.707 0.583 2.65 0.795 0.636 0.353
0.389 0.371 0.389 0.389 0.406 0.424 0.459 0.512 0.548 0.601 0.636 0.512 0.795 2.756 0.742 0.336
0.336 0.336 0.353 0.371 0.371 0.371 0.406 0.442 0.477 0.495 0.548 0.442 0.618 0.76 2.438 0.371
0.265 0.265 0.265 0.265 0.265 0.265 0.265 0.265 0.265 0.3 0.3 0.371 0.336 0.336 0.371 22.26