20.776 0.795 0.76 0.583 0.548 0.46 0.46 0.425 0.371 0.353 0.354 1.38 0.283 0.248 0.248 0.212
0.777 2.547 0.83 0.671 0.583 0.495 0.442 0.372 0.371 0.336 0.301 0.301 0.247 0.212 0.212 0.195
0.76 0.848 2.968 0.813 0.671 0.584 0.495 0.442 0.371 0.336 0.336 0.389 0.265 0.23 0.212 0.159
0.601 0.689 0.813 2.76 0.777 0.619 0.566 0.478 0.406 0.371 0.336 0.336 0.265 0.23 0.212 0.159
0.548 0.583 0.654 0.777 2.862 0.725 0.619 0.513 0.459 0.406 0.336 0.389 0.265 0.23 0.195 0.159
0.477 0.495 0.565 0.618 0.742 2.654 0.708 0.584 0.495 0.442 0.372 0.318 0.265 0.23 0.212 0.177
0.442 0.442 0.495 0.53 0.618 0.708 2.547 0.708 0.601 0.495 0.442 0.318 0.3 0.265 0.23 0.159
0.442 0.371 0.442 0.477 0.512 0.584 0.708 2.866 0.742 0.601 0.495 0.372 0.336 0.265 0.23 0.159
0.389 0.371 0.406 0.406 0.459 0.495 0.601 0.743 2.547 0.742 0.601 0.389 0.371 0.301 0.248 0.159
0.371 0.336 0.353 0.371 0.406 0.442 0.513 0.619 0.742 2.756 0.725 0.442 0.406 0.354 0.265 0.177
0.371 0.3 0.318 0.336 0.353 0.372 0.442 0.495 0.601 0.742 2.756 0.495 0.495 0.407 0.301 0.195
1.095 0.3 0.318 0.3 0.336 0.301 0.318 0.336 0.371 0.406 0.495 42.245 0.424 0.354 0.265 0.265
0.247 0.247 0.247 0.247 0.265 0.283 0.301 0.318 0.353 0.406 0.495 0.425 2.654 0.655 0.46 0.23
0.247 0.23 0.23 0.23 0.23 0.23 0.265 0.265 0.3 0.336 0.407 0.372 0.654 3.078 0.672 0.23
0.23 0.194 0.194 0.194 0.194 0.212 0.23 0.23 0.23 0.265 0.301 0.301 0.477 0.69 2.972 0.265
0.194 0.159 0.159 0.159 0.159 0.177 0.159 0.159 0.159 0.159 0.159 0.318 0.23 0.23 0.265 22.184