20.061 0.901 0.813 0.707 0.655 0.601 0.584 0.566 0.513 0.495 0.495 1.521 0.407 0.407 0.372 0.336
0.902 2.76 0.919 0.795 0.708 0.655 0.601 0.548 0.495 0.478 0.442 0.407 0.389 0.372 0.354 0.336
0.814 0.919 3.078 0.901 0.778 0.708 0.619 0.584 0.531 0.495 0.478 0.513 0.407 0.389 0.372 0.301
0.708 0.795 0.919 2.866 0.885 0.761 0.672 0.601 0.566 0.513 0.495 0.46 0.407 0.407 0.372 0.301
0.655 0.689 0.777 0.901 2.866 0.849 0.743 0.655 0.601 0.531 0.495 0.513 0.407 0.407 0.372 0.301
0.601 0.636 0.707 0.777 0.867 2.76 0.831 0.708 0.619 0.566 0.531 0.442 0.442 0.425 0.389 0.336
0.566 0.583 0.618 0.671 0.743 0.831 2.76 0.796 0.672 0.619 0.566 0.442 0.478 0.442 0.407 0.318
0.531 0.512 0.583 0.618 0.655 0.708 0.796 2.866 0.778 0.672 0.619 0.495 0.495 0.46 0.407 0.318
0.495 0.495 0.512 0.565 0.584 0.619 0.672 0.778 2.441 0.743 0.672 0.495 0.513 0.495 0.442 0.318
0.46 0.477 0.495 0.495 0.548 0.566 0.601 0.672 0.761 2.654 0.725 0.495 0.548 0.513 0.46 0.318
0.46 0.424 0.459 0.495 0.495 0.531 0.566 0.601 0.655 0.725 2.547 0.531 0.584 0.531 0.478 0.336
1.221 0.371 0.442 0.389 0.425 0.389 0.389 0.407 0.442 0.442 0.495 42.245 0.442 0.407 0.354 0.372
0.372 0.389 0.389 0.406 0.425 0.442 0.442 0.478 0.513 0.548 0.584 0.478 2.441 0.637 0.548 0.372
0.372 0.371 0.389 0.389 0.407 0.407 0.442 0.442 0.495 0.495 0.548 0.442 0.637 2.547 0.601 0.354
0.354 0.353 0.371 0.371 0.372 0.372 0.389 0.407 0.425 0.442 0.478 0.372 0.531 0.619 2.229 0.389
0.318 0.3 0.3 0.3 0.301 0.301 0.301 0.301 0.301 0.318 0.318 0.407 0.372 0.336 0.389 22.821