21.942 0.848 0.83 0.743 0.725 0.689 0.655 0.637 0.601 0.601 0.601 1.539 0.531 0.513 0.46 0.389
0.867 2.438 0.883 0.814 0.761 0.724 0.655 0.637 0.619 0.584 0.566 0.46 0.513 0.478 0.442 0.354
0.849 0.901 2.862 0.885 0.814 0.76 0.708 0.672 0.619 0.619 0.584 0.566 0.513 0.495 0.442 0.354
0.743 0.813 0.901 2.76 0.885 0.813 0.743 0.708 0.672 0.619 0.601 0.531 0.548 0.513 0.442 0.354
0.725 0.76 0.83 0.92 3.078 0.883 0.778 0.743 0.708 0.672 0.619 0.584 0.548 0.513 0.442 0.354
0.672 0.707 0.76 0.814 0.902 2.866 0.867 0.778 0.743 0.69 0.655 0.531 0.566 0.531 0.478 0.372
0.672 0.671 0.707 0.743 0.814 0.883 2.76 0.867 0.778 0.743 0.708 0.548 0.584 0.548 0.478 0.372
0.637 0.636 0.671 0.708 0.743 0.777 0.867 3.078 0.885 0.814 0.761 0.601 0.619 0.584 0.495 0.354
0.601 0.601 0.618 0.655 0.708 0.742 0.778 0.92 2.654 0.902 0.814 0.601 0.672 0.619 0.531 0.372
0.601 0.565 0.601 0.619 0.655 0.689 0.743 0.814 0.92 2.866 0.902 0.619 0.725 0.655 0.548 0.372
0.601 0.565 0.601 0.601 0.619 0.654 0.69 0.743 0.831 0.938 2.972 0.708 0.778 0.69 0.584 0.372
1.203 0.442 0.495 0.478 0.513 0.477 0.478 0.531 0.548 0.584 0.655 42.245 0.584 0.531 0.442 0.407
0.495 0.495 0.512 0.513 0.548 0.565 0.584 0.619 0.655 0.725 0.778 0.637 2.866 0.867 0.672 0.442
0.495 0.495 0.495 0.513 0.513 0.53 0.548 0.584 0.619 0.655 0.69 0.584 0.885 2.972 0.796 0.425
0.442 0.442 0.459 0.442 0.46 0.477 0.478 0.495 0.513 0.548 0.584 0.478 0.672 0.814 2.972 0.46
0.372 0.353 0.353 0.336 0.336 0.371 0.336 0.336 0.336 0.354 0.372 0.442 0.407 0.407 0.46 22.821