23.638 1.06 0.972 0.813 0.76 0.654 0.618 0.584 0.512 0.477 0.442 1.979 0.336 0.3 0.265 0.248
1.095 3.074 1.166 0.989 0.848 0.742 0.654 0.584 0.512 0.477 0.406 0.353 0.318 0.3 0.283 0.23
0.954 1.166 3.498 1.166 0.989 0.848 0.742 0.655 0.583 0.495 0.442 0.565 0.336 0.3 0.283 0.212
0.813 0.989 1.166 3.18 1.095 0.954 0.848 0.708 0.618 0.53 0.442 0.459 0.336 0.3 0.283 0.212
0.76 0.848 0.989 1.131 3.71 1.06 0.919 0.778 0.671 0.583 0.495 0.548 0.353 0.336 0.301 0.212
0.654 0.742 0.848 0.954 1.078 3.286 1.042 0.885 0.742 0.618 0.512 0.459 0.371 0.336 0.301 0.23
0.636 0.654 0.76 0.83 0.919 1.06 3.29 1.044 0.848 0.707 0.583 0.459 0.406 0.353 0.301 0.212
0.601 0.583 0.654 0.724 0.777 0.883 1.042 3.71 1.06 0.866 0.689 0.495 0.442 0.406 0.336 0.23
0.53 0.512 0.583 0.618 0.671 0.742 0.848 1.061 3.078 1.042 0.813 0.512 0.495 0.442 0.372 0.23
0.459 0.459 0.512 0.548 0.583 0.618 0.724 0.849 1.025 3.074 0.954 0.53 0.565 0.495 0.407 0.23
0.442 0.389 0.442 0.477 0.477 0.512 0.583 0.69 0.795 0.989 3.074 0.601 0.654 0.565 0.442 0.23
1.431 0.353 0.424 0.389 0.424 0.389 0.389 0.442 0.477 0.512 0.601 42.245 0.512 0.424 0.336 0.283
0.3 0.318 0.336 0.336 0.353 0.353 0.389 0.425 0.495 0.565 0.636 0.495 2.76 0.689 0.513 0.283
0.3 0.283 0.3 0.3 0.318 0.336 0.353 0.389 0.424 0.477 0.565 0.424 0.689 2.756 0.619 0.283
0.265 0.247 0.265 0.265 0.265 0.283 0.3 0.336 0.336 0.371 0.424 0.353 0.512 0.618 2.441 0.301
0.247 0.212 0.194 0.194 0.194 0.212 0.194 0.195 0.194 0.212 0.212 0.318 0.283 0.265 0.301 23.426