22.698 0.866 0.804 0.672 0.636 0.556 0.521 0.495 0.442 0.415 0.398 1.566 0.283 0.247 0.212 0.195
0.884 2.811 0.919 0.796 0.690 0.627 0.557 0.477 0.443 0.389 0.354 0.300 0.247 0.221 0.212 0.177
0.822 0.927 3.182 0.956 0.831 0.734 0.645 0.566 0.495 0.451 0.381 0.433 0.275 0.247 0.203 0.160
0.689 0.795 0.972 3.074 0.964 0.831 0.725 0.628 0.557 0.477 0.415 0.390 0.275 0.247 0.212 0.169
0.636 0.698 0.813 0.965 3.339 0.946 0.804 0.681 0.593 0.512 0.433 0.460 0.283 0.247 0.203 0.160
0.556 0.627 0.734 0.832 0.946 2.970 0.919 0.769 0.654 0.557 0.460 0.381 0.301 0.265 0.212 0.177
0.530 0.556 0.645 0.734 0.822 0.919 3.025 0.875 0.743 0.619 0.522 0.389 0.327 0.274 0.230 0.169
0.512 0.485 0.556 0.620 0.680 0.769 0.893 3.397 0.902 0.716 0.593 0.433 0.345 0.291 0.230 0.160
0.460 0.451 0.495 0.548 0.601 0.645 0.743 0.902 3.079 0.875 0.690 0.451 0.381 0.319 0.230 0.160
0.406 0.398 0.442 0.460 0.512 0.557 0.619 0.726 0.867 3.184 0.832 0.477 0.443 0.353 0.247 0.169
0.398 0.353 0.380 0.407 0.424 0.460 0.503 0.584 0.672 0.822 3.025 0.548 0.495 0.398 0.274 0.168
1.193 0.300 0.353 0.328 0.389 0.327 0.353 0.371 0.407 0.451 0.531 42.217 0.416 0.327 0.221 0.239
0.247 0.257 0.274 0.275 0.291 0.309 0.309 0.354 0.381 0.442 0.495 0.442 2.654 0.575 0.362 0.230
0.238 0.230 0.238 0.247 0.256 0.256 0.274 0.301 0.319 0.353 0.406 0.345 0.566 2.917 0.460 0.212
0.203 0.203 0.212 0.203 0.203 0.212 0.230 0.230 0.238 0.257 0.283 0.247 0.362 0.460 2.439 0.248
0.185 0.168 0.159 0.160 0.159 0.168 0.159 0.160 0.160 0.159 0.160 0.274 0.230 0.203 0.247 23.123
