25.016 1.555 1.449 1.166 1.042 0.919 0.813 0.76 0.636 0.583 0.548 1.89 0.406 0.371 0.3 0.283 
1.572 3.71 1.696 1.396 1.166 1.007 0.883 0.76 0.671 0.601 0.53 0.512 0.406 0.371 0.318 0.265 
1.466 1.678 4.134 1.643 1.343 1.148 1.007 0.848 0.742 0.654 0.583 0.601 0.406 0.371 0.3 0.265 
1.201 1.378 1.643 3.922 1.555 1.307 1.148 0.954 0.813 0.707 0.618 0.583 0.424 0.371 0.3 0.265 
1.042 1.148 1.36 1.537 4.24 1.466 1.254 1.042 0.883 0.76 0.654 0.636 0.442 0.406 0.336 0.247 
0.936 1.007 1.148 1.325 1.466 3.71 1.378 1.148 0.954 0.813 0.707 0.583 0.477 0.406 0.336 0.265 
0.848 0.883 0.989 1.148 1.254 1.396 3.816 1.272 1.042 0.883 0.742 0.565 0.495 0.424 0.336 0.265 
0.76 0.742 0.866 0.954 1.042 1.148 1.272 4.028 1.166 0.972 0.83 0.601 0.53 0.459 0.371 0.247 
0.654 0.654 0.724 0.813 0.883 0.954 1.042 1.184 3.18 1.095 0.919 0.601 0.565 0.477 0.371 0.265 
0.601 0.583 0.636 0.689 0.742 0.813 0.883 0.989 1.095 3.604 1.007 0.618 0.618 0.512 0.371 0.265 
0.565 0.512 0.583 0.618 0.654 0.707 0.742 0.813 0.919 1.025 3.286 0.671 0.671 0.583 0.424 0.265 
1.431 0.442 0.495 0.477 0.548 0.477 0.477 0.53 0.53 0.565 0.654 42.189 0.565 0.477 0.318 0.336 
0.389 0.389 0.406 0.424 0.442 0.459 0.495 0.53 0.565 0.618 0.689 0.601 2.862 0.795 0.548 0.336 
0.371 0.371 0.371 0.389 0.406 0.406 0.442 0.459 0.477 0.512 0.583 0.495 0.795 3.392 0.689 0.318 
0.318 0.318 0.318 0.336 0.336 0.336 0.353 0.371 0.371 0.406 0.442 0.371 0.548 0.689 3.074 0.371 
0.283 0.265 0.247 0.247 0.265 0.265 0.265 0.247 0.265 0.265 0.265 0.389 0.336 0.3 0.371 24.274 