23.85 1.113 1.007 0.849 0.761 0.69 0.636 0.619 0.548 0.513 0.478 2.07 0.354 0.318 0.283 0.247
1.131 3.078 1.166 0.991 0.849 0.761 0.671 0.601 0.548 0.495 0.442 0.372 0.336 0.301 0.283 0.23
1.007 1.184 3.503 1.185 1.008 0.885 0.777 0.672 0.619 0.548 0.495 0.601 0.354 0.336 0.283 0.212
0.866 0.989 1.184 3.29 1.168 1.026 0.883 0.743 0.672 0.601 0.513 0.495 0.372 0.336 0.301 0.212
0.777 0.848 1.007 1.168 3.715 1.097 0.954 0.831 0.743 0.619 0.548 0.566 0.372 0.336 0.301 0.212
0.707 0.76 0.883 0.991 1.132 3.286 1.078 0.92 0.796 0.708 0.601 0.495 0.407 0.372 0.301 0.23
0.636 0.654 0.777 0.867 0.955 1.061 3.286 1.044 0.902 0.778 0.655 0.495 0.425 0.372 0.301 0.212
0.636 0.601 0.671 0.743 0.831 0.92 1.06 3.604 1.079 0.92 0.778 0.531 0.478 0.407 0.336 0.212
0.565 0.548 0.618 0.655 0.725 0.796 0.901 1.079 3.078 1.079 0.885 0.566 0.513 0.46 0.372 0.23
0.512 0.477 0.548 0.584 0.619 0.69 0.777 0.92 1.079 3.184 1.061 0.601 0.619 0.513 0.407 0.23
0.495 0.442 0.477 0.513 0.548 0.584 0.654 0.778 0.885 1.061 3.184 0.672 0.69 0.584 0.442 0.23
1.449 0.389 0.459 0.425 0.478 0.425 0.442 0.478 0.513 0.584 0.69 42.245 0.566 0.46 0.354 0.3
0.318 0.353 0.353 0.354 0.372 0.389 0.424 0.478 0.531 0.601 0.708 0.566 2.866 0.761 0.531 0.3
0.318 0.318 0.336 0.336 0.354 0.354 0.371 0.425 0.46 0.513 0.584 0.46 0.778 2.972 0.672 0.283
0.283 0.283 0.3 0.301 0.301 0.301 0.318 0.336 0.372 0.407 0.442 0.354 0.531 0.69 2.654 0.318
0.247 0.212 0.212 0.212 0.212 0.212 0.212 0.212 0.23 0.23 0.23 0.336 0.283 0.265 0.318 23.458