21.624 0.795 0.795 0.708 0.69 0.637 0.637 0.601 0.566 0.566 0.548 1.539 0.46 0.46 0.389 0.336
0.83 2.441 0.813 0.778 0.725 0.672 0.637 0.601 0.584 0.548 0.513 0.442 0.442 0.425 0.407 0.318
0.795 0.83 2.866 0.849 0.778 0.725 0.672 0.619 0.601 0.566 0.531 0.531 0.46 0.442 0.407 0.301
0.707 0.76 0.866 2.76 0.849 0.778 0.725 0.672 0.619 0.584 0.566 0.495 0.478 0.442 0.407 0.318
0.689 0.707 0.777 0.867 3.078 0.831 0.743 0.708 0.655 0.619 0.584 0.548 0.478 0.442 0.407 0.301
0.636 0.671 0.707 0.778 0.867 2.866 0.831 0.743 0.708 0.655 0.601 0.478 0.495 0.478 0.407 0.336
0.618 0.618 0.671 0.708 0.761 0.867 2.76 0.831 0.743 0.708 0.655 0.495 0.513 0.495 0.425 0.318
0.618 0.583 0.618 0.672 0.708 0.743 0.849 3.078 0.867 0.778 0.708 0.548 0.566 0.513 0.46 0.301
0.565 0.565 0.601 0.619 0.655 0.708 0.743 0.867 2.654 0.885 0.778 0.566 0.601 0.566 0.478 0.318
0.565 0.548 0.583 0.601 0.619 0.655 0.708 0.778 0.902 2.866 0.885 0.601 0.637 0.601 0.495 0.336
0.565 0.512 0.548 0.566 0.584 0.619 0.655 0.708 0.796 0.902 2.866 0.655 0.708 0.619 0.531 0.336
1.219 0.406 0.477 0.442 0.478 0.442 0.478 0.495 0.513 0.548 0.601 42.245 0.548 0.478 0.407 0.372
0.442 0.459 0.459 0.478 0.478 0.513 0.531 0.566 0.619 0.637 0.708 0.584 2.76 0.796 0.619 0.389
0.442 0.442 0.442 0.442 0.478 0.478 0.495 0.513 0.548 0.584 0.637 0.513 0.796 2.866 0.778 0.372
0.406 0.406 0.389 0.407 0.407 0.425 0.442 0.442 0.478 0.495 0.531 0.442 0.619 0.778 2.547 0.407
0.318 0.318 0.3 0.301 0.301 0.336 0.318 0.318 0.318 0.318 0.318 0.407 0.372 0.372 0.425 22.502