23.458 1.061 0.938 0.814 0.725 0.655 0.619 0.584 0.513 0.478 0.460 2.070 0.318 0.301 0.265 0.248
1.079 3.078 1.150 0.973 0.831 0.743 0.655 0.584 0.513 0.478 0.407 0.354 0.301 0.301 0.265 0.212
0.973 1.168 3.397 1.150 0.973 0.849 0.743 0.655 0.584 0.513 0.442 0.584 0.336 0.301 0.265 0.212
0.831 0.955 1.168 3.184 1.097 0.955 0.831 0.725 0.619 0.548 0.478 0.460 0.336 0.301 0.283 0.212
0.761 0.831 0.973 1.097 3.609 1.079 0.920 0.796 0.672 0.601 0.495 0.548 0.354 0.336 0.283 0.195
0.672 0.725 0.849 0.955 1.061 3.184 1.044 0.885 0.743 0.637 0.548 0.460 0.372 0.336 0.301 0.212
0.619 0.637 0.743 0.831 0.920 1.044 3.290 1.044 0.867 0.743 0.601 0.460 0.389 0.354 0.301 0.212
0.601 0.584 0.655 0.743 0.796 0.885 1.044 3.609 1.044 0.867 0.708 0.495 0.442 0.407 0.318 0.212
0.548 0.531 0.584 0.619 0.672 0.761 0.867 1.061 3.078 1.044 0.814 0.495 0.495 0.442 0.336 0.212
0.478 0.460 0.495 0.548 0.584 0.619 0.725 0.867 1.026 2.972 0.973 0.531 0.584 0.495 0.389 0.212
0.442 0.407 0.442 0.478 0.495 0.548 0.601 0.690 0.814 0.991 2.972 0.601 0.637 0.548 0.407 0.212
1.468 0.372 0.442 0.389 0.442 0.389 0.389 0.460 0.478 0.513 0.601 42.245 0.513 0.425 0.318 0.283
0.283 0.318 0.318 0.336 0.336 0.354 0.389 0.442 0.478 0.566 0.637 0.495 2.654 0.690 0.513 0.283
0.301 0.283 0.301 0.318 0.318 0.336 0.354 0.389 0.425 0.478 0.548 0.425 0.690 2.760 0.619 0.248
0.283 0.265 0.265 0.283 0.265 0.283 0.301 0.318 0.336 0.372 0.407 0.336 0.495 0.619 2.441 0.301
0.230 0.212 0.195 0.195 0.195 0.212 0.195 0.195 0.195 0.212 0.212 0.336 0.265 0.230 0.301 23.458
