20.458 0.795 0.725 0.584 0.531 0.478 0.442 0.425 0.389 0.354 0.354 1.468 0.248 0.248 0.212 0.212
0.795 2.547 0.831 0.672 0.566 0.495 0.442 0.389 0.372 0.318 0.301 0.283 0.212 0.195 0.195 0.195
0.76 0.83 2.972 0.814 0.672 0.584 0.495 0.442 0.372 0.336 0.301 0.407 0.23 0.212 0.195 0.177
0.583 0.671 0.814 2.866 0.814 0.672 0.566 0.495 0.407 0.372 0.301 0.354 0.23 0.212 0.195 0.159
0.548 0.565 0.672 0.814 2.866 0.778 0.637 0.531 0.46 0.372 0.336 0.389 0.23 0.212 0.195 0.177
0.495 0.495 0.584 0.672 0.778 2.654 0.761 0.601 0.495 0.442 0.372 0.318 0.23 0.212 0.195 0.177
0.459 0.442 0.495 0.566 0.619 0.761 2.547 0.743 0.601 0.495 0.407 0.318 0.265 0.23 0.195 0.159
0.442 0.406 0.442 0.495 0.531 0.619 0.743 2.866 0.743 0.584 0.478 0.372 0.265 0.23 0.195 0.177
0.389 0.371 0.372 0.407 0.46 0.495 0.584 0.743 2.547 0.743 0.566 0.372 0.301 0.265 0.212 0.177
0.371 0.336 0.336 0.372 0.372 0.442 0.495 0.584 0.743 2.76 0.708 0.407 0.336 0.301 0.23 0.159
0.336 0.3 0.301 0.336 0.336 0.372 0.407 0.478 0.566 0.708 2.76 0.46 0.407 0.336 0.248 0.195
1.166 0.3 0.354 0.318 0.336 0.301 0.301 0.336 0.336 0.372 0.442 42.245 0.354 0.265 0.195 0.265
0.212 0.23 0.212 0.23 0.23 0.23 0.265 0.283 0.301 0.354 0.407 0.354 3.29 0.513 0.336 0.265
0.23 0.194 0.212 0.212 0.23 0.212 0.23 0.23 0.265 0.301 0.336 0.301 0.513 2.654 0.442 0.23
0.194 0.194 0.195 0.195 0.195 0.195 0.195 0.195 0.212 0.23 0.23 0.212 0.336 0.442 2.123 0.248
0.194 0.194 0.159 0.159 0.159 0.177 0.159 0.159 0.159 0.159 0.177 0.283 0.265 0.23 0.248 22.502