25.016 1.555 1.413 1.148 1.025 0.883 0.813 0.742 0.636 0.583 0.565 1.855 0.406 0.371 0.318 0.3 
1.572 3.604 1.678 1.378 1.148 0.989 0.866 0.742 0.654 0.583 0.512 0.512 0.389 0.371 0.318 0.265 
1.431 1.678 4.134 1.59 1.325 1.148 0.989 0.848 0.724 0.618 0.583 0.601 0.406 0.371 0.336 0.265 
1.166 1.378 1.608 3.816 1.537 1.29 1.095 0.954 0.813 0.689 0.618 0.565 0.442 0.371 0.336 0.265 
1.042 1.113 1.325 1.537 4.24 1.449 1.219 1.042 0.883 0.742 0.636 0.636 0.442 0.406 0.336 0.265 
0.919 0.972 1.095 1.272 1.466 3.71 1.378 1.113 0.954 0.813 0.689 0.548 0.477 0.406 0.336 0.265 
0.83 0.883 0.972 1.095 1.237 1.378 3.71 1.254 1.042 0.883 0.742 0.565 0.495 0.442 0.353 0.265 
0.742 0.742 0.83 0.954 1.042 1.148 1.254 4.028 1.166 0.972 0.813 0.601 0.512 0.477 0.371 0.265 
0.654 0.654 0.707 0.777 0.883 0.954 1.042 1.166 3.286 1.095 0.901 0.601 0.565 0.495 0.371 0.265 
0.601 0.583 0.618 0.671 0.742 0.813 0.883 0.972 1.078 3.604 1.025 0.618 0.618 0.53 0.406 0.265 
0.565 0.512 0.565 0.601 0.636 0.707 0.742 0.813 0.901 1.007 3.286 0.671 0.671 0.601 0.442 0.265 
1.413 0.442 0.495 0.477 0.53 0.477 0.477 0.53 0.53 0.565 0.654 42.189 0.548 0.477 0.353 0.336 
0.389 0.389 0.389 0.406 0.442 0.459 0.477 0.512 0.565 0.636 0.707 0.601 2.862 0.795 0.565 0.336 
0.353 0.353 0.371 0.371 0.389 0.406 0.442 0.459 0.477 0.53 0.583 0.495 0.795 3.18 0.707 0.318 
0.3 0.3 0.3 0.3 0.336 0.336 0.336 0.371 0.371 0.406 0.442 0.371 0.565 0.724 2.862 0.371 
0.265 0.265 0.23 0.23 0.23 0.265 0.247 0.23 0.247 0.265 0.265 0.389 0.336 0.3 0.371 24.274 