25.016 1.572 1.449 1.166 1.06 0.936 0.848 0.777 0.671 0.618 0.601 1.855 0.424 0.406 0.353 0.336 
1.59 3.71 1.678 1.396 1.166 1.025 0.919 0.777 0.671 0.618 0.548 0.53 0.424 0.389 0.353 0.3 
1.449 1.696 4.134 1.643 1.343 1.166 1.042 0.883 0.777 0.671 0.601 0.618 0.442 0.406 0.371 0.3 
1.201 1.378 1.661 3.922 1.555 1.325 1.148 0.972 0.848 0.724 0.636 0.583 0.459 0.424 0.371 0.3 
1.078 1.148 1.343 1.555 4.24 1.466 1.272 1.078 0.883 0.777 0.671 0.654 0.477 0.442 0.371 0.3 
0.954 1.007 1.166 1.325 1.466 3.71 1.396 1.148 0.972 0.83 0.707 0.583 0.495 0.442 0.371 0.3 
0.866 0.901 1.042 1.148 1.254 1.413 3.816 1.29 1.06 0.919 0.777 0.601 0.512 0.477 0.406 0.3 
0.795 0.777 0.883 0.972 1.06 1.166 1.307 4.028 1.219 0.989 0.848 0.618 0.548 0.495 0.406 0.3 
0.689 0.671 0.76 0.83 0.901 0.972 1.06 1.237 3.286 1.095 0.919 0.601 0.601 0.512 0.442 0.3 
0.601 0.601 0.671 0.724 0.777 0.848 0.901 1.007 1.131 3.604 1.042 0.618 0.636 0.583 0.442 0.3 
0.601 0.565 0.601 0.618 0.671 0.724 0.777 0.848 0.919 1.042 3.286 0.707 0.707 0.618 0.477 0.3 
1.431 0.477 0.495 0.495 0.548 0.512 0.512 0.548 0.565 0.583 0.689 42.189 0.583 0.495 0.389 0.371 
0.424 0.442 0.442 0.459 0.477 0.512 0.512 0.565 0.601 0.636 0.742 0.618 2.862 0.83 0.618 0.389 
0.406 0.406 0.406 0.424 0.442 0.442 0.477 0.495 0.512 0.583 0.636 0.512 0.83 3.074 0.742 0.371 
0.353 0.371 0.353 0.371 0.371 0.371 0.406 0.406 0.442 0.442 0.495 0.406 0.618 0.76 2.756 0.406 
0.318 0.3 0.283 0.283 0.283 0.3 0.3 0.3 0.3 0.3 0.3 0.406 0.371 0.336 0.389 24.274