10.812 1.148 0.954 0.742 0.636 0.565 0.53 0.495 0.459 0.424 0.424 0.989 0.353 0.353 0.318 0.283
1.113 3.074 1.078 0.813 0.654 0.583 0.512 0.477 0.424 0.406 0.371 0.424 0.353 0.318 0.3 0.283
0.936 1.113 3.392 0.989 0.777 0.654 0.583 0.495 0.459 0.442 0.406 0.512 0.336 0.336 0.3 0.265
0.724 0.83 1.042 3.074 0.883 0.742 0.618 0.548 0.477 0.442 0.406 0.424 0.336 0.336 0.3 0.265
0.618 0.654 0.795 0.901 3.18 0.848 0.689 0.583 0.495 0.442 0.406 0.459 0.336 0.318 0.3 0.265
0.548 0.583 0.654 0.742 0.848 2.862 0.813 0.654 0.565 0.495 0.442 0.389 0.336 0.336 0.3 0.265
0.512 0.53 0.583 0.618 0.689 0.83 2.862 0.813 0.654 0.565 0.495 0.389 0.371 0.353 0.3 0.265
0.477 0.459 0.512 0.548 0.583 0.654 0.813 3.18 0.848 0.707 0.583 0.442 0.406 0.371 0.318 0.265
0.442 0.442 0.477 0.477 0.512 0.565 0.671 0.901 2.756 0.883 0.707 0.459 0.477 0.424 0.336 0.265
0.406 0.406 0.424 0.442 0.477 0.495 0.565 0.724 0.901 2.862 0.883 0.495 0.53 0.477 0.371 0.265
0.406 0.389 0.406 0.406 0.406 0.442 0.495 0.601 0.707 0.901 2.862 0.601 0.671 0.565 0.406 0.265
0.777 0.371 0.424 0.371 0.389 0.353 0.353 0.424 0.442 0.495 0.601 42.189 0.548 0.477 0.336 0.353
0.353 0.353 0.353 0.353 0.353 0.353 0.371 0.424 0.477 0.565 0.654 0.548 2.862 0.866 0.512 0.336
0.318 0.318 0.336 0.336 0.336 0.336 0.336 0.371 0.406 0.477 0.583 0.477 0.866 3.498 0.671 0.318
0.3 0.3 0.3 0.3 0.3 0.3 0.3 0.336 0.336 0.371 0.406 0.353 0.512 0.671 3.498 0.389
0.265 0.265 0.265 0.23 0.247 0.265 0.265 0.247 0.247 0.265 0.265 0.406 0.336 0.318 0.371 22.578