22.366 0.972 0.936 0.813 0.76 0.689 0.654 0.618 0.583 0.548 0.548 1.555 0.46 0.442 0.442 0.389
0.972 2.756 0.989 0.901 0.813 0.724 0.654 0.583 0.548 0.512 0.477 0.442 0.425 0.442 0.407 0.372
0.936 1.007 3.074 0.989 0.883 0.777 0.707 0.618 0.583 0.53 0.495 0.53 0.442 0.442 0.407 0.354
0.813 0.883 1.007 2.968 0.972 0.848 0.76 0.654 0.601 0.565 0.512 0.495 0.442 0.442 0.407 0.336
0.76 0.813 0.883 0.989 3.286 0.972 0.83 0.707 0.636 0.601 0.53 0.548 0.442 0.459 0.425 0.372
0.707 0.742 0.777 0.848 0.989 2.968 0.954 0.777 0.707 0.618 0.565 0.477 0.478 0.477 0.442 0.372
0.654 0.654 0.707 0.76 0.83 0.954 3.074 0.936 0.777 0.707 0.618 0.495 0.513 0.495 0.46 0.372
0.601 0.601 0.618 0.654 0.707 0.795 0.936 3.392 1.007 0.848 0.742 0.565 0.584 0.565 0.495 0.372
0.565 0.565 0.583 0.601 0.636 0.707 0.795 1.007 2.756 0.972 0.848 0.601 0.637 0.601 0.531 0.372
0.565 0.512 0.548 0.565 0.601 0.618 0.724 0.866 1.007 2.968 0.954 0.618 0.708 0.671 0.584 0.372
0.565 0.495 0.495 0.512 0.565 0.583 0.618 0.742 0.848 0.989 2.968 0.671 0.778 0.742 0.619 0.372
1.201 0.406 0.459 0.442 0.477 0.442 0.459 0.512 0.548 0.583 0.671 42.245 0.566 0.53 0.478 0.407
0.442 0.442 0.459 0.459 0.477 0.477 0.53 0.601 0.636 0.724 0.777 0.636 2.756 0.866 0.725 0.442
0.442 0.424 0.424 0.442 0.442 0.477 0.495 0.565 0.618 0.654 0.724 0.583 0.849 2.972 0.849 0.425
0.424 0.406 0.424 0.406 0.424 0.442 0.459 0.495 0.53 0.565 0.601 0.495 0.69 0.848 2.65 0.46
0.371 0.353 0.353 0.336 0.336 0.371 0.353 0.353 0.371 0.353 0.371 0.459 0.407 0.406 0.46 22.79