22.154 1.166 1.097 0.885 0.83 0.725 0.689 0.637 0.584 0.548 0.513 1.716 0.354 0.318 0.248 0.248
1.166 3.074 1.256 1.044 0.883 0.778 0.707 0.619 0.566 0.495 0.46 0.442 0.336 0.265 0.23 0.212
1.113 1.254 3.392 1.256 1.042 0.902 0.813 0.708 0.619 0.566 0.495 0.601 0.336 0.301 0.23 0.212
0.901 1.042 1.256 3.29 1.166 1.044 0.919 0.814 0.708 0.619 0.548 0.548 0.354 0.301 0.23 0.212
0.848 0.866 1.044 1.185 3.397 1.15 1.025 0.902 0.778 0.672 0.601 0.566 0.372 0.301 0.23 0.195
0.742 0.777 0.902 1.044 1.166 3.18 1.148 0.973 0.849 0.743 0.619 0.513 0.372 0.336 0.23 0.23
0.707 0.707 0.814 0.92 1.042 1.168 3.078 1.115 0.973 0.831 0.708 0.531 0.407 0.336 0.248 0.212
0.671 0.618 0.708 0.814 0.901 0.991 1.131 3.397 1.115 0.955 0.814 0.566 0.46 0.372 0.248 0.212
0.601 0.565 0.619 0.708 0.777 0.849 0.954 1.15 2.972 1.097 0.92 0.601 0.495 0.389 0.265 0.212
0.548 0.495 0.584 0.619 0.671 0.743 0.83 0.955 1.097 3.078 1.097 0.619 0.566 0.442 0.283 0.212
0.53 0.459 0.495 0.566 0.601 0.637 0.707 0.814 0.92 1.097 3.29 0.69 0.672 0.495 0.301 0.212
1.307 0.424 0.495 0.478 0.495 0.46 0.459 0.495 0.531 0.566 0.655 42.245 0.566 0.425 0.265 0.301
0.336 0.318 0.354 0.354 0.371 0.389 0.424 0.442 0.495 0.584 0.672 0.601 3.184 0.867 0.425 0.301
0.3 0.283 0.283 0.301 0.3 0.336 0.336 0.372 0.389 0.442 0.513 0.46 0.849 3.821 0.566 0.265
0.265 0.23 0.23 0.23 0.23 0.23 0.265 0.265 0.265 0.283 0.301 0.301 0.407 0.584 3.29 0.336
0.23 0.23 0.195 0.195 0.194 0.23 0.194 0.195 0.195 0.195 0.195 0.336 0.301 0.265 0.336 22.609