22.715 0.654 0.619 0.548 0.531 0.478 0.478 0.478 0.425 0.407 0.407 1.911 0.336 0.318 0.301 0.230
0.655 2.335 0.672 0.619 0.548 0.513 0.478 0.442 0.425 0.407 0.372 0.318 0.318 0.318 0.301 0.212
0.637 0.671 2.756 0.672 0.619 0.584 0.513 0.495 0.442 0.442 0.407 0.460 0.336 0.336 0.301 0.195
0.566 0.618 0.672 2.547 0.690 0.619 0.584 0.513 0.478 0.442 0.442 0.372 0.354 0.336 0.301 0.195
0.548 0.548 0.619 0.690 3.078 0.672 0.619 0.566 0.513 0.495 0.460 0.460 0.372 0.354 0.301 0.195
0.495 0.512 0.566 0.619 0.690 2.654 0.690 0.619 0.566 0.513 0.478 0.389 0.389 0.372 0.336 0.212
0.478 0.495 0.513 0.584 0.619 0.690 2.866 0.672 0.619 0.566 0.513 0.407 0.407 0.407 0.336 0.212
0.478 0.459 0.495 0.513 0.566 0.619 0.690 3.184 0.708 0.619 0.584 0.442 0.442 0.425 0.372 0.212
0.425 0.442 0.442 0.495 0.513 0.566 0.619 0.725 2.441 0.708 0.619 0.442 0.478 0.460 0.372 0.212
0.425 0.406 0.442 0.460 0.478 0.513 0.584 0.619 0.725 2.866 0.708 0.442 0.513 0.495 0.407 0.212
0.425 0.389 0.407 0.425 0.442 0.478 0.513 0.584 0.619 0.725 2.760 0.495 0.584 0.513 0.442 0.212
1.415 0.318 0.389 0.336 0.389 0.354 0.354 0.389 0.407 0.425 0.495 42.245 0.425 0.389 0.336 0.265
0.283 0.336 0.336 0.354 0.372 0.389 0.425 0.442 0.478 0.513 0.584 0.442 2.547 0.619 0.513 0.265
0.318 0.318 0.336 0.354 0.354 0.372 0.389 0.425 0.460 0.478 0.548 0.425 0.619 2.654 0.601 0.248
0.283 0.300 0.301 0.301 0.318 0.336 0.336 0.372 0.372 0.407 0.442 0.354 0.513 0.619 2.441 0.301
0.230 0.212 0.195 0.195 0.195 0.212 0.195 0.195 0.195 0.195 0.230 0.318 0.265 0.230 0.283 23.458
