22.366 0.936 0.901 0.777 0.742 0.689 0.654 0.636 0.601 0.565 0.565 1.537 0.495 0.478 0.442 0.406
0.954 2.756 0.954 0.866 0.777 0.724 0.671 0.618 0.565 0.530 0.512 0.459 0.459 0.442 0.424 0.371
0.901 0.989 3.074 0.954 0.848 0.777 0.724 0.636 0.601 0.548 0.512 0.530 0.477 0.442 0.442 0.371
0.777 0.866 0.972 2.968 0.954 0.848 0.777 0.671 0.618 0.583 0.530 0.512 0.477 0.478 0.442 0.371
0.724 0.777 0.848 0.954 3.286 0.954 0.848 0.742 0.636 0.601 0.565 0.548 0.477 0.478 0.442 0.371
0.671 0.707 0.742 0.813 0.936 3.074 0.954 0.813 0.707 0.654 0.601 0.512 0.512 0.495 0.442 0.371
0.618 0.618 0.671 0.724 0.813 0.954 3.074 0.954 0.813 0.724 0.654 0.530 0.548 0.513 0.477 0.371
0.601 0.565 0.601 0.618 0.671 0.777 0.954 3.392 0.989 0.848 0.760 0.565 0.618 0.584 0.512 0.371
0.548 0.512 0.548 0.583 0.618 0.689 0.795 1.025 2.756 1.007 0.866 0.601 0.671 0.619 0.565 0.371
0.530 0.495 0.512 0.530 0.565 0.618 0.724 0.866 1.025 2.968 0.972 0.654 0.742 0.690 0.601 0.389
0.512 0.459 0.477 0.477 0.512 0.583 0.654 0.777 0.866 0.989 2.968 0.707 0.813 0.743 0.636 0.406
1.184 0.389 0.442 0.389 0.442 0.442 0.477 0.512 0.548 0.583 0.671 42.189 0.601 0.566 0.477 0.406
0.424 0.406 0.424 0.424 0.442 0.477 0.548 0.618 0.671 0.742 0.813 0.654 2.756 0.902 0.742 0.459
0.424 0.406 0.389 0.406 0.442 0.477 0.512 0.583 0.618 0.689 0.760 0.618 0.901 2.968 0.866 0.442
0.389 0.371 0.389 0.371 0.406 0.442 0.477 0.512 0.565 0.601 0.636 0.512 0.742 0.885 2.650 0.495
0.336 0.318 0.318 0.300 0.318 0.353 0.371 0.371 0.371 0.371 0.371 0.459 0.442 0.425 0.459 22.790
