23.139 0.689 0.583 0.531 0.512 0.442 0.425 0.442 0.407 0.389 0.407 3.432 0.354 0.318 0.283 0.372
0.707 2.441 0.689 0.584 0.512 0.478 0.425 0.389 0.372 0.372 0.336 0.318 0.301 0.301 0.283 0.248
0.601 0.707 2.862 0.708 0.601 0.513 0.478 0.442 0.407 0.372 0.372 0.354 0.301 0.301 0.265 0.230
0.512 0.583 0.724 2.756 0.671 0.584 0.513 0.478 0.425 0.407 0.372 0.336 0.301 0.301 0.283 0.230
0.512 0.512 0.583 0.672 3.074 0.655 0.566 0.495 0.442 0.407 0.372 0.442 0.336 0.301 0.265 0.230
0.442 0.459 0.512 0.584 0.654 2.760 0.655 0.566 0.495 0.442 0.407 0.354 0.336 0.301 0.283 0.265
0.442 0.424 0.477 0.513 0.565 0.655 2.756 0.637 0.566 0.495 0.442 0.372 0.336 0.318 0.301 0.230
0.442 0.389 0.424 0.460 0.495 0.566 0.637 3.184 0.672 0.584 0.513 0.389 0.372 0.336 0.301 0.230
0.406 0.371 0.406 0.425 0.442 0.495 0.566 0.690 2.654 0.690 0.601 0.407 0.407 0.372 0.301 0.230
0.389 0.353 0.371 0.389 0.406 0.442 0.495 0.584 0.690 2.972 0.708 0.407 0.442 0.372 0.318 0.230
0.406 0.353 0.353 0.372 0.371 0.407 0.442 0.495 0.584 0.708 2.760 0.478 0.513 0.407 0.336 0.265
3.127 0.300 0.300 0.301 0.371 0.301 0.318 0.336 0.372 0.354 0.407 42.245 0.407 0.354 0.301 0.814
0.265 0.300 0.318 0.318 0.300 0.336 0.354 0.372 0.407 0.442 0.513 0.460 2.866 0.601 0.442 0.248
0.318 0.283 0.300 0.301 0.300 0.301 0.301 0.336 0.354 0.372 0.407 0.407 0.619 3.184 0.601 0.301
0.283 0.283 0.265 0.265 0.265 0.265 0.301 0.301 0.301 0.318 0.336 0.336 0.442 0.601 2.972 0.354
0.353 0.247 0.230 0.230 0.230 0.248 0.230 0.230 0.230 0.230 0.230 0.920 0.301 0.301 0.372 27.491
