2.968 1.201 1.078 0.972 0.813 0.724 0.654 0.636 0.601 0.565 0.53 0.601 0.459 0.442 0.389 0.3
1.201 2.968 1.184 1.06 0.883 0.742 0.671 0.618 0.601 0.565 0.512 0.53 0.442 0.424 0.371 0.3
1.095 1.184 3.392 1.237 0.989 0.83 0.742 0.671 0.636 0.601 0.565 0.618 0.459 0.442 0.371 0.3
0.972 1.06 1.237 3.286 1.095 0.919 0.813 0.742 0.671 0.618 0.565 0.548 0.459 0.442 0.371 0.3
0.813 0.866 0.972 1.113 10.706 1.025 0.883 0.795 0.742 0.671 0.601 0.83 0.477 0.442 0.371 0.3
0.707 0.742 0.848 0.919 1.06 3.074 1.042 0.919 0.83 0.742 0.671 0.53 0.495 0.477 0.371 0.3
0.654 0.671 0.742 0.813 0.901 1.06 2.862 1.007 0.901 0.813 0.707 0.548 0.53 0.495 0.389 0.3
0.601 0.618 0.689 0.742 0.813 0.919 1.007 3.18 1.042 0.901 0.813 0.583 0.565 0.512 0.406 0.3
0.565 0.601 0.618 0.671 0.742 0.83 0.901 1.06 2.756 1.042 0.883 0.601 0.618 0.565 0.442 0.3
0.548 0.565 0.601 0.618 0.671 0.742 0.813 0.901 1.042 2.968 1.007 0.618 0.671 0.618 0.459 0.3
0.495 0.53 0.565 0.583 0.618 0.671 0.707 0.813 0.883 1.025 2.862 0.689 0.777 0.654 0.495 0.3
0.477 0.459 0.512 0.477 0.689 0.477 0.495 0.53 0.565 0.601 0.671 42.189 0.583 0.512 0.389 0.371
0.442 0.442 0.459 0.459 0.477 0.495 0.53 0.583 0.618 0.689 0.777 0.601 2.862 0.866 0.583 0.371
0.424 0.406 0.424 0.442 0.442 0.477 0.477 0.512 0.548 0.583 0.654 0.548 0.883 3.074 0.742 0.336
0.371 0.371 0.371 0.371 0.371 0.371 0.371 0.406 0.442 0.442 0.495 0.424 0.601 0.742 2.968 0.371
0.283 0.283 0.283 0.265 0.283 0.3 0.283 0.283 0.283 0.283 0.3 0.424 0.353 0.336 0.389 22.472