20.034 0.636 0.565 0.459 0.424 0.389 0.371 0.371 0.353 0.353 0.353 1.484 0.318 0.3 0.283 0.283
0.636 2.226 0.618 0.512 0.442 0.406 0.371 0.336 0.336 0.3 0.3 0.247 0.283 0.283 0.265 0.265
0.565 0.618 2.544 0.583 0.477 0.442 0.371 0.371 0.336 0.336 0.3 0.371 0.3 0.265 0.265 0.265
0.459 0.495 0.583 2.332 0.565 0.477 0.406 0.371 0.353 0.336 0.3 0.318 0.3 0.283 0.265 0.265
0.442 0.442 0.495 0.583 2.756 0.565 0.477 0.406 0.371 0.353 0.336 0.353 0.3 0.283 0.265 0.265
0.389 0.389 0.424 0.459 0.583 2.756 0.583 0.477 0.424 0.371 0.336 0.3 0.3 0.3 0.283 0.265
0.353 0.353 0.371 0.406 0.459 0.601 2.544 0.601 0.495 0.424 0.371 0.318 0.336 0.318 0.3 0.265
0.371 0.336 0.353 0.371 0.406 0.477 0.618 2.65 0.618 0.495 0.442 0.336 0.336 0.336 0.3 0.265
0.353 0.318 0.336 0.336 0.371 0.442 0.495 0.636 2.226 0.601 0.495 0.353 0.371 0.371 0.318 0.265
0.318 0.3 0.3 0.336 0.336 0.371 0.424 0.512 0.618 2.438 0.583 0.371 0.406 0.371 0.336 0.265
0.353 0.3 0.3 0.3 0.336 0.336 0.371 0.442 0.495 0.583 2.438 0.424 0.477 0.424 0.371 0.265
1.148 0.265 0.318 0.265 0.3 0.265 0.283 0.318 0.318 0.353 0.406 42.189 0.389 0.336 0.283 0.318
0.265 0.265 0.283 0.283 0.3 0.318 0.336 0.353 0.371 0.406 0.477 0.406 2.332 0.601 0.477 0.318
0.283 0.265 0.283 0.265 0.3 0.3 0.3 0.336 0.336 0.371 0.442 0.371 0.601 2.65 0.583 0.318
0.265 0.265 0.265 0.265 0.265 0.265 0.3 0.3 0.3 0.336 0.371 0.3 0.477 0.601 2.332 0.353
0.265 0.247 0.247 0.23 0.23 0.265 0.247 0.247 0.247 0.265 0.265 0.353 0.3 0.3 0.353 23.108