22.896 0.866 0.777 0.636 0.618 0.548 0.512 0.495 0.459 0.424 0.442 1.961 0.353 0.353 0.3 0.247
0.866 2.756 0.883 0.76 0.654 0.601 0.53 0.477 0.442 0.424 0.406 0.371 0.336 0.318 0.283 0.247
0.795 0.901 3.18 0.883 0.742 0.654 0.601 0.53 0.495 0.442 0.442 0.548 0.353 0.336 0.3 0.23
0.654 0.777 0.883 2.968 0.866 0.742 0.654 0.583 0.512 0.477 0.442 0.442 0.353 0.336 0.3 0.23
0.618 0.671 0.76 0.866 3.498 0.83 0.707 0.618 0.548 0.495 0.477 0.495 0.371 0.336 0.3 0.23
0.548 0.618 0.654 0.742 0.848 2.968 0.813 0.671 0.601 0.548 0.495 0.406 0.371 0.336 0.3 0.247
0.53 0.548 0.601 0.654 0.724 0.795 3.074 0.777 0.654 0.601 0.53 0.424 0.389 0.371 0.3 0.23
0.53 0.512 0.53 0.583 0.618 0.671 0.777 3.498 0.777 0.671 0.601 0.459 0.424 0.371 0.318 0.23
0.477 0.459 0.477 0.512 0.565 0.601 0.654 0.795 3.074 0.777 0.671 0.477 0.459 0.406 0.336 0.23
0.442 0.442 0.442 0.477 0.512 0.53 0.583 0.671 0.795 3.286 0.813 0.495 0.512 0.459 0.371 0.23
0.442 0.424 0.424 0.442 0.477 0.495 0.512 0.583 0.654 0.795 3.074 0.565 0.601 0.512 0.406 0.265
1.431 0.371 0.459 0.371 0.424 0.371 0.389 0.424 0.459 0.495 0.565 42.189 0.495 0.424 0.336 0.3
0.3 0.353 0.353 0.353 0.371 0.371 0.389 0.424 0.459 0.53 0.618 0.512 2.862 0.689 0.512 0.318
0.336 0.353 0.336 0.336 0.336 0.353 0.371 0.371 0.406 0.459 0.512 0.442 0.689 3.286 0.654 0.3
0.3 0.318 0.3 0.3 0.3 0.3 0.3 0.336 0.336 0.371 0.406 0.353 0.512 0.654 2.862 0.371
0.247 0.247 0.23 0.23 0.23 0.247 0.23 0.23 0.23 0.23 0.265 0.336 0.3 0.3 0.353 23.532