19.928 0.813 0.777 0.671 0.654 0.601 0.565 0.53 0.477 0.459 0.477 1.82 0.353 0.353 0.318 0.283
0.83 2.756 0.936 0.813 0.707 0.636 0.583 0.512 0.477 0.442 0.406 0.353 0.318 0.3 0.283 0.23
0.777 0.936 3.074 0.972 0.848 0.742 0.671 0.601 0.53 0.495 0.442 0.583 0.336 0.336 0.3 0.23
0.671 0.813 0.989 2.862 0.972 0.848 0.742 0.654 0.583 0.53 0.477 0.477 0.371 0.353 0.318 0.23
0.654 0.707 0.848 0.989 3.18 0.972 0.83 0.724 0.636 0.583 0.512 0.53 0.389 0.371 0.318 0.23
0.601 0.654 0.742 0.848 0.989 3.074 1.007 0.848 0.742 0.671 0.601 0.495 0.442 0.406 0.353 0.247
0.565 0.583 0.671 0.742 0.848 1.007 2.968 1.025 0.848 0.777 0.689 0.53 0.477 0.442 0.371 0.247
0.548 0.495 0.601 0.654 0.724 0.848 1.007 3.074 1.007 0.883 0.777 0.565 0.53 0.495 0.406 0.247
0.495 0.459 0.53 0.583 0.618 0.742 0.848 1.025 2.756 1.042 0.883 0.583 0.601 0.548 0.442 0.265
0.477 0.442 0.495 0.512 0.583 0.654 0.76 0.883 1.042 3.074 1.042 0.618 0.654 0.618 0.495 0.265
0.477 0.406 0.442 0.477 0.512 0.583 0.671 0.777 0.883 1.025 2.968 0.671 0.742 0.654 0.548 0.265
1.343 0.389 0.477 0.424 0.459 0.459 0.477 0.512 0.548 0.583 0.689 42.189 0.583 0.512 0.424 0.389
0.318 0.336 0.353 0.371 0.389 0.424 0.477 0.53 0.601 0.671 0.76 0.583 2.756 0.83 0.654 0.336
0.336 0.3 0.318 0.336 0.371 0.406 0.442 0.495 0.548 0.618 0.689 0.53 0.83 2.862 0.777 0.3
0.3 0.3 0.3 0.3 0.336 0.336 0.371 0.406 0.442 0.495 0.548 0.442 0.654 0.795 2.438 0.353
0.265 0.23 0.23 0.23 0.23 0.23 0.23 0.23 0.247 0.265 0.265 0.442 0.318 0.3 0.336 22.684