23.426 0.866 0.777 0.636 0.636 0.565 0.53 0.53 0.495 0.459 0.459 1.82 0.371 0.353 0.336 0.3
0.901 2.862 0.883 0.777 0.689 0.618 0.583 0.53 0.477 0.442 0.406 0.318 0.353 0.336 0.318 0.283
0.777 0.901 3.18 0.883 0.777 0.671 0.618 0.565 0.512 0.477 0.442 0.495 0.371 0.336 0.318 0.265
0.671 0.777 0.901 2.968 0.866 0.742 0.654 0.601 0.548 0.495 0.442 0.424 0.371 0.336 0.336 0.283
0.636 0.671 0.76 0.866 3.498 0.83 0.707 0.618 0.565 0.512 0.477 0.495 0.371 0.353 0.318 0.265
0.583 0.618 0.671 0.742 0.848 2.968 0.813 0.707 0.618 0.548 0.495 0.406 0.371 0.371 0.336 0.3
0.548 0.583 0.618 0.654 0.724 0.795 3.074 0.777 0.671 0.601 0.53 0.424 0.406 0.371 0.353 0.283
0.548 0.512 0.548 0.601 0.618 0.671 0.795 3.392 0.813 0.689 0.601 0.442 0.442 0.406 0.353 0.265
0.495 0.477 0.495 0.512 0.565 0.601 0.671 0.83 3.074 0.813 0.671 0.477 0.477 0.442 0.371 0.283
0.459 0.442 0.477 0.477 0.512 0.53 0.583 0.671 0.83 3.286 0.777 0.495 0.512 0.477 0.406 0.3
0.477 0.406 0.406 0.442 0.442 0.477 0.495 0.601 0.671 0.795 3.074 0.565 0.583 0.512 0.442 0.283
1.325 0.353 0.424 0.353 0.406 0.353 0.371 0.406 0.459 0.495 0.565 42.189 0.495 0.424 0.353 0.318
0.318 0.336 0.353 0.353 0.371 0.371 0.389 0.424 0.477 0.53 0.583 0.495 2.756 0.618 0.512 0.371
0.336 0.336 0.336 0.336 0.336 0.353 0.371 0.406 0.442 0.477 0.512 0.442 0.636 3.074 0.601 0.318
0.318 0.3 0.3 0.3 0.318 0.318 0.336 0.371 0.371 0.406 0.442 0.371 0.512 0.618 2.544 0.371
0.283 0.265 0.265 0.265 0.265 0.265 0.265 0.265 0.265 0.283 0.3 0.371 0.353 0.336 0.389 23.426