19.292 0.583 0.548 0.459 0.442 0.406 0.389 0.389 0.353 0.336 0.353 1.59 0.283 0.283 0.283 0.265
0.565 2.226 0.565 0.477 0.442 0.406 0.371 0.336 0.318 0.3 0.3 0.283 0.265 0.265 0.247 0.23
0.548 0.583 2.544 0.583 0.495 0.442 0.406 0.371 0.336 0.336 0.3 0.442 0.265 0.265 0.265 0.23
0.459 0.477 0.583 2.332 0.601 0.512 0.459 0.406 0.371 0.353 0.336 0.318 0.3 0.265 0.265 0.23
0.459 0.442 0.495 0.601 2.756 0.583 0.495 0.442 0.406 0.371 0.353 0.371 0.3 0.3 0.265 0.212
0.424 0.406 0.442 0.512 0.618 2.438 0.601 0.495 0.442 0.406 0.371 0.318 0.318 0.3 0.3 0.23
0.389 0.371 0.406 0.459 0.495 0.618 2.438 0.583 0.495 0.442 0.406 0.336 0.336 0.336 0.3 0.23
0.389 0.353 0.371 0.406 0.459 0.512 0.601 2.65 0.583 0.495 0.442 0.371 0.371 0.353 0.318 0.23
0.353 0.336 0.336 0.371 0.406 0.442 0.495 0.583 2.226 0.601 0.495 0.371 0.406 0.371 0.336 0.23
0.353 0.318 0.336 0.353 0.371 0.424 0.442 0.512 0.601 2.544 0.583 0.371 0.442 0.406 0.371 0.23
0.353 0.3 0.3 0.336 0.371 0.371 0.406 0.442 0.512 0.583 2.438 0.406 0.495 0.459 0.389 0.23
1.219 0.265 0.353 0.3 0.336 0.3 0.318 0.336 0.353 0.371 0.424 42.189 0.389 0.371 0.318 0.353
0.247 0.283 0.283 0.3 0.3 0.336 0.336 0.371 0.406 0.459 0.495 0.406 2.438 0.548 0.477 0.3
0.283 0.265 0.265 0.3 0.3 0.3 0.336 0.353 0.371 0.406 0.442 0.371 0.548 2.544 0.565 0.265
0.283 0.265 0.265 0.265 0.265 0.3 0.3 0.336 0.336 0.371 0.406 0.336 0.477 0.548 2.12 0.318
0.265 0.23 0.23 0.23 0.23 0.23 0.23 0.23 0.23 0.23 0.23 0.406 0.3 0.265 0.318 22.366