23.532 0.76 0.636 0.548 0.53 0.459 0.442 0.442 0.406 0.389 0.389 1.943 0.318 0.247 0.247 0.265
0.777 2.756 0.83 0.707 0.618 0.565 0.495 0.459 0.406 0.406 0.371 0.318 0.283 0.247 0.23 0.212
0.636 0.848 3.074 0.813 0.707 0.618 0.565 0.495 0.442 0.406 0.371 0.512 0.3 0.247 0.23 0.212
0.548 0.707 0.83 2.968 0.795 0.671 0.601 0.53 0.477 0.442 0.371 0.371 0.3 0.247 0.247 0.212
0.53 0.618 0.707 0.795 3.392 0.777 0.654 0.583 0.495 0.459 0.406 0.442 0.3 0.265 0.23 0.195
0.477 0.565 0.618 0.671 0.777 2.968 0.742 0.618 0.548 0.477 0.424 0.371 0.336 0.265 0.23 0.23
0.459 0.512 0.583 0.601 0.654 0.742 2.968 0.707 0.618 0.53 0.459 0.371 0.336 0.265 0.247 0.212
0.459 0.442 0.495 0.53 0.583 0.618 0.724 3.286 0.724 0.618 0.512 0.389 0.371 0.3 0.265 0.212
0.424 0.406 0.442 0.477 0.495 0.548 0.601 0.724 2.968 0.742 0.601 0.406 0.406 0.3 0.283 0.212
0.389 0.389 0.406 0.442 0.442 0.477 0.512 0.618 0.76 3.392 0.742 0.442 0.477 0.336 0.3 0.212
0.389 0.353 0.371 0.371 0.406 0.442 0.459 0.512 0.601 0.742 2.968 0.477 0.512 0.406 0.318 0.212
1.343 0.318 0.406 0.318 0.371 0.336 0.336 0.371 0.389 0.424 0.495 42.189 0.424 0.336 0.265 0.318
0.247 0.3 0.3 0.3 0.3 0.318 0.336 0.371 0.424 0.459 0.53 0.424 2.76 0.512 0.406 0.283
0.283 0.283 0.283 0.283 0.3 0.3 0.318 0.336 0.371 0.406 0.459 0.371 0.618 2.968 0.477 0.265
0.265 0.265 0.265 0.265 0.265 0.265 0.265 0.3 0.3 0.336 0.371 0.318 0.442 0.477 2.229 0.283
0.247 0.23 0.194 0.194 0.194 0.23 0.212 0.212 0.23 0.23 0.23 0.495 0.283 0.247 0.283 23.426