19.292 0.618 0.548 0.459 0.442 0.389 0.353 0.353 0.336 0.318 0.353 1.731 0.283 0.283 0.265 0.283
0.618 2.226 0.601 0.495 0.442 0.371 0.336 0.318 0.3 0.3 0.283 0.318 0.247 0.265 0.247 0.23
0.565 0.618 2.65 0.565 0.477 0.406 0.371 0.336 0.318 0.3 0.3 0.442 0.265 0.265 0.247 0.23
0.459 0.495 0.583 2.438 0.565 0.442 0.389 0.371 0.336 0.3 0.3 0.3 0.265 0.265 0.247 0.23
0.459 0.424 0.477 0.583 2.968 0.548 0.442 0.371 0.353 0.336 0.3 0.353 0.283 0.265 0.247 0.23
0.406 0.371 0.406 0.442 0.548 2.862 0.583 0.442 0.406 0.371 0.336 0.318 0.3 0.283 0.265 0.247
0.371 0.353 0.371 0.389 0.442 0.583 3.074 0.548 0.442 0.406 0.371 0.318 0.3 0.3 0.283 0.23
0.371 0.336 0.336 0.371 0.406 0.442 0.548 2.862 0.618 0.495 0.424 0.336 0.336 0.318 0.283 0.23
0.336 0.3 0.336 0.336 0.371 0.406 0.442 0.618 2.332 0.601 0.495 0.353 0.371 0.336 0.3 0.23
0.336 0.3 0.3 0.3 0.336 0.371 0.406 0.495 0.601 2.544 0.583 0.353 0.406 0.371 0.336 0.23
0.336 0.265 0.3 0.3 0.3 0.336 0.371 0.424 0.477 0.583 2.544 0.424 0.442 0.406 0.336 0.247
1.29 0.283 0.371 0.283 0.318 0.265 0.283 0.318 0.336 0.353 0.424 42.189 0.389 0.336 0.3 0.371
0.212 0.265 0.247 0.265 0.265 0.3 0.3 0.336 0.371 0.406 0.459 0.389 2.438 0.565 0.459 0.283
0.265 0.247 0.265 0.265 0.265 0.283 0.3 0.3 0.336 0.371 0.406 0.353 0.583 2.65 0.548 0.3
0.265 0.265 0.247 0.247 0.265 0.265 0.265 0.3 0.3 0.336 0.336 0.318 0.442 0.548 2.226 0.318
0.283 0.23 0.23 0.23 0.23 0.23 0.23 0.23 0.23 0.23 0.23 0.424 0.3 0.283 0.318 22.79