25.156 0.778 0.708 0.584 0.566 0.495 0.478 0.460 0.425 0.372 0.372 2.494 0.283 0.265 0.248 0.265
0.796 2.760 0.885 0.743 0.619 0.548 0.513 0.442 0.389 0.354 0.336 0.495 0.265 0.265 0.248 0.230
0.725 0.885 3.290 0.955 0.778 0.672 0.601 0.495 0.442 0.372 0.336 0.601 0.265 0.265 0.230 0.212
0.601 0.743 0.955 3.078 0.938 0.796 0.672 0.566 0.478 0.407 0.372 0.425 0.265 0.265 0.230 0.212
0.584 0.619 0.778 0.955 3.503 0.920 0.778 0.619 0.513 0.442 0.372 0.478 0.265 0.265 0.230 0.212
0.495 0.566 0.672 0.796 0.938 2.972 0.885 0.708 0.566 0.478 0.407 0.389 0.283 0.265 0.230 0.248
0.495 0.495 0.601 0.672 0.778 0.920 3.078 0.814 0.619 0.548 0.442 0.407 0.301 0.265 0.248 0.212
0.495 0.442 0.513 0.584 0.637 0.725 0.831 3.397 0.778 0.619 0.513 0.407 0.336 0.301 0.248 0.212
0.425 0.407 0.460 0.495 0.548 0.601 0.655 0.796 2.866 0.743 0.601 0.407 0.336 0.301 0.265 0.212
0.389 0.372 0.407 0.442 0.478 0.513 0.548 0.619 0.761 3.078 0.708 0.407 0.372 0.336 0.283 0.212
0.389 0.336 0.372 0.389 0.407 0.425 0.442 0.513 0.584 0.725 2.760 0.442 0.442 0.372 0.301 0.212
1.769 0.372 0.478 0.372 0.407 0.372 0.372 0.372 0.407 0.407 0.495 42.139 0.389 0.336 0.265 0.336
0.318 0.301 0.283 0.301 0.301 0.318 0.318 0.336 0.354 0.389 0.460 0.389 2.547 0.495 0.389 0.283
0.265 0.265 0.283 0.283 0.265 0.283 0.283 0.301 0.318 0.336 0.389 0.354 0.495 2.760 0.460 0.265
0.265 0.265 0.265 0.248 0.265 0.248 0.265 0.265 0.283 0.301 0.301 0.283 0.372 0.478 2.335 0.336
0.283 0.230 0.230 0.212 0.212 0.230 0.212 0.212 0.212 0.212 0.230 0.407 0.283 0.265 0.318 28.977
