25.546 1.449 1.325 1.095 1.025 0.936 0.848 0.813 0.724 0.654 0.618 2.032 0.477 0.442 0.371 0.353
1.502 3.604 1.537 1.325 1.148 1.042 0.936 0.848 0.760 0.671 0.618 0.548 0.477 0.442 0.406 0.300
1.343 1.537 3.922 1.466 1.272 1.148 1.042 0.919 0.830 0.742 0.654 0.654 0.495 0.459 0.406 0.300
1.148 1.307 1.484 3.604 1.396 1.237 1.095 0.972 0.883 0.777 0.671 0.601 0.495 0.477 0.406 0.300
1.007 1.148 1.272 1.396 4.240 1.325 1.148 1.042 0.919 0.813 0.707 0.689 0.512 0.477 0.406 0.300
0.954 1.042 1.148 1.237 1.325 3.604 1.254 1.078 0.954 0.848 0.742 0.601 0.548 0.495 0.442 0.318
0.866 0.936 1.025 1.095 1.166 1.237 3.816 1.148 1.025 0.901 0.777 0.601 0.565 0.512 0.442 0.300
0.813 0.830 0.901 0.972 1.025 1.060 1.166 4.240 1.148 0.972 0.866 0.636 0.601 0.548 0.459 0.300
0.724 0.742 0.813 0.866 0.919 0.954 1.025 1.148 3.392 1.095 0.936 0.654 0.636 0.583 0.477 0.300
0.671 0.671 0.724 0.777 0.813 0.848 0.901 0.972 1.095 3.710 1.042 0.671 0.707 0.636 0.512 0.318
0.654 0.601 0.636 0.689 0.724 0.742 0.795 0.866 0.936 1.060 3.604 0.760 0.777 0.689 0.565 0.318
1.608 0.495 0.548 0.512 0.583 0.512 0.530 0.565 0.583 0.618 0.707 42.189 0.618 0.530 0.424 0.353
0.442 0.459 0.495 0.512 0.530 0.548 0.583 0.618 0.636 0.707 0.795 0.654 3.286 0.866 0.654 0.406
0.442 0.442 0.459 0.477 0.477 0.512 0.512 0.548 0.583 0.636 0.689 0.583 0.866 3.816 0.795 0.371
0.406 0.406 0.406 0.424 0.442 0.442 0.442 0.477 0.495 0.512 0.565 0.459 0.654 0.813 2.862 0.406
0.318 0.318 0.300 0.300 0.300 0.300 0.300 0.300 0.300 0.300 0.300 0.424 0.371 0.353 0.406 24.274
