22.79 0.512 0.512 0.424 0.424 0.389 0.389 0.389 0.353 0.354 0.354 1.751 0.283 0.283 0.248 0.212
0.548 2.12 0.53 0.477 0.442 0.406 0.389 0.372 0.353 0.336 0.318 0.265 0.283 0.265 0.248 0.195
0.495 0.53 2.65 0.53 0.477 0.442 0.424 0.407 0.371 0.354 0.336 0.372 0.283 0.283 0.248 0.177
0.424 0.459 0.53 2.332 0.53 0.477 0.442 0.407 0.371 0.372 0.354 0.283 0.301 0.283 0.248 0.177
0.442 0.424 0.477 0.53 2.968 0.512 0.477 0.442 0.406 0.372 0.354 0.389 0.301 0.283 0.248 0.177
0.389 0.424 0.442 0.477 0.53 2.441 0.548 0.478 0.442 0.407 0.372 0.318 0.301 0.301 0.265 0.212
0.389 0.389 0.424 0.442 0.477 0.548 2.544 0.548 0.477 0.442 0.407 0.318 0.318 0.301 0.265 0.195
0.389 0.389 0.389 0.424 0.442 0.477 0.548 2.866 0.565 0.495 0.442 0.336 0.336 0.336 0.283 0.177
0.353 0.353 0.353 0.389 0.406 0.442 0.477 0.548 2.226 0.566 0.495 0.336 0.372 0.336 0.301 0.195
0.336 0.318 0.353 0.353 0.389 0.406 0.442 0.495 0.548 2.65 0.548 0.336 0.389 0.372 0.301 0.195
0.353 0.318 0.336 0.318 0.353 0.371 0.406 0.442 0.495 0.548 2.547 0.407 0.425 0.389 0.318 0.195
1.29 0.247 0.3 0.265 0.318 0.265 0.283 0.318 0.318 0.336 0.389 42.189 0.354 0.318 0.265 0.283
0.247 0.265 0.283 0.283 0.3 0.318 0.318 0.354 0.353 0.389 0.425 0.372 2.438 0.513 0.389 0.265
0.247 0.265 0.247 0.247 0.283 0.283 0.3 0.318 0.336 0.372 0.389 0.318 0.495 2.544 0.478 0.23
0.265 0.247 0.247 0.247 0.247 0.247 0.265 0.283 0.283 0.301 0.336 0.283 0.389 0.478 2.335 0.265
0.283 0.194 0.177 0.177 0.177 0.194 0.177 0.177 0.177 0.195 0.195 0.318 0.248 0.23 0.265 23.638