23.638 1.060 1.060 0.885 0.795 0.725 0.637 0.619 0.566 0.513 0.513 1.804 0.372 0.336 0.283 0.248
1.148 3.074 1.148 0.991 0.883 0.778 0.672 0.619 0.548 0.513 0.442 0.389 0.354 0.336 0.301 0.230
1.060 1.148 3.503 1.150 1.007 0.885 0.778 0.672 0.619 0.566 0.495 0.566 0.372 0.336 0.283 0.212
0.883 0.972 1.166 3.397 1.131 0.973 0.849 0.743 0.655 0.601 0.513 0.495 0.372 0.336 0.301 0.212
0.813 0.848 0.989 1.132 3.821 1.097 0.938 0.814 0.725 0.619 0.548 0.566 0.389 0.372 0.301 0.212
0.724 0.777 0.883 0.973 1.095 3.290 1.044 0.885 0.778 0.690 0.601 0.495 0.407 0.372 0.301 0.230
0.654 0.671 0.777 0.885 0.954 1.061 3.397 1.026 0.885 0.778 0.655 0.495 0.442 0.389 0.301 0.212
0.618 0.601 0.689 0.743 0.813 0.902 1.026 3.927 1.044 0.885 0.743 0.531 0.478 0.425 0.336 0.230
0.565 0.548 0.618 0.672 0.742 0.796 0.885 1.044 3.397 1.008 0.831 0.566 0.513 0.460 0.336 0.230
0.530 0.512 0.565 0.619 0.654 0.708 0.761 0.885 1.026 3.715 0.955 0.619 0.584 0.495 0.372 0.230
0.512 0.442 0.495 0.548 0.583 0.619 0.637 0.743 0.849 0.955 3.397 0.672 0.655 0.584 0.407 0.230
1.290 0.389 0.459 0.425 0.495 0.442 0.460 0.495 0.531 0.584 0.690 42.245 0.584 0.495 0.354 0.265
0.336 0.353 0.371 0.389 0.406 0.425 0.442 0.478 0.531 0.601 0.655 0.584 2.866 0.796 0.548 0.301
0.353 0.318 0.336 0.354 0.371 0.372 0.389 0.425 0.460 0.513 0.584 0.495 0.796 3.397 0.672 0.283
0.300 0.283 0.300 0.301 0.300 0.301 0.301 0.336 0.354 0.372 0.407 0.354 0.548 0.690 3.184 0.336
0.247 0.212 0.230 0.230 0.230 0.230 0.212 0.212 0.230 0.230 0.230 0.301 0.301 0.283 0.336 23.245
