10.388 0.972 0.883 0.76 0.724 0.654 0.618 0.601 0.565 0.53 0.53 0.972 0.477 0.459 0.424 0.371
0.972 2.756 0.936 0.83 0.742 0.689 0.636 0.583 0.565 0.53 0.512 0.459 0.459 0.442 0.406 0.353
0.883 0.972 3.074 0.954 0.848 0.76 0.689 0.636 0.583 0.565 0.512 0.548 0.459 0.442 0.406 0.353
0.777 0.848 0.972 2.968 0.954 0.848 0.76 0.689 0.636 0.601 0.548 0.512 0.477 0.442 0.406 0.336
0.707 0.742 0.83 0.972 3.286 0.954 0.83 0.742 0.671 0.618 0.583 0.548 0.459 0.442 0.406 0.336
0.636 0.671 0.742 0.848 0.954 2.862 0.919 0.813 0.742 0.654 0.601 0.477 0.477 0.442 0.406 0.353
0.618 0.618 0.689 0.742 0.848 0.936 2.756 0.901 0.813 0.707 0.636 0.495 0.495 0.442 0.406 0.336
0.583 0.583 0.618 0.671 0.742 0.813 0.919 3.074 0.919 0.813 0.707 0.53 0.495 0.459 0.406 0.353
0.548 0.565 0.601 0.618 0.671 0.724 0.795 0.936 2.65 0.901 0.777 0.548 0.53 0.495 0.424 0.336
0.53 0.53 0.565 0.583 0.618 0.654 0.707 0.795 0.919 2.862 0.883 0.583 0.583 0.512 0.442 0.336
0.512 0.495 0.512 0.565 0.583 0.601 0.654 0.707 0.795 0.919 2.862 0.601 0.618 0.548 0.442 0.371
0.795 0.424 0.459 0.442 0.477 0.442 0.442 0.477 0.512 0.53 0.601 42.189 0.53 0.442 0.371 0.406
0.459 0.442 0.459 0.442 0.477 0.477 0.477 0.512 0.548 0.583 0.636 0.565 2.65 0.724 0.53 0.406
0.442 0.442 0.424 0.442 0.442 0.442 0.442 0.477 0.477 0.512 0.548 0.477 0.724 2.756 0.618 0.371
0.424 0.406 0.406 0.406 0.406 0.406 0.406 0.406 0.442 0.442 0.459 0.406 0.53 0.636 2.226 0.406
0.353 0.353 0.318 0.336 0.336 0.336 0.336 0.336 0.336 0.336 0.336 0.442 0.406 0.371 0.406 22.578
