23.002 0.53 0.512 0.442 0.424 0.389 0.372 0.371 0.353 0.354 0.354 1.696 0.283 0.283 0.23 0.212
0.548 2.226 0.548 0.477 0.442 0.406 0.372 0.371 0.353 0.336 0.318 0.247 0.301 0.265 0.247 0.194
0.512 0.548 2.65 0.548 0.477 0.442 0.407 0.371 0.371 0.354 0.336 0.353 0.301 0.283 0.247 0.194
0.442 0.477 0.548 2.332 0.548 0.477 0.442 0.406 0.389 0.372 0.354 0.3 0.301 0.283 0.247 0.177
0.424 0.442 0.495 0.53 2.968 0.53 0.478 0.442 0.406 0.372 0.354 0.389 0.301 0.283 0.265 0.177
0.406 0.406 0.442 0.477 0.53 2.438 0.548 0.477 0.442 0.407 0.372 0.318 0.301 0.3 0.265 0.212
0.389 0.406 0.406 0.442 0.477 0.548 3.18 0.53 0.477 0.442 0.407 0.318 0.336 0.3 0.265 0.194
0.389 0.371 0.406 0.406 0.442 0.477 0.548 2.862 0.548 0.478 0.442 0.336 0.354 0.318 0.265 0.194
0.353 0.353 0.371 0.389 0.406 0.442 0.425 0.548 2.226 0.548 0.495 0.336 0.372 0.336 0.283 0.194
0.353 0.336 0.353 0.371 0.389 0.406 0.372 0.477 0.565 2.65 0.548 0.371 0.407 0.371 0.3 0.194
0.353 0.336 0.336 0.353 0.353 0.371 0.318 0.406 0.495 0.548 2.544 0.406 0.442 0.389 0.318 0.194
1.254 0.265 0.318 0.265 0.318 0.265 0.23 0.3 0.318 0.336 0.389 42.245 0.354 0.318 0.265 0.283
0.247 0.283 0.283 0.3 0.3 0.3 0.248 0.318 0.371 0.389 0.425 0.371 2.438 0.512 0.389 0.265
0.265 0.283 0.265 0.283 0.3 0.283 0.248 0.3 0.353 0.354 0.407 0.318 0.513 2.547 0.477 0.23
0.247 0.247 0.23 0.247 0.247 0.247 0.212 0.265 0.3 0.301 0.336 0.283 0.407 0.477 2.441 0.265
0.212 0.194 0.194 0.194 0.177 0.194 0.159 0.177 0.194 0.195 0.195 0.318 0.265 0.23 0.283 23.564