24.095 1.132 1.061 0.92 0.831 0.761 0.708 0.708 0.637 0.584 0.566 1.911 0.425 0.389 0.354 0.318
1.168 3.078 1.168 1.044 0.92 0.814 0.778 0.708 0.637 0.584 0.531 0.442 0.407 0.389 0.336 0.301
1.061 1.185 3.503 1.168 1.044 0.938 0.849 0.778 0.708 0.619 0.566 0.601 0.407 0.407 0.336 0.301
0.938 1.044 1.203 3.397 1.168 1.044 0.92 0.831 0.743 0.672 0.601 0.531 0.442 0.407 0.336 0.301
0.867 0.92 1.044 1.185 3.821 1.115 1.008 0.902 0.796 0.708 0.619 0.601 0.442 0.407 0.336 0.283
0.778 0.831 0.955 1.044 1.132 3.29 1.097 0.973 0.867 0.761 0.655 0.531 0.478 0.442 0.372 0.301
0.725 0.761 0.849 0.92 0.991 1.132 3.397 1.097 0.955 0.831 0.708 0.548 0.495 0.442 0.372 0.301
0.708 0.672 0.743 0.814 0.885 0.955 1.079 4.033 1.097 0.955 0.814 0.601 0.513 0.495 0.389 0.283
0.619 0.619 0.672 0.743 0.778 0.849 0.955 1.132 3.503 1.061 0.885 0.601 0.584 0.513 0.407 0.301
0.584 0.566 0.619 0.655 0.672 0.743 0.814 0.938 1.061 3.715 1.044 0.637 0.637 0.566 0.442 0.301
0.584 0.513 0.548 0.584 0.601 0.637 0.708 0.814 0.885 1.061 3.397 0.725 0.725 0.619 0.478 0.301
1.38 0.425 0.513 0.46 0.495 0.46 0.478 0.548 0.584 0.619 0.725 42.245 0.619 0.531 0.389 0.318
0.407 0.407 0.425 0.425 0.425 0.46 0.478 0.548 0.601 0.637 0.743 0.619 2.972 0.814 0.584 0.372
0.389 0.372 0.389 0.389 0.372 0.407 0.442 0.478 0.513 0.548 0.619 0.531 0.814 3.609 0.814 0.354
0.336 0.336 0.336 0.336 0.336 0.336 0.372 0.407 0.425 0.442 0.478 0.425 0.601 0.831 3.184 0.389
0.301 0.265 0.283 0.265 0.265 0.265 0.265 0.301 0.301 0.301 0.301 0.354 0.336 0.336 0.389 23.245