22.790 0.601 0.565 0.495 0.477 0.459 0.442 0.442 0.407 0.389 0.389 1.698 0.336 0.318 0.301 0.283
0.618 2.226 0.601 0.548 0.495 0.477 0.442 0.442 0.407 0.371 0.372 0.265 0.318 0.318 0.301 0.265
0.565 0.618 2.650 0.601 0.530 0.495 0.478 0.442 0.442 0.406 0.372 0.372 0.336 0.336 0.301 0.230
0.495 0.548 0.618 2.438 0.583 0.530 0.495 0.478 0.442 0.406 0.407 0.336 0.336 0.336 0.301 0.230
0.477 0.495 0.548 0.619 2.968 0.583 0.513 0.495 0.460 0.424 0.407 0.425 0.336 0.336 0.301 0.248
0.459 0.477 0.495 0.548 0.583 2.544 0.584 0.531 0.495 0.442 0.442 0.354 0.353 0.336 0.301 0.248
0.442 0.442 0.477 0.495 0.512 0.583 2.650 0.584 0.531 0.477 0.460 0.354 0.371 0.354 0.318 0.230
0.442 0.442 0.459 0.478 0.495 0.530 0.584 2.968 0.619 0.530 0.495 0.389 0.389 0.372 0.336 0.248
0.406 0.406 0.442 0.442 0.459 0.477 0.531 0.619 2.229 0.601 0.548 0.372 0.406 0.407 0.336 0.248
0.406 0.406 0.406 0.425 0.442 0.459 0.495 0.548 0.619 2.654 0.601 0.389 0.442 0.425 0.354 0.248
0.406 0.371 0.406 0.407 0.406 0.442 0.460 0.495 0.548 0.601 2.654 0.442 0.477 0.442 0.372 0.265
1.290 0.300 0.353 0.318 0.353 0.318 0.318 0.354 0.354 0.389 0.442 42.189 0.389 0.354 0.301 0.318
0.318 0.353 0.336 0.354 0.353 0.371 0.389 0.407 0.425 0.459 0.478 0.407 2.441 0.548 0.460 0.301
0.318 0.336 0.336 0.336 0.336 0.353 0.372 0.389 0.407 0.424 0.442 0.372 0.548 2.547 0.548 0.301
0.300 0.300 0.318 0.318 0.300 0.318 0.336 0.336 0.354 0.371 0.372 0.318 0.442 0.548 2.441 0.336
0.283 0.265 0.247 0.230 0.230 0.247 0.230 0.248 0.230 0.230 0.230 0.354 0.300 0.265 0.318 23.458
