19.398 0.636 0.601 0.512 0.459 0.406 0.371 0.371 0.336 0.318 0.318 1.325 0.283 0.247 0.23 0.247
0.565 2.332 0.654 0.548 0.477 0.442 0.371 0.353 0.318 0.3 0.283 0.265 0.247 0.247 0.23 0.212
0.512 0.636 2.544 0.654 0.565 0.477 0.442 0.389 0.336 0.3 0.3 0.371 0.265 0.265 0.23 0.212
0.424 0.53 0.654 2.438 0.636 0.53 0.477 0.424 0.371 0.336 0.336 0.3 0.283 0.265 0.23 0.212
0.406 0.459 0.548 0.636 2.544 0.618 0.495 0.442 0.406 0.353 0.336 0.353 0.283 0.265 0.247 0.212
0.353 0.424 0.495 0.548 0.618 2.438 0.601 0.495 0.442 0.406 0.371 0.3 0.3 0.3 0.265 0.23
0.336 0.371 0.442 0.477 0.53 0.618 2.226 0.583 0.495 0.442 0.406 0.318 0.336 0.3 0.265 0.212
0.318 0.336 0.406 0.442 0.477 0.495 0.583 2.438 0.565 0.477 0.442 0.353 0.336 0.3 0.265 0.212
0.283 0.318 0.371 0.406 0.406 0.442 0.495 0.583 2.12 0.53 0.477 0.336 0.371 0.336 0.3 0.23
0.265 0.3 0.336 0.353 0.371 0.406 0.442 0.495 0.548 2.438 0.548 0.371 0.406 0.371 0.3 0.23
0.265 0.265 0.3 0.336 0.336 0.353 0.371 0.442 0.477 0.512 2.438 0.406 0.442 0.371 0.318 0.212
0.989 0.23 0.318 0.283 0.3 0.265 0.283 0.318 0.318 0.318 0.389 42.189 0.353 0.318 0.247 0.3
0.177 0.23 0.283 0.283 0.3 0.3 0.318 0.353 0.353 0.389 0.442 0.371 2.438 0.53 0.371 0.283
0.177 0.23 0.247 0.265 0.265 0.265 0.283 0.3 0.3 0.336 0.371 0.318 0.512 2.756 0.495 0.265
0.177 0.212 0.23 0.23 0.23 0.23 0.247 0.265 0.265 0.265 0.3 0.265 0.371 0.512 2.65 0.3
0.159 0.194 0.194 0.194 0.194 0.194 0.194 0.194 0.194 0.194 0.194 0.336 0.265 0.265 0.3 23.214