24.095 1.061 1.008 0.849 0.778 0.69 0.619 0.619 0.548 0.495 0.478 1.822 0.354 0.354 0.283 0.248
1.115 3.078 1.132 0.955 0.849 0.761 0.672 0.601 0.566 0.495 0.442 0.372 0.336 0.336 0.301 0.23
1.008 1.132 3.503 1.097 0.973 0.849 0.778 0.672 0.601 0.548 0.495 0.548 0.354 0.336 0.301 0.23
0.867 0.955 1.132 3.29 1.097 0.955 0.831 0.743 0.655 0.584 0.513 0.478 0.372 0.354 0.301 0.212
0.796 0.867 0.973 1.079 3.715 1.061 0.92 0.814 0.708 0.619 0.548 0.548 0.372 0.354 0.301 0.212
0.708 0.761 0.849 0.955 1.061 3.29 1.044 0.885 0.778 0.672 0.584 0.478 0.407 0.372 0.301 0.23
0.637 0.672 0.761 0.849 0.92 1.044 3.29 1.008 0.867 0.743 0.637 0.495 0.407 0.389 0.301 0.212
0.637 0.619 0.672 0.743 0.814 0.885 1.026 3.927 1.008 0.867 0.725 0.531 0.478 0.407 0.336 0.212
0.548 0.548 0.601 0.655 0.708 0.778 0.867 1.026 3.29 0.973 0.814 0.566 0.513 0.442 0.354 0.23
0.513 0.495 0.548 0.584 0.619 0.672 0.743 0.849 0.991 3.609 0.955 0.601 0.566 0.495 0.372 0.23
0.513 0.46 0.478 0.513 0.548 0.584 0.637 0.743 0.814 0.955 3.29 0.672 0.655 0.584 0.407 0.23
1.309 0.372 0.46 0.407 0.46 0.425 0.442 0.478 0.513 0.566 0.655 42.245 0.584 0.495 0.354 0.265
0.318 0.336 0.354 0.354 0.372 0.389 0.425 0.46 0.513 0.566 0.637 0.566 2.866 0.796 0.531 0.301
0.318 0.318 0.318 0.336 0.336 0.354 0.372 0.407 0.442 0.478 0.548 0.46 0.761 3.503 0.69 0.283
0.265 0.283 0.265 0.283 0.283 0.283 0.301 0.301 0.336 0.354 0.407 0.354 0.513 0.708 3.184 0.354
0.212 0.212 0.195 0.195 0.195 0.212 0.195 0.195 0.195 0.195 0.195 0.301 0.283 0.283 0.336 23.245