24.486 1.166 1.06 0.883 0.795 0.724 0.671 0.636 0.548 0.512 0.477 1.696 0.318 0.3 0.283 0.283
1.184 3.18 1.237 1.025 0.883 0.795 0.742 0.636 0.565 0.495 0.442 0.389 0.3 0.283 0.265 0.247
1.042 1.219 3.604 1.237 1.042 0.936 0.83 0.724 0.618 0.548 0.477 0.495 0.318 0.3 0.265 0.23
0.883 1.025 1.219 3.392 1.166 1.06 0.919 0.795 0.671 0.601 0.495 0.459 0.336 0.3 0.265 0.23
0.813 0.901 1.06 1.184 3.816 1.166 1.042 0.883 0.742 0.636 0.53 0.53 0.336 0.3 0.265 0.23
0.742 0.813 0.936 1.06 1.166 3.286 1.148 0.954 0.813 0.707 0.565 0.459 0.336 0.318 0.265 0.247
0.689 0.724 0.83 0.936 1.042 1.166 3.498 1.095 0.919 0.777 0.618 0.459 0.371 0.336 0.283 0.247
0.636 0.618 0.724 0.795 0.883 0.954 1.095 3.922 1.095 0.901 0.707 0.495 0.389 0.353 0.3 0.23
0.565 0.565 0.636 0.689 0.742 0.813 0.919 1.095 3.286 1.078 0.813 0.495 0.442 0.371 0.3 0.23
0.53 0.512 0.565 0.618 0.654 0.707 0.777 0.901 1.078 3.604 1.007 0.565 0.512 0.442 0.336 0.247
0.495 0.424 0.477 0.512 0.53 0.583 0.618 0.707 0.83 1.025 3.286 0.671 0.618 0.495 0.371 0.247
1.325 0.353 0.424 0.389 0.459 0.389 0.406 0.442 0.477 0.512 0.654 42.189 0.512 0.406 0.283 0.3
0.318 0.318 0.336 0.353 0.353 0.353 0.371 0.424 0.459 0.512 0.636 0.548 2.862 0.724 0.477 0.318
0.3 0.283 0.3 0.3 0.318 0.318 0.336 0.353 0.371 0.424 0.512 0.424 0.707 2.968 0.601 0.3
0.247 0.265 0.265 0.265 0.265 0.265 0.283 0.3 0.3 0.336 0.371 0.318 0.477 0.583 2.438 0.318
0.247 0.23 0.212 0.212 0.23 0.23 0.23 0.23 0.23 0.23 0.23 0.336 0.283 0.265 0.318 23.744