25.122 1.184 1.095 0.972 0.919 0.813 0.742 0.724 0.618 0.548 0.530 1.908 0.371 0.353 0.318 0.283
1.237 3.180 1.254 1.095 1.007 0.919 0.813 0.724 0.636 0.583 0.495 0.406 0.371 0.353 0.318 0.247
1.113 1.254 3.604 1.254 1.095 0.989 0.901 0.777 0.707 0.618 0.548 0.548 0.406 0.371 0.300 0.247
0.972 1.095 1.254 3.392 1.219 1.078 0.954 0.848 0.742 0.654 0.583 0.512 0.406 0.371 0.336 0.247
0.919 0.989 1.095 1.237 4.028 1.166 1.042 0.883 0.777 0.671 0.601 0.583 0.442 0.371 0.336 0.247
0.830 0.901 0.989 1.078 1.166 3.498 1.113 0.972 0.848 0.742 0.618 0.512 0.442 0.406 0.336 0.265
0.760 0.813 0.901 0.954 1.042 1.131 3.498 1.060 0.919 0.795 0.671 0.512 0.459 0.424 0.353 0.247
0.742 0.742 0.777 0.848 0.919 0.972 1.078 4.134 1.042 0.883 0.742 0.565 0.495 0.442 0.371 0.247
0.618 0.654 0.707 0.742 0.795 0.848 0.919 1.060 3.286 1.007 0.848 0.565 0.548 0.495 0.406 0.265
0.565 0.583 0.618 0.654 0.689 0.742 0.795 0.883 1.025 3.604 0.954 0.583 0.601 0.512 0.424 0.265
0.548 0.512 0.548 0.583 0.618 0.654 0.671 0.742 0.848 0.936 3.180 0.618 0.654 0.583 0.442 0.247
1.519 0.406 0.477 0.442 0.477 0.442 0.442 0.477 0.512 0.530 0.601 42.189 0.512 0.442 0.353 0.318
0.353 0.389 0.389 0.406 0.424 0.442 0.477 0.512 0.565 0.601 0.654 0.548 2.968 0.724 0.548 0.336
0.353 0.371 0.371 0.371 0.389 0.406 0.424 0.442 0.477 0.530 0.583 0.459 0.724 3.710 0.671 0.318
0.318 0.336 0.318 0.336 0.336 0.353 0.371 0.371 0.406 0.424 0.442 0.371 0.548 0.689 2.968 0.336
0.283 0.265 0.247 0.247 0.230 0.265 0.265 0.230 0.230 0.247 0.265 0.353 0.300 0.300 0.336 24.168
