24.91 1.184 1.042 0.848 0.742 0.654 0.618 0.618 0.583 0.548 0.531 1.999 0.389 0.354 0.318 0.301
1.219 3.18 1.201 0.989 0.795 0.707 0.636 0.601 0.565 0.512 0.478 0.407 0.372 0.336 0.3 0.265
1.042 1.201 3.604 1.219 0.972 0.848 0.742 0.671 0.618 0.583 0.531 0.584 0.372 0.336 0.3 0.248
0.848 0.972 1.201 3.392 1.237 1.042 0.901 0.777 0.707 0.636 0.584 0.531 0.407 0.354 0.3 0.248
0.742 0.795 0.972 1.237 3.927 1.254 1.042 0.901 0.813 0.707 0.619 0.601 0.407 0.354 0.3 0.248
0.689 0.707 0.866 1.06 1.254 3.498 1.219 1.025 0.883 0.777 0.672 0.513 0.442 0.372 0.3 0.265
0.618 0.654 0.76 0.919 1.06 1.237 3.498 1.166 1.007 0.883 0.743 0.531 0.442 0.372 0.318 0.248
0.618 0.583 0.671 0.795 0.901 1.025 1.184 3.816 1.254 1.042 0.885 0.601 0.495 0.407 0.318 0.248
0.583 0.548 0.636 0.724 0.795 0.883 1.007 1.237 3.184 1.254 1.044 0.601 0.548 0.442 0.336 0.265
0.548 0.53 0.583 0.636 0.707 0.795 0.883 1.042 1.254 3.609 1.256 0.672 0.619 0.513 0.371 0.265
0.548 0.477 0.53 0.583 0.618 0.654 0.742 0.883 1.025 1.237 3.503 0.778 0.743 0.584 0.406 0.265
1.484 0.406 0.477 0.424 0.495 0.459 0.477 0.512 0.565 0.636 0.778 42.245 0.601 0.478 0.318 0.354
0.371 0.389 0.389 0.389 0.406 0.424 0.459 0.495 0.565 0.636 0.778 0.619 2.972 0.831 0.512 0.336
0.353 0.336 0.353 0.353 0.353 0.371 0.389 0.424 0.459 0.512 0.601 0.478 0.831 3.29 0.618 0.318
0.3 0.318 0.3 0.318 0.3 0.3 0.318 0.336 0.353 0.371 0.407 0.354 0.513 0.637 2.65 0.372
0.265 0.265 0.247 0.247 0.247 0.265 0.247 0.247 0.247 0.265 0.265 0.407 0.336 0.301 0.353 23.776