20.882 0.795 0.795 0.636 0.636 0.53 0.53 0.495 0.442 0.424 0.424 1.378 0.318 0.318 0.283 0.247
0.795 2.544 0.813 0.724 0.618 0.548 0.495 0.442 0.424 0.406 0.371 0.353 0.3 0.283 0.265 0.212
0.777 0.848 2.862 0.83 0.707 0.618 0.565 0.495 0.442 0.406 0.371 0.406 0.3 0.3 0.265 0.23
0.636 0.742 0.848 2.862 0.813 0.707 0.618 0.53 0.477 0.442 0.389 0.389 0.3 0.3 0.265 0.212
0.636 0.636 0.707 0.83 2.862 0.777 0.654 0.565 0.495 0.459 0.406 0.424 0.318 0.3 0.265 0.212
0.548 0.583 0.618 0.707 0.795 2.65 0.76 0.618 0.548 0.495 0.442 0.371 0.336 0.3 0.265 0.23
0.512 0.512 0.583 0.618 0.671 0.76 2.65 0.742 0.618 0.565 0.495 0.389 0.336 0.336 0.283 0.23
0.495 0.477 0.495 0.53 0.583 0.618 0.742 2.968 0.76 0.636 0.565 0.424 0.389 0.336 0.3 0.212
0.442 0.442 0.459 0.477 0.495 0.565 0.618 0.76 2.438 0.76 0.618 0.442 0.424 0.371 0.318 0.23
0.406 0.406 0.424 0.442 0.459 0.495 0.548 0.654 0.76 2.756 0.742 0.477 0.477 0.406 0.336 0.23
0.424 0.371 0.371 0.389 0.406 0.442 0.477 0.548 0.618 0.742 2.65 0.53 0.53 0.442 0.371 0.23
1.095 0.336 0.353 0.336 0.371 0.318 0.353 0.389 0.389 0.424 0.495 42.189 0.406 0.353 0.283 0.3
0.283 0.318 0.318 0.318 0.318 0.336 0.353 0.389 0.424 0.477 0.53 0.424 2.438 0.583 0.442 0.283
0.283 0.3 0.3 0.3 0.3 0.3 0.336 0.353 0.371 0.406 0.477 0.371 0.583 2.65 0.565 0.265
0.265 0.283 0.265 0.265 0.265 0.265 0.3 0.3 0.318 0.336 0.371 0.3 0.442 0.548 2.438 0.3
0.247 0.23 0.23 0.212 0.212 0.23 0.23 0.23 0.23 0.23 0.23 0.336 0.265 0.265 0.3 22.366