24.698 1.237 1.095 0.885 0.76 0.654 0.619 0.601 0.566 0.531 0.531 1.928 0.425 0.354 0.301 0.283
1.254 3.286 1.29 1.026 0.813 0.689 0.619 0.566 0.513 0.495 0.478 0.425 0.372 0.336 0.301 0.248
1.095 1.307 3.715 1.238 0.972 0.813 0.708 0.619 0.584 0.548 0.513 0.584 0.407 0.354 0.301 0.248
0.901 1.025 1.237 3.392 1.219 0.989 0.831 0.743 0.655 0.601 0.566 0.513 0.407 0.354 0.301 0.248
0.777 0.813 0.954 1.221 3.922 1.219 1.044 0.849 0.761 0.672 0.619 0.601 0.442 0.372 0.301 0.248
0.689 0.707 0.813 0.991 1.237 3.498 1.221 0.991 0.867 0.778 0.672 0.513 0.442 0.372 0.301 0.265
0.636 0.618 0.707 0.849 1.042 1.219 3.503 1.168 0.991 0.867 0.743 0.531 0.478 0.407 0.336 0.248
0.618 0.583 0.636 0.743 0.866 0.989 1.168 3.816 1.221 1.044 0.885 0.601 0.548 0.442 0.336 0.248
0.583 0.53 0.601 0.655 0.777 0.866 0.991 1.238 3.18 1.221 1.044 0.619 0.601 0.478 0.372 0.248
0.548 0.512 0.548 0.619 0.671 0.76 0.849 1.026 1.238 3.609 1.221 0.672 0.69 0.513 0.372 0.265
0.548 0.477 0.512 0.566 0.618 0.654 0.743 0.885 1.026 1.238 3.503 0.814 0.814 0.584 0.442 0.265
1.431 0.389 0.477 0.425 0.495 0.459 0.478 0.531 0.584 0.655 0.814 42.245 0.672 0.495 0.354 0.336
0.406 0.389 0.406 0.425 0.442 0.459 0.478 0.531 0.601 0.672 0.814 0.672 3.29 0.867 0.584 0.354
0.353 0.336 0.336 0.354 0.371 0.371 0.389 0.425 0.46 0.513 0.601 0.495 0.867 3.609 0.814 0.318
0.3 0.3 0.3 0.301 0.3 0.3 0.318 0.336 0.354 0.372 0.425 0.354 0.584 0.831 3.184 0.372
0.283 0.265 0.247 0.23 0.23 0.247 0.23 0.23 0.23 0.248 0.265 0.389 0.336 0.301 0.354 23.776