24.486 1.168 1.008 0.795 0.725 0.637 0.619 0.601 0.548 0.531 0.531 1.961 0.354 0.318 0.283 0.283
1.184 3.18 1.185 0.936 0.778 0.69 0.619 0.584 0.548 0.513 0.478 0.389 0.336 0.301 0.265 0.248
1.007 1.185 3.604 1.201 0.955 0.849 0.743 0.672 0.619 0.566 0.513 0.565 0.354 0.318 0.265 0.23
0.83 0.955 1.203 3.397 1.221 1.044 0.885 0.778 0.69 0.619 0.548 0.495 0.354 0.336 0.265 0.23
0.742 0.796 0.955 1.201 3.927 1.221 1.044 0.885 0.778 0.672 0.601 0.565 0.372 0.336 0.265 0.23
0.636 0.69 0.849 1.042 1.238 3.503 1.168 0.991 0.849 0.743 0.637 0.495 0.372 0.336 0.283 0.248
0.636 0.637 0.743 0.883 1.044 1.185 3.503 1.168 0.991 0.849 0.708 0.495 0.407 0.372 0.283 0.23
0.618 0.584 0.655 0.777 0.885 0.991 1.168 3.821 1.203 1.044 0.849 0.565 0.442 0.372 0.301 0.23
0.565 0.548 0.619 0.689 0.778 0.849 0.991 1.221 3.184 1.221 0.991 0.583 0.495 0.407 0.301 0.23
0.548 0.513 0.584 0.618 0.672 0.761 0.849 1.026 1.238 3.609 1.168 0.618 0.584 0.478 0.336 0.23
0.53 0.478 0.513 0.548 0.601 0.637 0.725 0.849 0.973 1.185 3.503 0.742 0.655 0.531 0.372 0.248
1.466 0.389 0.46 0.424 0.478 0.425 0.442 0.495 0.531 0.601 0.743 42.245 0.548 0.425 0.301 0.318
0.336 0.354 0.372 0.353 0.372 0.389 0.425 0.46 0.495 0.566 0.655 0.583 3.609 0.778 0.46 0.318
0.336 0.318 0.318 0.318 0.336 0.354 0.354 0.389 0.425 0.478 0.531 0.459 0.778 3.397 0.584 0.301
0.283 0.283 0.265 0.283 0.283 0.283 0.301 0.301 0.318 0.336 0.372 0.318 0.478 0.601 2.972 0.336
0.265 0.248 0.23 0.23 0.23 0.248 0.23 0.23 0.23 0.23 0.248 0.353 0.301 0.301 0.336 23.458