23.744 0.989 0.883 0.724 0.654 0.601 0.565 0.548 0.512 0.495 0.495 1.837 0.406 0.389 0.353 0.353
1.007 2.862 1.042 0.848 0.724 0.636 0.583 0.548 0.512 0.477 0.459 0.389 0.389 0.389 0.353 0.318
0.883 1.06 3.286 1.025 0.83 0.724 0.636 0.583 0.548 0.495 0.477 0.53 0.406 0.371 0.353 0.3
0.707 0.848 1.042 3.18 0.954 0.813 0.707 0.618 0.583 0.53 0.477 0.459 0.406 0.389 0.353 0.3
0.654 0.707 0.813 0.972 3.604 0.954 0.813 0.707 0.618 0.565 0.512 0.548 0.406 0.389 0.353 0.3
0.583 0.618 0.724 0.813 0.972 3.074 0.919 0.777 0.671 0.618 0.548 0.442 0.424 0.406 0.371 0.318
0.565 0.565 0.636 0.707 0.813 0.936 3.18 0.883 0.777 0.654 0.583 0.459 0.442 0.406 0.371 0.3
0.565 0.53 0.583 0.618 0.707 0.777 0.901 3.498 0.919 0.777 0.654 0.495 0.477 0.442 0.371 0.3
0.495 0.495 0.548 0.583 0.618 0.689 0.777 0.936 3.074 0.901 0.742 0.495 0.512 0.459 0.406 0.3
0.495 0.477 0.512 0.512 0.583 0.618 0.654 0.777 0.919 3.286 0.883 0.53 0.583 0.495 0.406 0.318
0.495 0.459 0.477 0.495 0.512 0.548 0.583 0.654 0.742 0.883 2.968 0.601 0.618 0.53 0.442 0.318
1.413 0.389 0.442 0.389 0.459 0.389 0.389 0.442 0.442 0.477 0.565 42.189 0.512 0.424 0.353 0.371
0.371 0.389 0.389 0.406 0.406 0.424 0.442 0.477 0.512 0.565 0.636 0.548 2.862 0.76 0.565 0.371
0.371 0.371 0.371 0.389 0.389 0.389 0.406 0.424 0.459 0.477 0.53 0.459 0.777 3.18 0.689 0.353
0.336 0.371 0.353 0.353 0.353 0.353 0.371 0.371 0.371 0.406 0.442 0.371 0.548 0.707 2.968 0.406
0.318 0.3 0.3 0.3 0.3 0.3 0.3 0.3 0.3 0.3 0.3 0.406 0.371 0.336 0.406 24.274