2.650 0.901 0.777 0.672 0.584 0.495 0.442 0.372 0.336 0.300 0.283 0.336 0.195 0.177 0.142 0.124
0.901 2.544 0.830 0.708 0.601 0.530 0.442 0.372 0.336 0.300 0.265 0.283 0.195 0.159 0.142 0.124
0.795 0.848 2.968 0.814 0.672 0.583 0.495 0.442 0.372 0.336 0.301 0.336 0.195 0.195 0.142 0.106
0.671 0.707 0.813 2.756 0.778 0.618 0.548 0.478 0.407 0.371 0.318 0.300 0.212 0.195 0.142 0.124
0.583 0.601 0.671 0.778 2.862 0.724 0.601 0.513 0.442 0.389 0.336 0.336 0.230 0.195 0.142 0.124
0.495 0.530 0.583 0.619 0.725 2.544 0.707 0.601 0.495 0.442 0.372 0.300 0.248 0.230 0.159 0.124
0.424 0.459 0.495 0.566 0.619 0.707 2.547 0.743 0.619 0.530 0.442 0.336 0.301 0.248 0.177 0.124
0.389 0.371 0.442 0.478 0.513 0.601 0.724 2.972 0.814 0.671 0.584 0.371 0.354 0.301 0.212 0.124
0.318 0.336 0.371 0.407 0.442 0.495 0.601 0.814 2.544 0.848 0.708 0.424 0.442 0.372 0.248 0.124
0.283 0.300 0.336 0.372 0.389 0.442 0.512 0.672 0.849 2.862 0.885 0.495 0.513 0.442 0.301 0.124
0.283 0.265 0.300 0.318 0.336 0.371 0.442 0.584 0.708 0.883 2.866 0.565 0.601 0.495 0.336 0.124
0.283 0.247 0.283 0.265 0.301 0.265 0.300 0.354 0.407 0.495 0.548 42.245 0.460 0.389 0.248 0.230
0.194 0.194 0.212 0.230 0.230 0.247 0.300 0.372 0.425 0.512 0.637 0.459 2.650 0.690 0.425 0.177
0.177 0.177 0.194 0.195 0.195 0.230 0.247 0.301 0.372 0.442 0.513 0.371 0.690 2.862 0.548 0.159
0.141 0.159 0.159 0.159 0.159 0.159 0.177 0.212 0.230 0.300 0.336 0.265 0.425 0.548 2.866 0.195
0.106 0.106 0.106 0.106 0.106 0.124 0.106 0.106 0.106 0.124 0.124 0.265 0.159 0.159 0.195 22.396
