24.486 1.060 1.007 0.848 0.777 0.689 0.565 0.512 0.424 0.389 0.389 1.855 0.318 0.283 0.265 0.283
1.078 3.074 1.166 1.042 0.883 0.742 0.583 0.477 0.406 0.371 0.336 0.336 0.300 0.283 0.265 0.265
1.007 1.166 3.604 1.166 1.007 0.848 0.654 0.512 0.442 0.406 0.371 0.495 0.300 0.300 0.265 0.230
0.866 1.042 1.184 3.392 1.166 0.972 0.707 0.583 0.477 0.442 0.371 0.442 0.300 0.300 0.265 0.230
0.777 0.883 0.989 1.184 4.134 1.166 0.830 0.618 0.512 0.442 0.406 0.512 0.336 0.300 0.265 0.230
0.671 0.742 0.848 0.972 1.184 4.028 1.042 0.707 0.565 0.495 0.442 0.406 0.336 0.336 0.265 0.265
0.565 0.601 0.654 0.707 0.813 1.042 4.982 0.972 0.671 0.601 0.512 0.424 0.371 0.353 0.300 0.230
0.530 0.477 0.512 0.565 0.618 0.707 0.989 4.664 0.954 0.742 0.618 0.477 0.442 0.371 0.300 0.230
0.442 0.406 0.442 0.477 0.495 0.565 0.671 0.954 3.286 0.919 0.742 0.495 0.495 0.442 0.336 0.247
0.389 0.371 0.406 0.424 0.459 0.512 0.601 0.760 0.919 3.392 0.795 0.495 0.512 0.442 0.336 0.247
0.406 0.353 0.371 0.406 0.406 0.442 0.530 0.618 0.742 0.795 2.968 0.530 0.565 0.477 0.336 0.247
1.449 0.318 0.389 0.353 0.406 0.353 0.371 0.406 0.442 0.442 0.495 42.189 0.406 0.353 0.265 0.318
0.265 0.300 0.318 0.318 0.336 0.353 0.389 0.459 0.512 0.530 0.565 0.442 2.650 0.512 0.371 0.300
0.283 0.300 0.283 0.300 0.300 0.336 0.353 0.406 0.442 0.459 0.477 0.389 0.512 3.074 0.406 0.283
0.247 0.265 0.265 0.265 0.265 0.283 0.300 0.318 0.336 0.336 0.353 0.283 0.371 0.406 2.226 0.300
0.265 0.265 0.230 0.230 0.230 0.247 0.230 0.230 0.230 0.230 0.230 0.353 0.300 0.265 0.300 24.274
