24.168 1.325 1.254 1.131 1.061 0.938 0.866 0.795 0.724 0.672 0.654 1.928 0.531 0.495 0.460 0.354
1.343 3.286 1.396 1.254 1.132 1.044 0.919 0.830 0.742 0.690 0.636 0.566 0.531 0.495 0.442 0.336
1.272 1.413 3.710 1.378 1.256 1.097 0.989 0.883 0.795 0.743 0.671 0.672 0.548 0.513 0.442 0.336
1.148 1.254 1.413 3.397 1.362 1.168 1.060 0.919 0.848 0.778 0.707 0.637 0.566 0.513 0.460 0.336
1.042 1.148 1.237 1.360 3.927 1.274 1.095 0.972 0.848 0.796 0.724 0.725 0.566 0.513 0.478 0.336
0.972 1.042 1.131 1.184 1.309 3.503 1.166 1.042 0.901 0.831 0.777 0.619 0.584 0.548 0.478 0.336
0.901 0.936 1.025 1.060 1.132 1.203 3.503 1.095 0.972 0.885 0.813 0.601 0.601 0.566 0.495 0.336
0.830 0.830 0.883 0.936 0.973 1.044 1.131 3.821 1.078 0.973 0.883 0.672 0.655 0.584 0.495 0.336
0.760 0.760 0.795 0.848 0.885 0.902 0.954 1.078 3.078 1.079 0.954 0.672 0.690 0.619 0.531 0.336
0.689 0.689 0.760 0.777 0.814 0.831 0.883 0.954 1.060 3.503 1.042 0.690 0.743 0.672 0.566 0.336
0.671 0.654 0.689 0.707 0.743 0.778 0.795 0.883 0.954 1.061 3.184 0.761 0.814 0.708 0.601 0.336
1.519 0.512 0.583 0.548 0.619 0.531 0.548 0.583 0.601 0.637 0.724 42.245 0.601 0.531 0.442 0.389
0.512 0.530 0.548 0.548 0.584 0.584 0.601 0.636 0.689 0.743 0.813 0.637 2.972 0.867 0.690 0.407
0.495 0.495 0.512 0.512 0.548 0.548 0.548 0.583 0.618 0.655 0.724 0.584 0.885 3.078 0.796 0.389
0.442 0.459 0.459 0.477 0.478 0.478 0.477 0.495 0.512 0.566 0.583 0.478 0.690 0.796 2.654 0.407
0.353 0.336 0.318 0.318 0.318 0.336 0.318 0.318 0.318 0.336 0.336 0.442 0.389 0.372 0.425 23.882
