25.652 0.618 0.442 0.389 0.371 0.336 0.318 0.353 0.336 0.300 0.300 3.021 0.247 0.230 0.212 0.247
0.654 2.332 0.495 0.424 0.371 0.336 0.336 0.300 0.283 0.265 0.247 0.495 0.230 0.230 0.212 0.247
0.442 0.512 2.862 0.512 0.406 0.371 0.336 0.300 0.300 0.265 0.265 0.124 0.230 0.230 0.212 0.194
0.389 0.424 0.512 2.544 0.477 0.406 0.371 0.336 0.300 0.300 0.265 0.141 0.230 0.230 0.212 0.177
0.389 0.389 0.406 0.477 3.180 0.477 0.406 0.371 0.318 0.300 0.283 0.424 0.247 0.230 0.212 0.177
0.318 0.353 0.389 0.406 0.477 2.650 0.477 0.406 0.353 0.336 0.300 0.124 0.247 0.230 0.230 0.247
0.318 0.318 0.353 0.371 0.406 0.477 2.756 0.477 0.406 0.371 0.336 0.141 0.265 0.247 0.230 0.212
0.336 0.300 0.318 0.336 0.371 0.389 0.477 3.286 0.512 0.442 0.371 0.212 0.283 0.265 0.230 0.177
0.318 0.283 0.283 0.300 0.336 0.353 0.406 0.512 2.756 0.565 0.459 0.159 0.300 0.283 0.247 0.194
0.283 0.283 0.283 0.283 0.300 0.336 0.371 0.442 0.583 3.074 0.583 0.159 0.353 0.300 0.265 0.194
0.283 0.247 0.265 0.265 0.300 0.300 0.336 0.371 0.459 0.583 2.862 0.230 0.406 0.336 0.283 0.194
1.890 0.141 0.106 0.088 0.177 0.088 0.088 0.088 0.088 0.088 0.124 42.295 0.088 0.088 0.088 0.901
0.336 0.247 0.247 0.247 0.247 0.265 0.265 0.283 0.336 0.353 0.424 0.177 2.756 0.512 0.406 0.406
0.283 0.230 0.230 0.230 0.230 0.230 0.247 0.265 0.283 0.300 0.353 0.141 0.512 2.968 0.495 0.442
0.283 0.230 0.212 0.212 0.230 0.230 0.230 0.230 0.247 0.265 0.300 0.124 0.389 0.512 2.650 0.442
0.247 0.212 0.141 0.159 0.159 0.212 0.159 0.159 0.159 0.159 0.159 1.148 0.300 0.371 0.371 42.295
