25.334 1.272 1.166 1.025 0.936 0.866 0.777 0.707 0.601 0.530 0.512 1.908 0.389 0.389 0.353 0.336
1.307 3.286 1.378 1.184 1.060 0.936 0.848 0.707 0.618 0.548 0.477 0.424 0.371 0.353 0.336 0.300
1.184 1.396 3.922 1.413 1.219 1.078 0.954 0.777 0.671 0.583 0.495 0.548 0.406 0.371 0.336 0.300
1.025 1.184 1.413 3.604 1.378 1.201 1.042 0.848 0.724 0.601 0.512 0.512 0.406 0.371 0.353 0.300
0.936 1.060 1.219 1.396 4.240 1.343 1.148 0.919 0.760 0.654 0.565 0.583 0.406 0.371 0.353 0.283
0.866 0.954 1.078 1.201 1.360 3.710 1.290 1.042 0.848 0.707 0.601 0.512 0.442 0.406 0.371 0.300
0.777 0.848 0.954 1.042 1.148 1.307 3.710 1.166 0.954 0.777 0.618 0.512 0.477 0.442 0.371 0.300
0.724 0.707 0.777 0.848 0.919 1.042 1.166 4.134 1.095 0.901 0.742 0.565 0.512 0.477 0.406 0.300
0.601 0.618 0.654 0.724 0.777 0.848 0.936 1.131 3.498 1.060 0.848 0.565 0.565 0.512 0.442 0.300
0.530 0.530 0.583 0.618 0.636 0.707 0.777 0.919 1.060 3.604 0.972 0.601 0.618 0.583 0.477 0.300
0.530 0.477 0.495 0.512 0.548 0.583 0.636 0.724 0.848 0.989 3.180 0.654 0.671 0.618 0.495 0.300
1.519 0.389 0.459 0.424 0.477 0.442 0.442 0.477 0.512 0.530 0.601 42.189 0.512 0.459 0.371 0.353
0.353 0.389 0.389 0.424 0.424 0.459 0.459 0.530 0.565 0.636 0.689 0.565 2.862 0.707 0.583 0.371
0.353 0.353 0.371 0.371 0.389 0.406 0.442 0.477 0.512 0.583 0.618 0.495 0.707 3.392 0.636 0.353
0.353 0.353 0.336 0.353 0.353 0.371 0.371 0.406 0.442 0.477 0.495 0.389 0.565 0.636 2.650 0.371
0.318 0.300 0.283 0.265 0.265 0.300 0.300 0.300 0.300 0.300 0.300 0.389 0.371 0.336 0.371 24.486
