24.91 2.774 2.654 2.247 1.979 1.714 1.413 1.221 1.044 0.885 0.796 2.105 0.513 0.478 0.354 0.265
2.827 5.088 3.096 2.654 2.261 1.961 1.572 1.256 1.061 0.849 0.708 0.778 0.442 0.407 0.336 0.23
2.632 3.074 5.406 2.954 2.526 2.173 1.714 1.38 1.15 0.92 0.743 0.938 0.478 0.442 0.336 0.23
2.297 2.632 3.06 5.088 2.774 2.332 1.873 1.468 1.221 0.973 0.796 0.867 0.513 0.478 0.336 0.23
2.014 2.244 2.547 2.76 5.307 2.544 2.014 1.574 1.327 1.044 0.849 0.92 0.513 0.478 0.336 0.23
1.767 1.961 2.211 2.317 2.544 4.776 2.191 1.681 1.415 1.097 0.885 0.831 0.566 0.495 0.372 0.23
1.466 1.572 1.787 1.875 2.014 2.226 4.989 1.981 1.645 1.256 0.973 0.796 0.619 0.548 0.389 0.23
1.254 1.254 1.415 1.451 1.572 1.678 1.996 5.307 2.194 1.645 1.256 0.867 0.743 0.655 0.46 0.23
1.095 1.095 1.221 1.256 1.343 1.449 1.643 2.229 4.564 1.946 1.468 0.902 0.849 0.778 0.513 0.23
0.989 0.883 0.991 1.008 1.078 1.166 1.29 1.681 1.999 4.989 1.964 1.061 1.097 0.991 0.619 0.248
0.919 0.742 0.831 0.831 0.883 0.936 1.042 1.309 1.486 1.999 4.24 1.221 1.362 1.168 0.778 0.265
1.678 0.707 0.796 0.708 0.777 0.707 0.707 0.814 0.831 0.991 1.168 42.245 1.008 0.885 0.566 0.354
0.583 0.512 0.566 0.548 0.583 0.618 0.654 0.796 0.885 1.115 1.362 1.044 3.821 1.61 1.008 0.354
0.53 0.477 0.513 0.513 0.548 0.548 0.601 0.725 0.796 0.973 1.185 0.92 1.61 4.458 1.256 0.354
0.442 0.371 0.407 0.372 0.406 0.424 0.442 0.513 0.531 0.637 0.778 0.601 0.991 1.274 4.033 0.389
0.318 0.283 0.301 0.265 0.265 0.283 0.265 0.265 0.248 0.248 0.248 0.372 0.318 0.318 0.389 24.095