24.91 2.738 2.562 2.244 1.964 1.698 1.398 1.168 1.044 0.92 0.831 2.194 0.548 0.513 0.389 0.301
2.791 4.876 3.039 2.632 2.247 1.946 1.557 1.185 1.061 0.885 0.708 0.867 0.495 0.442 0.372 0.265
2.597 3.056 5.413 2.95 2.494 2.158 1.716 1.327 1.15 0.955 0.778 0.991 0.531 0.478 0.372 0.265
2.261 2.632 2.986 4.989 2.724 2.3 1.858 1.433 1.238 1.008 0.814 0.92 0.548 0.495 0.372 0.265
1.979 2.244 2.491 2.756 5.307 2.494 1.981 1.539 1.309 1.079 0.849 0.991 0.566 0.513 0.407 0.265
1.714 1.943 2.155 2.297 2.53 4.67 2.176 1.645 1.415 1.115 0.902 0.849 0.601 0.531 0.407 0.265
1.431 1.572 1.696 1.855 1.999 2.194 4.989 1.946 1.61 1.274 1.008 0.831 0.655 0.584 0.442 0.265
1.201 1.219 1.325 1.413 1.557 1.645 1.946 5.307 2.158 1.645 1.256 0.902 0.778 0.69 0.495 0.265
1.078 1.06 1.148 1.219 1.309 1.398 1.592 2.158 4.458 1.981 1.468 0.938 0.885 0.796 0.566 0.265
0.954 0.883 0.936 0.989 1.061 1.097 1.256 1.645 1.999 5.095 1.964 1.079 1.132 0.991 0.672 0.301
0.866 0.742 0.777 0.813 0.849 0.92 1.008 1.256 1.468 1.981 4.352 1.256 1.398 1.203 0.814 0.301
1.643 0.671 0.76 0.707 0.761 0.69 0.708 0.796 0.831 0.991 1.168 42.245 1.044 0.885 0.601 0.372
0.53 0.495 0.495 0.53 0.548 0.584 0.637 0.778 0.885 1.115 1.38 1.061 3.821 1.628 1.061 0.389
0.512 0.442 0.459 0.477 0.513 0.513 0.584 0.69 0.796 0.991 1.203 0.938 1.628 4.458 1.327 0.389
0.389 0.371 0.353 0.371 0.372 0.389 0.407 0.478 0.548 0.655 0.796 0.637 1.061 1.344 4.246 0.425
0.3 0.265 0.23 0.23 0.23 0.23 0.23 0.23 0.248 0.248 0.283 0.442 0.354 0.372 0.425 24.201