25.334 1.166 1.06 0.901 0.83 0.777 0.724 0.689 0.636 0.601 0.583 1.908 0.459 0.424 0.389 0.353
1.184 3.286 1.237 1.06 0.936 0.848 0.777 0.707 0.636 0.583 0.53 0.442 0.442 0.406 0.389 0.336
1.06 1.237 3.71 1.254 1.078 0.972 0.866 0.777 0.707 0.618 0.565 0.565 0.442 0.406 0.371 0.318
0.919 1.06 1.29 3.498 1.254 1.095 0.954 0.848 0.742 0.671 0.601 0.512 0.442 0.406 0.371 0.3
0.848 0.936 1.095 1.29 4.134 1.237 1.078 0.919 0.813 0.707 0.618 0.601 0.459 0.406 0.389 0.3
0.777 0.848 0.972 1.095 1.237 3.604 1.166 1.007 0.883 0.777 0.654 0.512 0.477 0.442 0.389 0.336
0.707 0.76 0.866 0.954 1.042 1.184 3.604 1.095 0.954 0.83 0.707 0.512 0.495 0.442 0.406 0.3
0.707 0.689 0.777 0.848 0.919 0.989 1.131 4.134 1.166 0.972 0.813 0.583 0.53 0.477 0.424 0.318
0.636 0.636 0.707 0.76 0.813 0.883 0.954 1.184 3.498 1.201 0.972 0.601 0.601 0.512 0.442 0.318
0.618 0.601 0.618 0.689 0.707 0.777 0.83 0.989 1.201 3.922 1.201 0.689 0.689 0.583 0.495 0.336
0.601 0.53 0.583 0.583 0.618 0.654 0.707 0.83 0.972 1.219 3.71 0.83 0.83 0.671 0.53 0.336
1.519 0.424 0.477 0.442 0.477 0.442 0.459 0.512 0.53 0.636 0.777 42.189 0.689 0.565 0.424 0.371
0.424 0.424 0.424 0.459 0.442 0.459 0.477 0.53 0.601 0.671 0.813 0.724 3.286 0.936 0.689 0.406
0.424 0.424 0.424 0.424 0.424 0.442 0.442 0.477 0.512 0.583 0.689 0.601 0.972 4.028 0.848 0.389
0.389 0.389 0.389 0.371 0.371 0.371 0.406 0.406 0.442 0.477 0.512 0.459 0.689 0.866 3.18 0.442
0.353 0.336 0.318 0.3 0.3 0.336 0.318 0.318 0.318 0.318 0.336 0.424 0.406 0.371 0.459 24.274