25.016 2.809 2.650 2.300 2.032 1.767 1.466 1.254 1.132 1.008 0.938 2.247 0.637 0.619 0.495 0.425
2.862 5.088 3.092 2.707 2.279 1.996 1.625 1.290 1.150 0.955 0.831 0.902 0.601 0.548 0.460 0.407
2.668 3.127 5.406 3.025 2.562 2.226 1.784 1.413 1.256 1.044 0.885 1.044 0.619 0.584 0.478 0.372
2.314 2.703 3.056 5.194 2.791 2.403 1.943 1.519 1.327 1.097 0.920 0.991 0.619 0.601 0.478 0.372
2.049 2.297 2.579 2.813 5.300 2.615 2.085 1.643 1.415 1.150 0.955 1.026 0.672 0.619 0.478 0.372
1.802 2.014 2.244 2.388 2.597 4.770 2.244 1.714 1.486 1.221 1.008 0.920 0.672 0.619 0.495 0.407
1.502 1.643 1.784 1.911 2.085 2.261 5.194 2.014 1.698 1.380 1.097 0.902 0.743 0.690 0.513 0.372
1.272 1.272 1.413 1.504 1.608 1.714 1.996 5.307 2.247 1.716 1.380 0.973 0.885 0.796 0.584 0.389
1.113 1.131 1.254 1.309 1.413 1.466 1.678 2.261 4.564 2.105 1.574 1.026 0.973 0.902 0.655 0.389
1.025 0.954 1.042 1.079 1.148 1.201 1.343 1.714 2.105 5.095 2.034 1.115 1.203 1.079 0.778 0.407
0.954 0.813 0.883 0.885 0.936 0.989 1.095 1.360 1.574 2.052 4.346 1.309 1.468 1.327 0.885 0.442
1.696 0.724 0.813 0.761 0.830 0.742 0.760 0.866 0.920 1.061 1.274 42.245 1.079 0.973 0.672 0.478
0.618 0.583 0.601 0.619 0.636 0.654 0.724 0.866 0.991 1.203 1.486 1.150 3.927 1.734 1.150 0.495
0.583 0.548 0.565 0.584 0.583 0.618 0.654 0.795 0.902 1.061 1.309 1.008 1.734 4.458 1.398 0.495
0.477 0.442 0.459 0.442 0.477 0.477 0.512 0.583 0.637 0.778 0.902 0.708 1.150 1.433 4.246 0.566
0.371 0.336 0.336 0.318 0.336 0.336 0.336 0.336 0.354 0.354 0.389 0.478 0.460 0.460 0.513 24.201
