25.228 1.131 1.025 0.866 0.813 0.724 0.671 0.636 0.601 0.565 0.548 1.926 0.424 0.389 0.371 0.353
1.131 3.074 1.184 1.042 0.919 0.83 0.724 0.654 0.618 0.565 0.495 0.406 0.389 0.371 0.353 0.318
1.042 1.184 3.71 1.254 1.078 0.954 0.83 0.742 0.654 0.601 0.512 0.548 0.406 0.371 0.371 0.3
0.866 1.042 1.254 3.392 1.254 1.078 0.919 0.813 0.724 0.618 0.548 0.477 0.406 0.389 0.371 0.318
0.813 0.901 1.06 1.237 4.134 1.201 1.007 0.883 0.777 0.671 0.583 0.583 0.406 0.389 0.353 0.3
0.742 0.83 0.954 1.078 1.201 3.498 1.095 0.954 0.83 0.707 0.601 0.477 0.442 0.406 0.371 0.336
0.671 0.742 0.83 0.919 1.025 1.131 3.498 1.06 0.919 0.777 0.654 0.495 0.442 0.406 0.371 0.318
0.671 0.671 0.742 0.813 0.883 0.954 1.06 4.134 1.148 0.954 0.777 0.548 0.477 0.442 0.389 0.3
0.601 0.618 0.671 0.724 0.777 0.83 0.919 1.166 3.498 1.166 0.936 0.565 0.548 0.495 0.406 0.318
0.565 0.565 0.601 0.618 0.671 0.707 0.777 0.936 1.184 3.816 1.166 0.636 0.636 0.565 0.477 0.336
0.565 0.495 0.53 0.565 0.583 0.618 0.636 0.76 0.936 1.184 3.71 0.777 0.76 0.636 0.512 0.336
1.537 0.406 0.459 0.406 0.477 0.406 0.406 0.477 0.53 0.583 0.742 42.189 0.636 0.512 0.406 0.371
0.389 0.406 0.424 0.406 0.424 0.424 0.459 0.495 0.565 0.636 0.777 0.654 3.286 0.901 0.636 0.406
0.389 0.371 0.389 0.389 0.406 0.406 0.406 0.442 0.477 0.565 0.636 0.548 0.901 3.816 0.813 0.389
0.353 0.371 0.353 0.371 0.371 0.371 0.371 0.371 0.406 0.477 0.512 0.424 0.636 0.813 3.074 0.442
0.336 0.318 0.3 0.3 0.3 0.3 0.3 0.3 0.3 0.3 0.318 0.406 0.371 0.371 0.442 24.38