25.334 1.06 0.954 0.813 0.76 0.654 0.618 0.583 0.548 0.512 0.495 1.873 0.371 0.353 0.3 0.283
1.06 3.074 1.095 0.954 0.848 0.742 0.654 0.583 0.548 0.495 0.442 0.353 0.336 0.318 0.3 0.247
0.972 1.148 3.498 1.148 0.989 0.883 0.777 0.671 0.601 0.548 0.477 0.495 0.371 0.336 0.3 0.23
0.83 0.972 1.166 3.392 1.166 1.007 0.883 0.742 0.654 0.583 0.495 0.459 0.371 0.336 0.3 0.247
0.742 0.83 0.972 1.166 4.028 1.148 0.954 0.813 0.742 0.618 0.53 0.53 0.371 0.336 0.3 0.23
0.671 0.742 0.883 1.007 1.166 3.498 1.078 0.901 0.777 0.671 0.583 0.459 0.371 0.336 0.3 0.247
0.618 0.671 0.777 0.866 0.972 1.078 3.498 0.989 0.848 0.742 0.601 0.459 0.406 0.371 0.318 0.247
0.618 0.601 0.654 0.742 0.813 0.901 0.989 4.134 1.042 0.883 0.707 0.495 0.442 0.371 0.336 0.23
0.565 0.53 0.601 0.654 0.707 0.777 0.848 1.06 3.498 1.095 0.866 0.53 0.495 0.442 0.353 0.247
0.53 0.495 0.548 0.583 0.636 0.671 0.742 0.883 1.095 3.816 1.078 0.601 0.601 0.512 0.389 0.247
0.512 0.459 0.477 0.495 0.548 0.583 0.618 0.707 0.883 1.078 3.604 0.742 0.742 0.583 0.442 0.265
1.466 0.353 0.406 0.389 0.442 0.389 0.389 0.442 0.477 0.565 0.707 42.189 0.618 0.477 0.353 0.318
0.336 0.336 0.353 0.353 0.371 0.371 0.389 0.459 0.512 0.601 0.724 0.654 3.286 0.83 0.583 0.336
0.336 0.336 0.318 0.336 0.336 0.353 0.371 0.389 0.442 0.512 0.601 0.53 0.848 3.922 0.742 0.318
0.3 0.3 0.3 0.3 0.3 0.3 0.3 0.336 0.353 0.389 0.442 0.389 0.583 0.76 3.18 0.371
0.283 0.265 0.23 0.23 0.23 0.247 0.23 0.23 0.23 0.23 0.265 0.353 0.336 0.3 0.371 24.274