22.790 0.743 0.655 0.548 0.513 0.460 0.424 0.407 0.354 0.354 0.353 1.787 0.283 0.283 0.248 0.248
0.742 2.544 0.778 0.654 0.566 0.478 0.442 0.407 0.372 0.336 0.300 0.318 0.265 0.248 0.248 0.230
0.654 0.796 2.866 0.777 0.637 0.566 0.495 0.442 0.372 0.372 0.336 0.442 0.283 0.265 0.230 0.195
0.565 0.637 0.796 2.968 0.778 0.637 0.548 0.478 0.407 0.372 0.336 0.354 0.283 0.283 0.230 0.195
0.512 0.548 0.619 0.760 3.180 0.725 0.618 0.513 0.460 0.407 0.371 0.425 0.283 0.265 0.248 0.195
0.442 0.478 0.548 0.618 0.743 2.756 0.707 0.584 0.495 0.442 0.371 0.336 0.301 0.283 0.248 0.212
0.406 0.442 0.478 0.548 0.619 0.690 2.756 0.619 0.531 0.478 0.406 0.336 0.318 0.301 0.265 0.195
0.406 0.389 0.442 0.477 0.531 0.584 0.636 3.184 0.619 0.531 0.459 0.372 0.336 0.301 0.265 0.195
0.371 0.354 0.372 0.406 0.460 0.495 0.548 0.637 2.547 0.619 0.512 0.372 0.372 0.336 0.265 0.212
0.336 0.354 0.354 0.371 0.407 0.442 0.477 0.531 0.619 2.972 0.618 0.389 0.407 0.372 0.301 0.195
0.353 0.318 0.336 0.336 0.372 0.389 0.406 0.478 0.513 0.619 2.760 0.460 0.460 0.407 0.336 0.212
1.307 0.301 0.372 0.300 0.372 0.301 0.318 0.336 0.354 0.389 0.459 42.245 0.407 0.372 0.301 0.283
0.212 0.283 0.283 0.283 0.301 0.318 0.318 0.336 0.354 0.407 0.459 0.407 2.547 0.548 0.407 0.283
0.265 0.248 0.265 0.265 0.283 0.283 0.300 0.301 0.336 0.372 0.406 0.372 0.548 2.866 0.513 0.283
0.230 0.248 0.230 0.247 0.248 0.248 0.265 0.265 0.265 0.301 0.336 0.301 0.407 0.513 2.441 0.318
0.247 0.212 0.195 0.194 0.195 0.212 0.194 0.195 0.195 0.195 0.194 0.336 0.265 0.265 0.318 27.067
