23.426 1.131 1.060 0.954 0.883 0.795 0.724 0.654 0.583 0.548 0.531 1.804 0.442 0.425 0.389 0.318
1.148 3.074 1.201 1.078 0.972 0.883 0.760 0.654 0.583 0.548 0.478 0.442 0.442 0.407 0.354 0.283
1.078 1.201 3.392 1.184 1.060 0.954 0.830 0.707 0.618 0.583 0.513 0.584 0.442 0.407 0.372 0.265
0.954 1.060 1.184 3.180 1.148 1.025 0.883 0.742 0.671 0.618 0.548 0.531 0.460 0.442 0.372 0.283
0.901 0.954 1.060 1.166 3.710 1.113 0.954 0.813 0.707 0.636 0.584 0.601 0.478 0.442 0.372 0.265
0.795 0.866 0.936 1.025 1.131 3.286 1.095 0.883 0.777 0.689 0.619 0.513 0.495 0.478 0.407 0.301
0.724 0.760 0.813 0.883 0.954 1.078 3.498 1.007 0.883 0.777 0.672 0.513 0.531 0.495 0.442 0.283
0.671 0.636 0.707 0.742 0.813 0.901 1.025 3.604 1.042 0.883 0.778 0.584 0.601 0.548 0.442 0.283
0.601 0.583 0.618 0.654 0.707 0.777 0.883 1.060 3.074 0.989 0.849 0.601 0.655 0.601 0.495 0.301
0.548 0.530 0.583 0.601 0.618 0.707 0.777 0.883 1.007 3.290 0.955 0.601 0.708 0.637 0.513 0.301
0.548 0.495 0.512 0.548 0.583 0.618 0.671 0.777 0.848 0.972 3.078 0.672 0.778 0.690 0.566 0.301
1.413 0.406 0.477 0.442 0.495 0.442 0.477 0.512 0.530 0.565 0.601 42.245 0.566 0.513 0.407 0.354
0.389 0.389 0.406 0.424 0.442 0.477 0.512 0.583 0.636 0.671 0.743 0.584 2.866 0.796 0.637 0.354
0.389 0.371 0.389 0.406 0.424 0.459 0.477 0.530 0.583 0.618 0.655 0.513 0.831 2.972 0.743 0.336
0.353 0.353 0.336 0.353 0.371 0.389 0.406 0.442 0.477 0.495 0.531 0.425 0.655 0.761 2.654 0.372
0.265 0.247 0.230 0.247 0.230 0.265 0.265 0.265 0.265 0.265 0.265 0.389 0.372 0.336 0.372 23.670
