23.352 0.902 0.814 0.619 0.566 0.478 0.442 0.425 0.389 0.372 0.372 1.769 0.301 0.283 0.230 0.230
0.920 2.866 1.044 0.796 0.619 0.531 0.442 0.372 0.354 0.336 0.301 0.301 0.265 0.248 0.230 0.195
0.831 1.026 3.503 1.061 0.814 0.637 0.513 0.442 0.407 0.372 0.336 0.478 0.283 0.265 0.230 0.195
0.637 0.778 1.079 3.397 1.079 0.814 0.619 0.513 0.442 0.389 0.354 0.389 0.301 0.265 0.230 0.177
0.584 0.619 0.814 1.079 3.927 1.097 0.796 0.601 0.495 0.442 0.407 0.460 0.301 0.283 0.230 0.177
0.478 0.513 0.637 0.814 1.097 3.290 0.973 0.708 0.584 0.495 0.442 0.389 0.336 0.301 0.230 0.195
0.442 0.442 0.513 0.619 0.796 0.991 3.290 0.920 0.725 0.601 0.495 0.407 0.354 0.301 0.230 0.177
0.442 0.407 0.442 0.495 0.619 0.725 0.920 3.609 0.920 0.743 0.619 0.442 0.372 0.336 0.265 0.177
0.407 0.372 0.407 0.442 0.513 0.584 0.708 0.938 3.078 0.920 0.743 0.495 0.442 0.372 0.265 0.177
0.372 0.336 0.372 0.407 0.442 0.495 0.601 0.743 0.938 3.397 0.973 0.566 0.513 0.425 0.301 0.177
0.389 0.336 0.336 0.372 0.407 0.442 0.513 0.619 0.743 0.973 3.184 0.655 0.619 0.478 0.336 0.177
1.274 0.318 0.389 0.336 0.407 0.354 0.372 0.425 0.460 0.548 0.690 42.245 0.584 0.442 0.301 0.248
0.265 0.265 0.283 0.301 0.318 0.336 0.354 0.389 0.460 0.531 0.637 0.566 2.866 0.725 0.478 0.248
0.283 0.265 0.265 0.283 0.301 0.301 0.301 0.336 0.372 0.425 0.478 0.442 0.743 3.290 0.708 0.248
0.248 0.248 0.230 0.230 0.230 0.248 0.248 0.265 0.283 0.301 0.354 0.318 0.478 0.725 3.078 0.283
0.230 0.195 0.195 0.195 0.195 0.195 0.195 0.177 0.195 0.195 0.195 0.301 0.248 0.230 0.265 26.005
