25.546 0.583 0.459 0.424 0.424 0.371 0.353 0.372 0.353 0.353 0.353 3.410 0.283 0.283 0.265 0.265
0.618 2.332 0.530 0.477 0.442 0.406 0.371 0.372 0.336 0.336 0.318 0.548 0.283 0.301 0.265 0.265
0.459 0.548 2.756 0.548 0.477 0.442 0.406 0.372 0.371 0.336 0.336 0.247 0.301 0.283 0.265 0.212
0.424 0.477 0.565 2.544 0.530 0.477 0.442 0.407 0.371 0.371 0.336 0.247 0.301 0.301 0.265 0.212
0.424 0.424 0.477 0.530 3.180 0.530 0.442 0.425 0.406 0.371 0.336 0.424 0.301 0.301 0.265 0.212
0.371 0.406 0.424 0.477 0.512 2.544 0.512 0.442 0.406 0.406 0.371 0.265 0.301 0.301 0.265 0.230
0.371 0.389 0.389 0.424 0.459 0.512 2.756 0.495 0.459 0.406 0.371 0.265 0.318 0.301 0.265 0.230
0.406 0.353 0.389 0.389 0.406 0.442 0.512 3.180 0.530 0.477 0.424 0.300 0.318 0.301 0.283 0.230
0.353 0.336 0.353 0.371 0.389 0.406 0.442 0.548 2.650 0.548 0.477 0.300 0.336 0.336 0.301 0.212
0.336 0.336 0.353 0.353 0.371 0.371 0.424 0.478 0.548 3.074 0.548 0.300 0.372 0.336 0.301 0.230
0.353 0.318 0.318 0.336 0.336 0.371 0.371 0.407 0.477 0.548 2.654 0.336 0.407 0.372 0.336 0.230
3.127 0.212 0.194 0.194 0.318 0.177 0.194 0.230 0.230 0.247 0.265 42.351 0.248 0.230 0.195 0.761
0.336 0.283 0.283 0.283 0.300 0.300 0.318 0.318 0.336 0.371 0.406 0.336 2.547 0.478 0.407 0.442
0.265 0.265 0.283 0.283 0.283 0.283 0.300 0.301 0.336 0.353 0.371 0.283 0.478 2.866 0.478 0.336
0.230 0.265 0.247 0.247 0.265 0.265 0.265 0.265 0.300 0.300 0.336 0.247 0.407 0.478 2.441 0.460
0.265 0.247 0.212 0.194 0.194 0.230 0.194 0.195 0.194 0.194 0.230 0.936 0.407 0.336 0.425 38.055
