25.228 0.583 0.442 0.406 0.389 0.353 0.354 0.372 0.354 0.318 0.318 2.317 0.283 0.247 0.248 0.23
0.618 2.226 0.53 0.477 0.406 0.406 0.372 0.354 0.336 0.301 0.301 0.407 0.248 0.247 0.248 0.23
0.459 0.53 2.756 0.53 0.459 0.442 0.407 0.372 0.336 0.301 0.301 0.23 0.265 0.247 0.23 0.194
0.406 0.459 0.548 2.438 0.512 0.459 0.407 0.389 0.354 0.318 0.301 0.248 0.265 0.265 0.248 0.194
0.406 0.424 0.459 0.512 3.074 0.512 0.46 0.407 0.372 0.336 0.301 0.354 0.265 0.247 0.23 0.194
0.371 0.406 0.442 0.459 0.512 2.544 0.513 0.442 0.407 0.354 0.336 0.248 0.265 0.265 0.23 0.212
0.371 0.371 0.406 0.406 0.459 0.512 2.756 0.513 0.442 0.372 0.336 0.265 0.301 0.283 0.248 0.194
0.406 0.336 0.371 0.371 0.406 0.459 0.513 3.29 0.531 0.442 0.372 0.301 0.301 0.3 0.248 0.194
0.353 0.336 0.336 0.353 0.371 0.406 0.442 0.548 2.756 0.513 0.442 0.301 0.336 0.3 0.265 0.194
0.336 0.3 0.3 0.3 0.336 0.353 0.372 0.442 0.513 2.866 0.495 0.318 0.372 0.336 0.301 0.194
0.336 0.3 0.3 0.3 0.3 0.336 0.336 0.372 0.442 0.513 2.65 0.372 0.389 0.371 0.301 0.194
1.784 0.23 0.23 0.212 0.283 0.23 0.23 0.265 0.283 0.301 0.354 42.189 0.318 0.3 0.248 0.318
0.265 0.265 0.265 0.247 0.265 0.265 0.283 0.318 0.336 0.354 0.407 0.354 2.544 0.442 0.389 0.318
0.23 0.247 0.247 0.247 0.265 0.265 0.265 0.301 0.301 0.336 0.372 0.318 0.46 2.756 0.442 0.265
0.23 0.23 0.23 0.23 0.23 0.23 0.248 0.265 0.265 0.301 0.301 0.248 0.372 0.442 2.229 0.318
0.194 0.194 0.194 0.177 0.177 0.194 0.195 0.195 0.195 0.195 0.195 0.425 0.301 0.247 0.318 31.312