2.438 0.83 0.707 0.583 0.495 0.459 0.424 0.389 0.353 0.353 0.354 0.442 0.318 0.283 0.283 0.248
0.848 2.438 0.742 0.618 0.512 0.477 0.442 0.371 0.371 0.353 0.354 0.371 0.3 0.3 0.265 0.248
0.707 0.742 2.756 0.671 0.565 0.495 0.442 0.406 0.371 0.371 0.372 0.424 0.3 0.283 0.265 0.23
0.601 0.618 0.689 2.756 0.618 0.548 0.495 0.442 0.371 0.371 0.372 0.371 0.3 0.283 0.265 0.23
0.53 0.512 0.583 0.654 2.756 0.618 0.53 0.477 0.424 0.371 0.372 0.406 0.318 0.3 0.265 0.23
0.495 0.495 0.512 0.565 0.636 2.438 0.618 0.53 0.477 0.442 0.407 0.353 0.336 0.3 0.265 0.248
0.442 0.442 0.477 0.495 0.548 0.636 2.438 0.654 0.565 0.495 0.46 0.371 0.371 0.336 0.3 0.23
0.406 0.389 0.406 0.442 0.477 0.548 0.654 2.756 0.707 0.618 0.566 0.406 0.406 0.371 0.3 0.23
0.389 0.371 0.371 0.406 0.424 0.477 0.565 0.724 2.547 0.813 0.708 0.459 0.477 0.406 0.336 0.248
0.353 0.353 0.371 0.371 0.371 0.442 0.495 0.618 0.777 2.866 0.885 0.495 0.565 0.495 0.371 0.265
0.353 0.336 0.336 0.336 0.353 0.371 0.442 0.512 0.654 0.866 2.862 0.601 0.671 0.583 0.442 0.265
0.353 0.318 0.353 0.3 0.336 0.3 0.318 0.353 0.389 0.459 0.566 42.189 0.512 0.424 0.336 0.354
0.318 0.3 0.3 0.3 0.3 0.318 0.336 0.389 0.442 0.565 0.708 0.53 2.654 0.795 0.548 0.336
0.318 0.283 0.283 0.3 0.3 0.3 0.336 0.353 0.406 0.495 0.601 0.477 0.795 2.972 0.671 0.318
0.283 0.283 0.265 0.265 0.265 0.265 0.3 0.3 0.336 0.389 0.46 0.371 0.565 0.689 2.866 0.372
0.247 0.247 0.23 0.23 0.23 0.23 0.23 0.23 0.23 0.265 0.283 0.424 0.336 0.318 0.371 22.609