[2.438 0.742 0.724 0.548 0.477 0.425 0.389 0.353 0.318 0.301 0.265 0.353 0.265 0.23 0.212 0.212]
[0.742 2.332 0.777 0.583 0.495 0.442 0.406 0.353 0.318 0.283 0.247 0.283 0.247 0.212 0.212 0.195]
[0.618 0.671 2.756 0.671 0.565 0.478 0.442 0.371 0.336 0.301 0.265 0.353 0.265 0.23 0.212 0.195]
[0.495 0.548 0.742 2.756 0.636 0.548 0.495 0.424 0.336 0.318 0.283 0.3 0.265 0.23 0.212 0.195]
[0.442 0.442 0.618 0.636 2.756 0.619 0.565 0.442 0.389 0.336 0.283 0.336 0.265 0.23 0.212 0.177]
[0.389 0.406 0.53 0.548 0.636 2.544 0.671 0.548 0.442 0.372 0.336 0.283 0.3 0.23 0.23 0.195]
[0.336 0.371 0.459 0.477 0.512 0.637 2.654 0.689 0.53 0.46 0.371 0.3 0.318 0.265 0.23 0.195]
[0.336 0.318 0.406 0.389 0.442 0.495 0.707 2.968 0.742 0.601 0.495 0.336 0.371 0.301 0.248 0.195]
[0.3 0.3 0.353 0.336 0.371 0.442 0.565 0.795 2.756 0.849 0.671 0.406 0.442 0.372 0.301 0.195]
[0.265 0.265 0.336 0.3 0.336 0.372 0.495 0.636 0.848 2.968 0.883 0.459 0.548 0.442 0.336 0.212]
[0.265 0.247 0.3 0.265 0.3 0.318 0.406 0.512 0.671 0.867 2.866 0.53 0.654 0.513 0.372 0.212]
[0.265 0.23 0.318 0.265 0.3 0.23 0.283 0.336 0.371 0.425 0.512 42.189 0.477 0.389 0.301 0.301]
[0.212 0.212 0.247 0.23 0.23 0.248 0.283 0.353 0.406 0.513 0.636 0.459 2.65 0.743 0.513 0.283]
[0.194 0.194 0.23 0.194 0.23 0.212 0.265 0.3 0.353 0.407 0.495 0.389 0.795 2.866 0.619 0.265]
[0.194 0.194 0.194 0.194 0.194 0.195 0.23 0.23 0.265 0.301 0.353 0.3 0.512 0.619 2.862 0.318]
[0.159 0.159 0.194 0.159 0.159 0.177 0.159 0.194 0.194 0.195 0.194 0.318 0.3 0.265 0.318 22.578]