2.862 1.06 0.866 0.725 0.601 0.531 0.46 0.425 0.407 0.389 0.372 0.46 0.336 0.336 0.318 0.283
1.06 2.76 0.972 0.778 0.619 0.548 0.478 0.442 0.389 0.372 0.354 0.407 0.318 0.318 0.301 0.283
0.866 0.989 3.074 0.92 0.708 0.601 0.513 0.442 0.407 0.372 0.372 0.46 0.336 0.336 0.301 0.265
0.707 0.795 0.936 2.866 0.814 0.672 0.566 0.478 0.442 0.389 0.372 0.407 0.336 0.336 0.301 0.265
0.601 0.618 0.707 0.831 2.866 0.761 0.619 0.531 0.46 0.425 0.372 0.407 0.336 0.318 0.301 0.265
0.512 0.565 0.601 0.672 0.761 2.654 0.708 0.566 0.495 0.442 0.407 0.354 0.336 0.336 0.301 0.265
0.459 0.477 0.512 0.566 0.619 0.708 2.547 0.672 0.584 0.495 0.478 0.372 0.372 0.354 0.318 0.265
0.424 0.424 0.442 0.495 0.531 0.584 0.69 2.76 0.708 0.601 0.531 0.407 0.407 0.372 0.336 0.265
0.389 0.389 0.406 0.442 0.478 0.495 0.584 0.725 2.547 0.743 0.619 0.442 0.46 0.425 0.372 0.265
0.371 0.371 0.389 0.407 0.425 0.442 0.495 0.619 0.761 2.76 0.778 0.478 0.531 0.478 0.407 0.265
0.353 0.371 0.371 0.372 0.389 0.407 0.46 0.531 0.619 0.796 2.76 0.566 0.637 0.584 0.478 0.301
0.371 0.353 0.371 0.336 0.372 0.318 0.318 0.354 0.389 0.442 0.531 42.245 0.513 0.442 0.354 0.372
0.318 0.336 0.336 0.336 0.336 0.336 0.372 0.407 0.46 0.513 0.637 0.531 2.76 0.849 0.619 0.372
0.318 0.318 0.318 0.336 0.336 0.336 0.336 0.372 0.425 0.478 0.584 0.478 0.831 2.866 0.814 0.354
0.318 0.3 0.3 0.301 0.301 0.301 0.336 0.336 0.372 0.407 0.478 0.407 0.637 0.796 2.76 0.407
0.265 0.283 0.247 0.265 0.248 0.265 0.265 0.265 0.265 0.265 0.283 0.425 0.336 0.336 0.389 22.609