22.502 0.548 0.548 0.46 0.442 0.407 0.389 0.372 0.354 0.336 0.354 1.822 0.283 0.283 0.248 0.248
0.548 2.229 0.566 0.513 0.46 0.442 0.389 0.372 0.336 0.336 0.301 0.354 0.265 0.248 0.248 0.195
0.531 0.566 2.654 0.584 0.513 0.478 0.442 0.407 0.372 0.336 0.336 0.407 0.265 0.265 0.23 0.195
0.46 0.513 0.601 2.547 0.584 0.513 0.478 0.407 0.389 0.372 0.336 0.318 0.283 0.265 0.23 0.195
0.46 0.46 0.513 0.601 3.184 0.601 0.513 0.46 0.425 0.389 0.372 0.389 0.301 0.265 0.265 0.195
0.407 0.425 0.46 0.513 0.584 2.547 0.584 0.513 0.46 0.442 0.407 0.318 0.301 0.301 0.265 0.212
0.389 0.389 0.425 0.478 0.513 0.584 2.547 0.601 0.513 0.478 0.442 0.336 0.336 0.301 0.265 0.195
0.389 0.372 0.389 0.425 0.46 0.513 0.584 3.078 0.619 0.566 0.495 0.372 0.372 0.336 0.301 0.195
0.354 0.354 0.354 0.389 0.425 0.478 0.513 0.637 2.76 0.655 0.584 0.407 0.407 0.372 0.301 0.212
0.336 0.318 0.354 0.372 0.389 0.442 0.478 0.548 0.655 2.972 0.672 0.442 0.442 0.407 0.336 0.212
0.336 0.318 0.318 0.354 0.354 0.407 0.442 0.495 0.566 0.672 2.76 0.478 0.513 0.442 0.372 0.23
1.362 0.283 0.336 0.301 0.336 0.301 0.318 0.354 0.389 0.425 0.495 42.245 0.46 0.407 0.318 0.283
0.248 0.265 0.283 0.283 0.301 0.318 0.354 0.372 0.407 0.46 0.513 0.442 2.654 0.619 0.478 0.283
0.265 0.248 0.265 0.283 0.283 0.301 0.301 0.336 0.372 0.407 0.478 0.407 0.619 2.972 0.619 0.283
0.23 0.248 0.248 0.248 0.248 0.265 0.265 0.301 0.301 0.336 0.372 0.336 0.478 0.619 2.654 0.318
0.265 0.212 0.195 0.195 0.195 0.212 0.195 0.195 0.195 0.212 0.23 0.336 0.283 0.265 0.318 26.005