22.396 0.566 0.548 0.478 0.46 0.425 0.407 0.407 0.389 0.354 0.354 1.964 0.301 0.283 0.283 0.265
0.584 2.229 0.601 0.513 0.478 0.442 0.407 0.407 0.372 0.354 0.336 0.389 0.301 0.265 0.248 0.23
0.566 0.619 2.654 0.619 0.548 0.495 0.442 0.407 0.407 0.372 0.336 0.442 0.301 0.283 0.265 0.23
0.478 0.531 0.619 2.547 0.619 0.548 0.495 0.442 0.407 0.389 0.372 0.354 0.301 0.301 0.265 0.212
0.46 0.495 0.548 0.637 3.184 0.619 0.566 0.495 0.46 0.407 0.372 0.425 0.301 0.301 0.265 0.212
0.425 0.442 0.495 0.548 0.619 2.654 0.619 0.548 0.495 0.46 0.407 0.354 0.336 0.301 0.265 0.23
0.425 0.407 0.442 0.495 0.548 0.637 2.654 0.619 0.566 0.513 0.442 0.372 0.336 0.336 0.301 0.23
0.407 0.407 0.407 0.442 0.478 0.548 0.637 3.078 0.672 0.584 0.513 0.389 0.372 0.354 0.301 0.212
0.389 0.372 0.389 0.407 0.442 0.495 0.566 0.69 2.76 0.672 0.601 0.425 0.425 0.407 0.336 0.23
0.354 0.336 0.372 0.389 0.425 0.46 0.495 0.584 0.69 3.078 0.672 0.442 0.478 0.442 0.354 0.23
0.354 0.336 0.336 0.354 0.372 0.407 0.46 0.531 0.601 0.69 2.76 0.495 0.531 0.478 0.372 0.23
1.433 0.301 0.372 0.318 0.372 0.318 0.336 0.372 0.407 0.425 0.495 42.245 0.46 0.407 0.336 0.301
0.23 0.283 0.283 0.301 0.318 0.336 0.354 0.389 0.425 0.478 0.531 0.46 2.654 0.637 0.478 0.301
0.283 0.283 0.283 0.301 0.301 0.318 0.336 0.372 0.389 0.442 0.478 0.425 0.637 2.972 0.601 0.283
0.265 0.265 0.265 0.265 0.265 0.283 0.301 0.301 0.336 0.372 0.372 0.354 0.478 0.619 2.654 0.318
0.248 0.23 0.212 0.212 0.195 0.23 0.23 0.23 0.23 0.23 0.23 0.354 0.301 0.283 0.318 25.793