25.546 1.378 1.325 1.166 1.060 0.954 0.866 0.813 0.742 0.671 0.654 1.908 0.548 0.530 0.459 0.406
1.431 3.498 1.466 1.325 1.166 1.025 0.901 0.813 0.742 0.689 0.636 0.565 0.548 0.512 0.477 0.371
1.325 1.484 3.922 1.413 1.254 1.095 0.972 0.866 0.777 0.724 0.671 0.654 0.565 0.530 0.477 0.371
1.148 1.325 1.449 3.710 1.360 1.166 1.042 0.919 0.813 0.742 0.689 0.636 0.583 0.548 0.477 0.371
1.095 1.148 1.254 1.378 4.240 1.290 1.095 0.954 0.883 0.795 0.724 0.724 0.583 0.548 0.477 0.371
0.972 1.042 1.095 1.166 1.307 3.604 1.219 1.042 0.936 0.848 0.777 0.618 0.601 0.565 0.495 0.371
0.866 0.901 0.972 1.025 1.095 1.237 3.816 1.166 1.042 0.919 0.830 0.636 0.618 0.583 0.495 0.371
0.830 0.813 0.848 0.901 0.954 1.060 1.184 4.346 1.148 1.007 0.883 0.671 0.654 0.601 0.512 0.371
0.742 0.742 0.777 0.813 0.883 0.936 1.042 1.184 3.498 1.095 0.954 0.671 0.707 0.618 0.530 0.371
0.689 0.689 0.724 0.742 0.795 0.848 0.919 1.025 1.131 3.604 1.060 0.707 0.742 0.671 0.548 0.371
0.671 0.618 0.654 0.707 0.724 0.760 0.813 0.883 0.954 1.060 3.286 0.777 0.795 0.724 0.583 0.371
1.502 0.530 0.548 0.530 0.601 0.548 0.548 0.601 0.601 0.654 0.724 42.189 0.636 0.565 0.459 0.406
0.530 0.548 0.565 0.583 0.601 0.618 0.636 0.671 0.707 0.760 0.813 0.707 3.180 0.901 0.707 0.442
0.512 0.512 0.530 0.548 0.548 0.583 0.583 0.618 0.636 0.689 0.724 0.618 0.919 3.710 0.848 0.424
0.459 0.477 0.495 0.477 0.495 0.495 0.512 0.512 0.548 0.565 0.583 0.495 0.689 0.883 3.286 0.477
0.406 0.371 0.353 0.353 0.371 0.371 0.371 0.371 0.371 0.371 0.371 0.442 0.442 0.406 0.459 24.698
