24.380 1.237 1.148 1.007 0.936 0.848 0.760 0.707 0.636 0.601 0.583 1.890 0.442 0.406 0.353 0.318
1.272 3.180 1.307 1.166 1.060 0.936 0.830 0.707 0.636 0.583 0.548 0.477 0.424 0.406 0.353 0.301
1.148 1.325 3.710 1.325 1.166 1.042 0.919 0.777 0.707 0.618 0.583 0.601 0.442 0.406 0.336 0.265
0.989 1.184 1.360 3.392 1.325 1.148 1.007 0.848 0.760 0.671 0.601 0.548 0.459 0.406 0.353 0.265
0.936 1.042 1.166 1.325 4.028 1.272 1.095 0.919 0.795 0.707 0.618 0.654 0.477 0.442 0.371 0.265
0.848 0.936 1.060 1.148 1.272 3.498 1.166 0.989 0.866 0.777 0.671 0.530 0.495 0.442 0.371 0.301
0.777 0.830 0.936 1.007 1.095 1.184 3.498 1.095 0.954 0.848 0.724 0.548 0.512 0.459 0.371 0.265
0.707 0.707 0.795 0.848 0.919 1.007 1.131 4.028 1.095 0.954 0.830 0.583 0.565 0.495 0.406 0.283
0.654 0.636 0.707 0.760 0.813 0.866 0.954 1.095 3.286 1.095 0.919 0.601 0.618 0.548 0.442 0.283
0.601 0.618 0.636 0.689 0.707 0.777 0.830 0.954 1.078 3.604 1.078 0.636 0.689 0.601 0.477 0.301
0.583 0.548 0.583 0.618 0.636 0.671 0.742 0.830 0.936 1.060 3.392 0.742 0.777 0.671 0.495 0.301
1.431 0.442 0.477 0.477 0.548 0.477 0.477 0.530 0.565 0.618 0.707 42.245 0.618 0.530 0.389 0.318
0.424 0.424 0.442 0.459 0.477 0.477 0.512 0.565 0.636 0.707 0.777 0.654 3.074 0.866 0.618 0.389
0.389 0.406 0.406 0.424 0.442 0.459 0.477 0.512 0.548 0.618 0.671 0.565 0.866 3.604 0.777 0.354
0.336 0.336 0.353 0.353 0.371 0.371 0.371 0.406 0.442 0.477 0.512 0.424 0.618 0.795 3.286 0.389
0.300 0.265 0.265 0.265 0.265 0.300 0.265 0.265 0.265 0.265 0.300 0.353 0.371 0.336 0.389 24.274
