23.214 0.724 0.689 0.601 0.565 0.512 0.477 0.459 0.424 0.389 0.389 1.784 0.318 0.3 0.247 0.247
0.724 2.438 0.777 0.654 0.601 0.548 0.495 0.442 0.406 0.371 0.353 0.283 0.3 0.3 0.265 0.212
0.654 0.777 2.968 0.777 0.689 0.618 0.548 0.495 0.442 0.406 0.371 0.424 0.3 0.3 0.265 0.212
0.618 0.671 0.777 2.756 0.795 0.689 0.618 0.53 0.477 0.442 0.406 0.371 0.318 0.3 0.265 0.194
0.636 0.583 0.671 0.777 3.18 0.777 0.671 0.583 0.512 0.477 0.406 0.459 0.318 0.3 0.265 0.194
0.618 0.53 0.601 0.671 0.795 2.862 0.777 0.636 0.565 0.495 0.442 0.353 0.336 0.3 0.265 0.212
0.618 0.477 0.53 0.601 0.671 0.795 2.968 0.742 0.618 0.565 0.495 0.371 0.353 0.336 0.265 0.194
0.618 0.424 0.477 0.53 0.583 0.636 0.76 3.392 0.76 0.654 0.565 0.406 0.371 0.353 0.3 0.194
0.618 0.371 0.424 0.459 0.512 0.548 0.618 0.76 2.65 0.777 0.654 0.424 0.442 0.371 0.3 0.212
0.618 0.353 0.389 0.406 0.459 0.512 0.548 0.618 0.795 3.074 0.795 0.459 0.477 0.406 0.318 0.212
0.618 0.318 0.371 0.371 0.424 0.442 0.495 0.565 0.654 0.795 2.968 0.548 0.565 0.477 0.353 0.212
1.325 0.3 0.336 0.318 0.371 0.318 0.318 0.371 0.389 0.424 0.512 42.189 0.477 0.389 0.283 0.3
0.459 0.3 0.283 0.3 0.318 0.336 0.353 0.371 0.424 0.477 0.565 0.495 2.968 0.724 0.477 0.283
0.548 0.318 0.265 0.265 0.3 0.3 0.318 0.353 0.371 0.424 0.477 0.424 0.724 3.18 0.618 0.265
0.565 0.3 0.23 0.23 0.247 0.265 0.265 0.283 0.3 0.318 0.353 0.318 0.477 0.618 3.18 0.336
0.565 0.3 0.177 0.194 0.194 0.212 0.194 0.194 0.194 0.212 0.212 0.353 0.283 0.265 0.318 23.85