22.396 0.566 0.566 0.478 0.495 0.46 0.442 0.425 0.407 0.389 0.407 1.734 0.336 0.318 0.301 0.283
0.601 2.229 0.601 0.531 0.513 0.495 0.46 0.407 0.389 0.372 0.372 0.318 0.336 0.301 0.301 0.248
0.566 0.619 2.76 0.619 0.566 0.513 0.495 0.442 0.407 0.407 0.372 0.425 0.336 0.301 0.301 0.248
0.495 0.531 0.637 2.547 0.619 0.566 0.513 0.478 0.442 0.407 0.407 0.354 0.336 0.336 0.301 0.248
0.478 0.495 0.548 0.619 2.972 0.619 0.566 0.495 0.478 0.442 0.407 0.425 0.336 0.336 0.301 0.248
0.442 0.46 0.495 0.548 0.637 2.654 0.619 0.548 0.495 0.478 0.442 0.354 0.372 0.336 0.301 0.265
0.425 0.442 0.478 0.495 0.566 0.637 2.654 0.619 0.566 0.495 0.478 0.372 0.372 0.372 0.318 0.248
0.442 0.407 0.425 0.442 0.495 0.566 0.637 3.078 0.655 0.584 0.513 0.407 0.425 0.372 0.336 0.248
0.389 0.372 0.407 0.425 0.478 0.513 0.566 0.655 2.76 0.672 0.601 0.442 0.46 0.407 0.372 0.248
0.372 0.372 0.372 0.407 0.442 0.478 0.513 0.584 0.69 2.972 0.69 0.478 0.513 0.478 0.372 0.265
0.389 0.336 0.372 0.372 0.407 0.442 0.495 0.513 0.601 0.69 2.76 0.531 0.584 0.513 0.425 0.265
1.274 0.301 0.354 0.318 0.389 0.354 0.354 0.389 0.425 0.478 0.548 42.245 0.495 0.442 0.354 0.318
0.283 0.301 0.318 0.336 0.354 0.372 0.389 0.425 0.46 0.513 0.601 0.513 2.76 0.672 0.531 0.336
0.301 0.301 0.301 0.318 0.336 0.354 0.372 0.389 0.425 0.478 0.548 0.46 0.69 3.078 0.672 0.318
0.283 0.301 0.283 0.301 0.301 0.336 0.336 0.336 0.372 0.407 0.442 0.372 0.531 0.69 2.654 0.354
0.283 0.23 0.23 0.23 0.23 0.265 0.265 0.265 0.265 0.265 0.265 0.354 0.336 0.301 0.354 25.793