24.486 1.184 1.095 0.954 0.901 0.795 0.724 0.671 0.618 0.583 0.548 1.855 0.424 0.389 0.353 0.283
1.201 3.074 1.29 1.131 1.025 0.901 0.795 0.707 0.618 0.583 0.53 0.459 0.406 0.371 0.336 0.265
1.095 1.29 3.604 1.307 1.148 1.025 0.901 0.777 0.671 0.618 0.565 0.565 0.442 0.406 0.336 0.265
0.972 1.131 1.325 3.392 1.29 1.148 0.989 0.83 0.742 0.654 0.601 0.53 0.442 0.406 0.353 0.265
0.919 1.007 1.148 1.307 4.028 1.254 1.078 0.901 0.777 0.707 0.618 0.636 0.477 0.424 0.353 0.247
0.813 0.901 1.025 1.131 1.254 3.498 1.166 0.972 0.848 0.742 0.654 0.53 0.477 0.442 0.371 0.283
0.742 0.813 0.901 0.989 1.078 1.184 3.498 1.095 0.919 0.813 0.707 0.53 0.495 0.477 0.371 0.265
0.707 0.689 0.777 0.83 0.901 0.989 1.078 3.922 1.078 0.919 0.813 0.583 0.565 0.495 0.406 0.265
0.618 0.618 0.671 0.742 0.777 0.848 0.919 1.078 3.286 1.078 0.919 0.601 0.618 0.548 0.442 0.265
0.565 0.583 0.618 0.654 0.707 0.76 0.813 0.919 1.06 3.604 1.042 0.636 0.671 0.618 0.477 0.283
0.565 0.512 0.565 0.583 0.618 0.654 0.707 0.813 0.919 1.06 3.392 0.724 0.777 0.671 0.495 0.283
1.378 0.406 0.477 0.442 0.512 0.477 0.477 0.512 0.548 0.583 0.707 42.189 0.636 0.53 0.406 0.318
0.406 0.424 0.424 0.459 0.477 0.477 0.512 0.548 0.636 0.689 0.777 0.654 2.968 0.866 0.636 0.371
0.406 0.371 0.389 0.406 0.424 0.442 0.459 0.495 0.548 0.618 0.671 0.565 0.866 3.498 0.777 0.318
0.336 0.336 0.353 0.353 0.371 0.371 0.371 0.406 0.442 0.477 0.512 0.424 0.618 0.795 3.392 0.389
0.265 0.265 0.247 0.23 0.265 0.265 0.265 0.265 0.265 0.265 0.265 0.353 0.353 0.318 0.371 24.274