24.486 1.219 1.131 0.989 0.936 0.83 0.777 0.724 0.636 0.583 0.601 1.89 0.459 0.424 0.389 0.336
1.254 3.18 1.307 1.166 1.042 0.936 0.83 0.724 0.636 0.601 0.565 0.495 0.442 0.442 0.371 0.3
1.113 1.325 3.71 1.325 1.166 1.042 0.919 0.813 0.707 0.618 0.601 0.601 0.477 0.442 0.371 0.3
1.007 1.166 1.343 3.392 1.307 1.166 1.007 0.866 0.76 0.671 0.618 0.548 0.477 0.442 0.371 0.3
0.936 1.042 1.166 1.325 4.028 1.254 1.095 0.919 0.813 0.707 0.654 0.654 0.477 0.459 0.371 0.3
0.848 0.919 1.042 1.148 1.272 3.498 1.184 1.007 0.866 0.777 0.707 0.548 0.512 0.477 0.406 0.318
0.777 0.83 0.919 1.007 1.078 1.201 3.498 1.095 0.954 0.83 0.742 0.565 0.548 0.495 0.406 0.3
0.742 0.707 0.777 0.866 0.919 0.989 1.131 4.028 1.095 0.954 0.83 0.601 0.583 0.53 0.424 0.3
0.654 0.654 0.707 0.742 0.813 0.883 0.954 1.131 3.286 1.078 0.954 0.618 0.618 0.565 0.459 0.3
0.601 0.618 0.636 0.671 0.707 0.777 0.848 0.954 1.113 3.604 1.078 0.671 0.724 0.618 0.495 0.3
0.601 0.548 0.583 0.618 0.654 0.689 0.742 0.813 0.936 1.06 3.392 0.742 0.795 0.707 0.53 0.336
1.413 0.442 0.495 0.459 0.53 0.477 0.495 0.53 0.565 0.601 0.724 42.189 0.636 0.53 0.406 0.336
0.442 0.459 0.459 0.477 0.477 0.512 0.53 0.601 0.636 0.689 0.813 0.689 3.18 0.883 0.636 0.406
0.442 0.406 0.424 0.442 0.442 0.477 0.477 0.512 0.565 0.618 0.707 0.583 0.901 3.604 0.813 0.371
0.371 0.371 0.371 0.371 0.371 0.389 0.406 0.442 0.442 0.477 0.548 0.442 0.636 0.83 3.286 0.424
0.318 0.3 0.283 0.283 0.283 0.3 0.3 0.3 0.3 0.3 0.318 0.371 0.371 0.353 0.424 24.274