23.214 0.795 0.742 0.636 0.601 0.548 0.53 0.495 0.459 0.424 0.424 1.767 0.353 0.353 0.318 0.318
0.813 2.544 0.83 0.724 0.636 0.601 0.53 0.477 0.442 0.424 0.406 0.3 0.353 0.336 0.318 0.265
0.742 0.848 2.968 0.83 0.742 0.654 0.583 0.512 0.477 0.442 0.406 0.442 0.353 0.336 0.3 0.265
0.636 0.742 0.848 2.968 0.848 0.742 0.636 0.565 0.512 0.477 0.442 0.406 0.371 0.353 0.318 0.265
0.618 0.654 0.742 0.83 3.286 0.83 0.707 0.618 0.548 0.495 0.459 0.495 0.371 0.353 0.3 0.265
0.548 0.583 0.654 0.724 0.83 2.862 0.813 0.671 0.601 0.53 0.495 0.389 0.371 0.371 0.318 0.265
0.512 0.53 0.583 0.636 0.707 0.813 3.074 0.777 0.654 0.583 0.53 0.406 0.406 0.371 0.336 0.265
0.512 0.495 0.512 0.548 0.618 0.671 0.795 3.392 0.777 0.671 0.601 0.442 0.442 0.406 0.336 0.265
0.459 0.442 0.477 0.495 0.548 0.601 0.654 0.795 2.65 0.813 0.689 0.459 0.477 0.442 0.336 0.265
0.442 0.406 0.442 0.477 0.495 0.53 0.583 0.671 0.795 3.074 0.813 0.495 0.53 0.477 0.371 0.265
0.442 0.406 0.406 0.424 0.442 0.495 0.512 0.601 0.671 0.795 2.968 0.565 0.618 0.512 0.389 0.283
1.343 0.318 0.371 0.353 0.424 0.353 0.353 0.389 0.424 0.477 0.548 42.189 0.512 0.424 0.318 0.353
0.336 0.353 0.353 0.353 0.371 0.389 0.424 0.442 0.477 0.53 0.618 0.53 2.862 0.76 0.512 0.336
0.336 0.336 0.336 0.336 0.353 0.371 0.371 0.389 0.442 0.477 0.53 0.459 0.777 3.18 0.618 0.318
0.3 0.318 0.3 0.3 0.3 0.318 0.336 0.336 0.353 0.371 0.389 0.353 0.512 0.636 3.18 0.406
0.283 0.265 0.265 0.247 0.265 0.265 0.265 0.265 0.265 0.265 0.265 0.406 0.336 0.318 0.389 24.274