25.122 1.113 1.060 0.919 0.866 0.795 0.760 0.724 0.636 0.601 0.601 1.890 0.477 0.459 0.389 0.353
1.060 3.074 1.237 1.078 0.954 0.883 0.795 0.724 0.654 0.618 0.583 0.495 0.477 0.459 0.406 0.318
0.989 1.219 3.710 1.254 1.095 1.025 0.919 0.813 0.742 0.654 0.618 0.583 0.495 0.477 0.406 0.300
0.848 1.060 1.272 3.392 1.290 1.148 1.025 0.883 0.795 0.707 0.654 0.565 0.512 0.477 0.406 0.300
0.795 0.954 1.095 1.272 4.240 1.254 1.095 0.954 0.848 0.742 0.671 0.671 0.512 0.477 0.406 0.300
0.707 0.848 0.989 1.095 1.254 3.604 1.166 1.042 0.901 0.813 0.724 0.583 0.548 0.495 0.406 0.300
0.654 0.777 0.883 0.972 1.078 1.201 3.604 1.095 0.972 0.848 0.777 0.583 0.548 0.495 0.406 0.300
0.601 0.689 0.777 0.866 0.936 1.025 1.131 4.134 1.060 0.919 0.813 0.601 0.583 0.512 0.406 0.300
0.495 0.618 0.707 0.777 0.830 0.901 0.954 1.060 3.286 1.042 0.901 0.601 0.618 0.548 0.406 0.300
0.442 0.601 0.654 0.707 0.760 0.813 0.883 0.936 1.060 3.604 1.025 0.654 0.654 0.583 0.442 0.300
0.442 0.565 0.618 0.654 0.671 0.742 0.777 0.848 0.919 1.007 3.286 0.742 0.742 0.654 0.477 0.300
1.484 0.442 0.495 0.477 0.565 0.512 0.530 0.565 0.565 0.583 0.689 42.189 0.565 0.512 0.353 0.353
0.265 0.459 0.495 0.512 0.530 0.565 0.601 0.601 0.636 0.671 0.742 0.636 3.074 0.813 0.548 0.371
0.283 0.442 0.459 0.477 0.477 0.512 0.512 0.548 0.583 0.583 0.636 0.530 0.830 4.028 0.636 0.353
0.265 0.371 0.389 0.406 0.406 0.424 0.424 0.424 0.442 0.442 0.477 0.389 0.548 0.636 3.922 0.424
0.283 0.300 0.283 0.300 0.300 0.336 0.300 0.300 0.300 0.300 0.300 0.389 0.371 0.336 0.424 24.698
