23.638 0.742 0.689 0.583 0.565 0.512 0.477 0.477 0.424 0.389 0.389 1.767 0.318 0.3 0.283 0.247
0.742 2.544 0.777 0.654 0.601 0.548 0.477 0.459 0.406 0.371 0.353 0.283 0.3 0.283 0.265 0.23
0.689 0.777 3.18 0.777 0.671 0.618 0.548 0.495 0.442 0.406 0.371 0.424 0.3 0.3 0.265 0.212
0.618 0.671 0.777 2.756 0.777 0.671 0.601 0.548 0.477 0.442 0.406 0.353 0.3 0.3 0.265 0.212
0.583 0.601 0.671 0.777 3.18 0.777 0.654 0.583 0.512 0.442 0.406 0.459 0.336 0.3 0.265 0.23
0.512 0.548 0.601 0.671 0.76 2.756 0.742 0.654 0.565 0.495 0.442 0.353 0.336 0.3 0.265 0.23
0.477 0.495 0.53 0.601 0.654 0.76 2.968 0.742 0.618 0.548 0.495 0.353 0.353 0.318 0.283 0.23
0.477 0.442 0.477 0.512 0.583 0.618 0.724 3.286 0.742 0.618 0.548 0.406 0.371 0.336 0.283 0.23
0.424 0.406 0.442 0.477 0.495 0.548 0.618 0.76 2.65 0.76 0.636 0.406 0.442 0.371 0.3 0.23
0.406 0.371 0.406 0.424 0.442 0.495 0.548 0.636 0.777 3.074 0.777 0.442 0.477 0.406 0.318 0.23
0.406 0.353 0.371 0.389 0.406 0.442 0.477 0.583 0.636 0.76 2.862 0.53 0.565 0.477 0.336 0.23
1.343 0.3 0.353 0.318 0.371 0.318 0.318 0.389 0.389 0.424 0.512 42.189 0.477 0.389 0.283 0.318
0.318 0.3 0.3 0.318 0.336 0.336 0.353 0.424 0.424 0.495 0.565 0.495 2.756 0.724 0.459 0.3
0.3 0.3 0.3 0.3 0.3 0.318 0.336 0.371 0.389 0.424 0.477 0.406 0.724 3.18 0.583 0.283
0.265 0.265 0.265 0.265 0.265 0.265 0.265 0.3 0.3 0.318 0.353 0.318 0.459 0.583 3.18 0.353
0.247 0.23 0.194 0.194 0.194 0.212 0.194 0.23 0.212 0.23 0.23 0.353 0.3 0.265 0.353 23.744