2.862 1.184 1.061 0.989 0.883 0.813 0.761 0.708 0.655 0.637 0.566 0.601 0.46 0.442 0.407 0.318
1.184 2.862 1.15 0.989 0.883 0.83 0.778 0.708 0.655 0.619 0.566 0.531 0.442 0.407 0.372 0.318
1.06 1.148 3.286 1.095 0.989 0.883 0.814 0.743 0.708 0.655 0.584 0.601 0.46 0.407 0.372 0.301
0.954 1.007 1.132 3.18 1.095 0.954 0.867 0.778 0.743 0.672 0.601 0.548 0.46 0.407 0.372 0.301
0.883 0.883 0.991 1.078 3.286 1.042 0.92 0.831 0.761 0.672 0.619 0.601 0.478 0.407 0.372 0.301
0.813 0.83 0.902 0.972 1.06 2.866 0.973 0.867 0.778 0.708 0.619 0.513 0.478 0.425 0.372 0.301
0.742 0.777 0.831 0.883 0.936 1.007 2.866 0.955 0.831 0.778 0.672 0.531 0.495 0.442 0.372 0.301
0.707 0.707 0.778 0.795 0.83 0.883 0.955 3.184 0.955 0.831 0.743 0.566 0.531 0.46 0.389 0.301
0.654 0.671 0.708 0.742 0.777 0.777 0.849 0.973 2.654 0.92 0.796 0.566 0.566 0.495 0.407 0.301
0.618 0.618 0.655 0.689 0.707 0.707 0.761 0.849 0.938 2.866 0.902 0.584 0.601 0.513 0.442 0.301
0.583 0.583 0.601 0.618 0.618 0.618 0.672 0.743 0.814 0.92 2.866 0.637 0.672 0.566 0.442 0.301
0.495 0.477 0.513 0.495 0.512 0.477 0.478 0.513 0.513 0.548 0.601 42.245 0.531 0.442 0.354 0.372
0.442 0.459 0.46 0.477 0.477 0.477 0.495 0.513 0.548 0.601 0.637 0.566 2.862 0.725 0.548 0.372
0.424 0.406 0.425 0.442 0.442 0.442 0.442 0.478 0.478 0.513 0.584 0.478 0.708 3.078 0.672 0.336
0.371 0.371 0.372 0.371 0.371 0.371 0.372 0.407 0.407 0.442 0.46 0.389 0.548 0.708 2.654 0.372
0.3 0.3 0.301 0.3 0.3 0.3 0.301 0.301 0.301 0.301 0.301 0.425 0.372 0.336 0.389 23.882
