25.228 2.120 1.996 1.696 1.484 1.307 1.184 1.060 0.936 0.813 0.760 1.908 0.530 0.495 0.442 0.371
2.155 4.240 2.244 1.926 1.625 1.413 1.254 1.078 0.936 0.813 0.724 0.689 0.530 0.495 0.442 0.353
1.996 2.261 4.876 2.120 1.784 1.555 1.378 1.166 1.007 0.883 0.777 0.777 0.548 0.495 0.442 0.353
1.696 1.943 2.138 4.346 1.979 1.678 1.466 1.254 1.078 0.936 0.813 0.760 0.565 0.512 0.477 0.353
1.502 1.625 1.784 1.979 4.558 1.837 1.590 1.343 1.148 0.989 0.866 0.848 0.601 0.548 0.477 0.336
1.307 1.413 1.555 1.678 1.837 4.028 1.784 1.484 1.254 1.078 0.919 0.742 0.618 0.565 0.495 0.371
1.166 1.254 1.378 1.466 1.590 1.784 4.134 1.643 1.378 1.148 0.972 0.742 0.654 0.601 0.512 0.371
1.095 1.078 1.166 1.254 1.343 1.484 1.661 4.452 1.555 1.272 1.095 0.795 0.707 0.618 0.512 0.353
0.936 0.919 1.007 1.078 1.148 1.254 1.378 1.555 3.922 1.413 1.166 0.795 0.742 0.671 0.565 0.371
0.830 0.813 0.883 0.936 0.989 1.078 1.166 1.290 1.449 3.922 1.325 0.830 0.830 0.724 0.601 0.371
0.777 0.724 0.777 0.813 0.866 0.919 0.989 1.078 1.166 1.343 3.498 0.901 0.919 0.813 0.618 0.371
1.484 0.583 0.654 0.636 0.707 0.636 0.654 0.689 0.707 0.742 0.848 42.189 0.707 0.583 0.477 0.389
0.530 0.530 0.565 0.583 0.618 0.636 0.671 0.724 0.777 0.848 0.936 0.760 3.286 0.972 0.760 0.442
0.495 0.477 0.495 0.512 0.548 0.583 0.583 0.636 0.671 0.724 0.795 0.636 0.989 3.286 0.919 0.424
0.424 0.442 0.442 0.442 0.477 0.495 0.512 0.512 0.565 0.601 0.636 0.512 0.760 0.919 2.862 0.459
0.371 0.336 0.336 0.336 0.336 0.336 0.336 0.336 0.336 0.353 0.353 0.442 0.406 0.389 0.459 24.062
