25.758 2.014 1.908 1.625 1.449 1.307 1.166 1.042 0.919 0.813 0.777 2.085 0.565 0.53 0.459 0.406
2.067 4.24 2.173 1.855 1.59 1.413 1.254 1.078 0.936 0.813 0.724 0.724 0.548 0.512 0.477 0.371
1.908 2.208 4.77 2.085 1.749 1.572 1.378 1.148 1.007 0.883 0.777 0.848 0.565 0.53 0.477 0.371
1.643 1.855 2.102 4.24 1.943 1.714 1.484 1.254 1.078 0.936 0.813 0.777 0.583 0.548 0.495 0.371
1.466 1.572 1.749 1.961 4.558 1.873 1.625 1.343 1.148 0.989 0.866 0.848 0.601 0.565 0.495 0.371
1.307 1.413 1.572 1.696 1.89 4.134 1.749 1.449 1.219 1.042 0.919 0.76 0.618 0.601 0.512 0.371
1.166 1.254 1.378 1.484 1.625 1.784 4.134 1.572 1.325 1.095 0.972 0.76 0.654 0.601 0.53 0.371
1.078 1.078 1.148 1.237 1.343 1.449 1.608 4.558 1.484 1.254 1.042 0.795 0.707 0.654 0.565 0.371
0.919 0.919 0.989 1.06 1.148 1.219 1.307 1.502 3.71 1.378 1.148 0.777 0.742 0.707 0.583 0.371
0.83 0.83 0.883 0.936 0.989 1.042 1.095 1.254 1.431 3.922 1.307 0.795 0.83 0.742 0.618 0.371
0.777 0.742 0.777 0.813 0.848 0.919 0.972 1.06 1.166 1.307 3.498 0.883 0.901 0.83 0.671 0.371
1.59 0.601 0.671 0.636 0.707 0.636 0.654 0.689 0.707 0.724 0.83 42.189 0.689 0.601 0.495 0.424
0.53 0.548 0.565 0.583 0.618 0.636 0.636 0.689 0.777 0.813 0.919 0.724 3.074 0.954 0.795 0.459
0.512 0.512 0.53 0.548 0.565 0.583 0.618 0.636 0.689 0.742 0.795 0.636 0.972 3.18 0.883 0.442
0.459 0.459 0.459 0.477 0.495 0.512 0.512 0.548 0.583 0.618 0.671 0.53 0.777 0.919 2.862 0.477
0.371 0.371 0.353 0.336 0.353 0.371 0.371 0.371 0.371 0.371 0.371 0.477 0.442 0.424 0.459 24.062