25.122 0.972 0.813 0.618 0.548 0.477 0.424 0.424 0.371 0.336 0.353 1.696 0.265 0.283 0.23 0.212
0.989 3.074 1.007 0.795 0.654 0.548 0.477 0.406 0.353 0.336 0.3 0.265 0.265 0.247 0.23 0.194
0.83 1.007 3.392 0.954 0.777 0.636 0.53 0.442 0.406 0.371 0.336 0.371 0.265 0.265 0.23 0.177
0.636 0.795 0.954 3.074 0.919 0.742 0.601 0.495 0.442 0.389 0.371 0.353 0.265 0.265 0.23 0.177
0.583 0.636 0.777 0.901 3.604 0.848 0.671 0.548 0.477 0.424 0.371 0.442 0.3 0.265 0.23 0.177
0.495 0.548 0.636 0.742 0.848 2.968 0.777 0.618 0.53 0.459 0.406 0.336 0.3 0.283 0.23 0.194
0.442 0.459 0.53 0.618 0.671 0.795 3.18 0.742 0.601 0.495 0.442 0.336 0.3 0.3 0.247 0.177
0.424 0.389 0.442 0.495 0.565 0.618 0.742 3.71 0.76 0.618 0.548 0.371 0.353 0.318 0.247 0.194
0.371 0.353 0.406 0.442 0.477 0.512 0.601 0.777 3.074 0.777 0.636 0.406 0.406 0.371 0.265 0.177
0.353 0.318 0.353 0.389 0.406 0.459 0.495 0.618 0.76 3.286 0.813 0.459 0.477 0.406 0.3 0.194
0.371 0.318 0.336 0.353 0.371 0.406 0.442 0.548 0.636 0.813 3.18 0.601 0.618 0.512 0.353 0.194
1.254 0.265 0.318 0.283 0.353 0.283 0.283 0.353 0.389 0.442 0.583 42.189 0.53 0.442 0.283 0.23
0.265 0.247 0.265 0.283 0.265 0.3 0.3 0.353 0.389 0.477 0.618 0.565 3.074 0.866 0.512 0.283
0.247 0.23 0.23 0.247 0.265 0.265 0.283 0.3 0.336 0.406 0.512 0.442 0.83 3.71 0.689 0.265
0.212 0.212 0.194 0.212 0.212 0.212 0.23 0.23 0.265 0.283 0.336 0.3 0.495 0.689 3.392 0.336
0.194 0.177 0.159 0.159 0.159 0.177 0.159 0.159 0.159 0.159 0.194 0.265 0.265 0.265 0.336 24.274