24.91 2.067 1.961 1.714 1.555 1.413 1.29 1.184 1.025 0.919 0.883 1.996 0.636 0.601 0.53 0.442
2.067 4.028 2.191 1.926 1.731 1.555 1.396 1.184 1.06 0.936 0.83 0.76 0.636 0.583 0.53 0.406
1.943 2.208 4.558 2.102 1.855 1.678 1.466 1.272 1.095 0.972 0.883 0.883 0.636 0.601 0.53 0.406
1.714 1.943 2.138 4.134 1.979 1.749 1.555 1.325 1.148 1.025 0.883 0.83 0.654 0.601 0.53 0.406
1.572 1.714 1.855 1.979 4.558 1.873 1.643 1.413 1.201 1.042 0.919 0.883 0.671 0.618 0.53 0.406
1.413 1.555 1.678 1.767 1.89 4.028 1.731 1.484 1.272 1.095 0.954 0.813 0.671 0.618 0.565 0.406
1.272 1.378 1.484 1.555 1.643 1.767 3.922 1.625 1.36 1.166 1.025 0.795 0.707 0.654 0.565 0.406
1.148 1.166 1.272 1.325 1.413 1.484 1.625 4.452 1.572 1.29 1.095 0.83 0.76 0.707 0.601 0.406
1.042 1.042 1.095 1.148 1.201 1.272 1.36 1.59 4.028 1.502 1.254 0.83 0.83 0.742 0.618 0.406
0.919 0.919 0.972 1.007 1.042 1.095 1.148 1.29 1.502 4.028 1.449 0.883 0.919 0.83 0.671 0.406
0.883 0.813 0.866 0.883 0.919 0.972 1.025 1.095 1.254 1.466 3.604 0.936 1.007 0.883 0.707 0.424
1.608 0.654 0.707 0.689 0.724 0.689 0.689 0.724 0.742 0.795 0.883 42.189 0.724 0.654 0.53 0.424
0.601 0.618 0.618 0.636 0.654 0.689 0.724 0.76 0.83 0.919 0.989 0.813 3.18 1.025 0.795 0.477
0.565 0.583 0.601 0.618 0.618 0.636 0.636 0.689 0.742 0.83 0.883 0.689 1.025 3.286 0.919 0.459
0.495 0.512 0.512 0.512 0.53 0.548 0.565 0.583 0.618 0.671 0.707 0.583 0.795 0.954 2.862 0.495
0.406 0.389 0.389 0.371 0.371 0.389 0.389 0.389 0.389 0.389 0.389 0.477 0.459 0.442 0.477 24.062