25.122 0.972 0.813 0.618 0.583 0.495 0.442 0.424 0.371 0.353 0.353 1.678 0.265 0.247 0.194 0.177
0.989 3.074 1.007 0.795 0.636 0.548 0.477 0.406 0.371 0.336 0.3 0.265 0.265 0.23 0.212 0.177
0.83 1.007 3.392 0.972 0.777 0.654 0.548 0.477 0.406 0.371 0.336 0.371 0.265 0.23 0.194 0.159
0.636 0.795 0.989 3.074 0.919 0.742 0.618 0.512 0.442 0.406 0.371 0.353 0.265 0.247 0.194 0.177
0.583 0.654 0.777 0.936 3.604 0.848 0.671 0.565 0.477 0.424 0.371 0.442 0.283 0.247 0.194 0.159
0.495 0.565 0.654 0.742 0.866 2.968 0.795 0.618 0.548 0.477 0.406 0.336 0.3 0.265 0.212 0.177
0.442 0.477 0.548 0.601 0.689 0.795 3.18 0.742 0.618 0.512 0.477 0.336 0.3 0.283 0.23 0.159
0.442 0.424 0.442 0.512 0.565 0.618 0.742 3.71 0.777 0.618 0.548 0.389 0.336 0.3 0.23 0.159
0.371 0.371 0.406 0.442 0.477 0.548 0.601 0.777 3.074 0.777 0.654 0.406 0.406 0.336 0.265 0.159
0.353 0.336 0.371 0.406 0.442 0.477 0.512 0.618 0.795 3.286 0.813 0.477 0.459 0.389 0.265 0.177
0.371 0.336 0.336 0.371 0.371 0.406 0.442 0.548 0.636 0.813 3.18 0.601 0.601 0.495 0.336 0.177
1.219 0.283 0.318 0.283 0.353 0.283 0.318 0.353 0.389 0.442 0.583 42.189 0.53 0.424 0.283 0.212
0.265 0.265 0.283 0.283 0.3 0.318 0.318 0.353 0.424 0.477 0.636 0.565 2.968 0.83 0.477 0.265
0.265 0.265 0.247 0.265 0.265 0.283 0.3 0.318 0.353 0.406 0.512 0.442 0.83 3.604 0.654 0.247
0.212 0.23 0.212 0.212 0.23 0.23 0.23 0.247 0.265 0.3 0.336 0.3 0.495 0.654 3.286 0.3
0.194 0.194 0.177 0.159 0.159 0.194 0.177 0.159 0.177 0.177 0.194 0.247 0.265 0.23 0.3 24.274