25.016 0.919 0.777 0.618 0.548 0.477 0.406 0.406 0.353 0.336 0.353 1.678 0.283 0.23 0.212 0.194
0.936 2.862 0.954 0.76 0.618 0.53 0.442 0.371 0.336 0.336 0.3 0.283 0.247 0.23 0.212 0.194
0.777 0.954 3.18 0.919 0.742 0.618 0.495 0.442 0.371 0.371 0.336 0.371 0.265 0.23 0.212 0.177
0.601 0.76 0.919 2.968 0.866 0.689 0.565 0.477 0.406 0.371 0.353 0.336 0.265 0.23 0.194 0.159
0.548 0.618 0.742 0.866 3.604 0.813 0.636 0.512 0.442 0.406 0.371 0.442 0.265 0.23 0.212 0.159
0.477 0.53 0.618 0.689 0.813 2.968 0.742 0.601 0.495 0.442 0.406 0.336 0.283 0.23 0.212 0.194
0.406 0.459 0.495 0.583 0.654 0.76 3.18 0.707 0.565 0.495 0.442 0.318 0.3 0.247 0.23 0.159
0.406 0.389 0.442 0.477 0.53 0.601 0.707 3.71 0.724 0.618 0.53 0.389 0.336 0.265 0.23 0.177
0.336 0.336 0.371 0.406 0.442 0.495 0.565 0.742 2.968 0.742 0.618 0.389 0.371 0.3 0.265 0.177
0.336 0.336 0.371 0.371 0.406 0.442 0.495 0.618 0.76 3.286 0.848 0.495 0.477 0.371 0.3 0.177
0.371 0.3 0.336 0.336 0.353 0.406 0.442 0.512 0.618 0.848 3.18 0.601 0.583 0.442 0.336 0.194
1.237 0.265 0.318 0.283 0.336 0.283 0.283 0.336 0.353 0.459 0.583 42.189 0.512 0.389 0.283 0.23
0.23 0.23 0.247 0.247 0.265 0.265 0.283 0.353 0.353 0.459 0.601 0.53 3.074 0.689 0.477 0.3
0.23 0.23 0.23 0.23 0.23 0.247 0.247 0.283 0.3 0.371 0.442 0.389 0.689 3.816 0.707 0.247
0.194 0.212 0.212 0.194 0.194 0.212 0.212 0.23 0.247 0.283 0.336 0.3 0.477 0.707 3.286 0.336
0.194 0.194 0.159 0.159 0.159 0.177 0.159 0.159 0.159 0.177 0.194 0.265 0.3 0.247 0.318 24.274