26.394 2.668 2.509 2.226 1.979 1.696 1.519 1.307 1.131 1.007 0.919 2.297 0.601 0.565 0.495 0.389
2.738 4.876 2.915 2.562 2.208 1.926 1.643 1.36 1.166 1.025 0.866 0.883 0.601 0.548 0.477 0.371
2.526 2.915 5.3 2.827 2.438 2.102 1.784 1.484 1.254 1.095 0.919 1.025 0.618 0.583 0.495 0.336
2.244 2.544 2.844 4.982 2.615 2.244 1.926 1.572 1.343 1.148 0.972 0.954 0.654 0.601 0.512 0.336
1.996 2.208 2.403 2.615 5.194 2.332 2.032 1.661 1.413 1.201 1.025 1.007 0.671 0.618 0.512 0.336
1.731 1.908 2.102 2.244 2.403 4.558 2.191 1.784 1.502 1.272 1.078 0.919 0.707 0.636 0.53 0.371
1.537 1.643 1.784 1.926 2.032 2.226 4.558 1.961 1.643 1.378 1.166 0.901 0.742 0.671 0.565 0.336
1.325 1.378 1.466 1.572 1.678 1.784 1.979 4.77 1.855 1.572 1.272 0.919 0.813 0.742 0.601 0.336
1.148 1.166 1.254 1.343 1.413 1.484 1.643 1.873 4.134 1.714 1.413 0.919 0.883 0.777 0.618 0.353
1.007 1.025 1.078 1.166 1.201 1.272 1.396 1.572 1.749 4.346 1.572 0.954 0.954 0.883 0.689 0.371
0.919 0.883 0.919 0.954 1.025 1.078 1.148 1.29 1.413 1.59 3.816 1.007 1.042 0.936 0.742 0.371
1.714 0.742 0.813 0.795 0.83 0.76 0.777 0.813 0.83 0.866 0.954 42.189 0.76 0.671 0.53 0.406
0.583 0.583 0.618 0.636 0.689 0.689 0.76 0.813 0.883 0.954 1.042 0.813 3.286 1.06 0.83 0.406
0.548 0.548 0.565 0.601 0.618 0.636 0.689 0.724 0.795 0.866 0.936 0.724 1.042 3.286 0.936 0.389
0.495 0.477 0.495 0.512 0.512 0.548 0.565 0.601 0.636 0.689 0.742 0.583 0.813 0.936 2.862 0.424
0.371 0.336 0.336 0.336 0.336 0.336 0.336 0.336 0.336 0.336 0.353 0.442 0.389 0.371 0.424 24.062