26.394 2.703 2.526 2.244 1.996 1.749 1.555 1.343 1.166 1.042 0.936 2.279 0.654 0.618 0.53 0.424
2.756 4.982 2.95 2.579 2.244 1.961 1.696 1.413 1.184 1.042 0.901 0.901 0.636 0.618 0.512 0.406
2.562 2.95 5.3 2.844 2.473 2.155 1.855 1.519 1.29 1.095 0.954 1.042 0.671 0.618 0.53 0.406
2.244 2.579 2.88 4.982 2.632 2.279 1.979 1.643 1.378 1.166 1.007 0.989 0.689 0.618 0.548 0.406
1.996 2.244 2.473 2.668 5.194 2.42 2.102 1.714 1.449 1.237 1.042 1.025 0.707 0.671 0.565 0.371
1.784 1.943 2.138 2.261 2.438 4.664 2.244 1.837 1.555 1.307 1.095 0.919 0.742 0.671 0.583 0.406
1.572 1.678 1.837 1.961 2.102 2.261 4.664 2.014 1.661 1.413 1.166 0.936 0.777 0.707 0.601 0.406
1.378 1.396 1.519 1.643 1.714 1.855 2.032 4.77 1.89 1.572 1.325 0.972 0.848 0.777 0.636 0.389
1.166 1.201 1.307 1.378 1.449 1.572 1.678 1.943 4.134 1.749 1.449 0.972 0.919 0.83 0.671 0.406
1.042 1.06 1.113 1.166 1.254 1.325 1.431 1.59 1.784 4.346 1.59 0.972 0.989 0.901 0.742 0.406
0.954 0.901 0.972 1.025 1.078 1.113 1.166 1.325 1.449 1.625 3.816 1.042 1.078 0.972 0.777 0.406
1.714 0.76 0.848 0.795 0.866 0.795 0.813 0.848 0.848 0.883 0.989 42.189 0.795 0.724 0.565 0.442
0.636 0.636 0.671 0.689 0.724 0.76 0.795 0.866 0.919 1.007 1.095 0.866 3.286 1.078 0.866 0.477
0.583 0.583 0.618 0.636 0.654 0.689 0.724 0.795 0.83 0.901 0.972 0.76 1.113 3.392 0.954 0.442
0.53 0.512 0.53 0.548 0.583 0.583 0.618 0.636 0.671 0.724 0.777 0.618 0.866 0.989 2.862 0.477
0.406 0.389 0.389 0.371 0.389 0.389 0.389 0.389 0.371 0.389 0.389 0.495 0.459 0.442 0.459 24.062