24.804 1.095 1.060 0.936 0.866 0.813 0.742 0.707 0.636 0.636 0.618 1.996 0.512 0.459 0.442 0.371
1.113 3.074 1.166 1.060 0.936 0.866 0.795 0.707 0.654 0.618 0.583 0.477 0.477 0.442 0.424 0.371
1.042 1.184 3.498 1.148 1.042 0.954 0.848 0.742 0.689 0.654 0.601 0.601 0.495 0.442 0.442 0.336
0.936 1.042 1.184 3.180 1.095 1.025 0.901 0.777 0.707 0.689 0.618 0.548 0.512 0.459 0.442 0.336
0.866 0.936 1.042 1.148 3.922 1.078 0.972 0.830 0.760 0.707 0.618 0.654 0.512 0.477 0.442 0.336
0.795 0.866 0.954 1.025 1.095 3.392 1.095 0.919 0.830 0.760 0.671 0.565 0.548 0.495 0.442 0.371
0.760 0.795 0.866 0.919 0.954 1.131 3.710 1.078 0.919 0.848 0.742 0.601 0.583 0.530 0.477 0.336
0.742 0.689 0.777 0.795 0.848 0.919 1.078 4.240 1.166 1.007 0.883 0.654 0.654 0.601 0.512 0.371
0.654 0.636 0.689 0.724 0.742 0.830 0.919 1.166 3.498 1.166 0.989 0.671 0.724 0.654 0.565 0.371
0.636 0.618 0.636 0.654 0.689 0.760 0.813 0.972 1.166 3.816 1.113 0.707 0.795 0.707 0.601 0.371
0.636 0.548 0.601 0.618 0.618 0.671 0.742 0.866 0.989 1.148 3.604 0.777 0.883 0.777 0.618 0.371
1.590 0.459 0.530 0.477 0.548 0.495 0.512 0.565 0.601 0.671 0.760 42.189 0.654 0.565 0.477 0.406
0.442 0.459 0.495 0.512 0.512 0.530 0.565 0.636 0.707 0.813 0.866 0.707 3.180 0.936 0.742 0.442
0.459 0.459 0.477 0.477 0.477 0.512 0.548 0.583 0.654 0.724 0.795 0.636 0.954 3.816 0.848 0.424
0.424 0.424 0.442 0.442 0.442 0.442 0.477 0.512 0.565 0.618 0.636 0.512 0.742 0.866 3.074 0.459
0.371 0.336 0.336 0.336 0.336 0.336 0.336 0.336 0.336 0.371 0.371 0.442 0.424 0.389 0.459 24.380
