22.927 0.637 0.584 0.478 0.460 0.389 0.354 0.354 0.318 0.283 0.283 1.716 0.230 0.212 0.195 0.212
0.637 2.441 0.708 0.584 0.495 0.442 0.372 0.336 0.301 0.301 0.265 0.301 0.212 0.195 0.195 0.177
0.584 0.708 2.866 0.708 0.584 0.495 0.442 0.372 0.336 0.301 0.265 0.372 0.212 0.212 0.195 0.159
0.478 0.566 0.708 2.654 0.708 0.584 0.495 0.407 0.372 0.336 0.301 0.283 0.230 0.212 0.195 0.159
0.442 0.495 0.584 0.708 3.184 0.672 0.566 0.478 0.407 0.336 0.301 0.354 0.230 0.212 0.195 0.159
0.407 0.442 0.495 0.584 0.690 2.760 0.655 0.513 0.442 0.372 0.336 0.283 0.230 0.212 0.195 0.177
0.372 0.389 0.442 0.495 0.584 0.655 2.760 0.601 0.495 0.407 0.336 0.283 0.248 0.230 0.195 0.159
0.372 0.336 0.372 0.407 0.478 0.513 0.619 3.078 0.601 0.495 0.407 0.318 0.265 0.230 0.212 0.159
0.318 0.301 0.336 0.372 0.407 0.442 0.495 0.619 2.866 0.584 0.460 0.336 0.301 0.265 0.230 0.159
0.301 0.301 0.301 0.336 0.354 0.372 0.407 0.478 0.584 2.866 0.548 0.336 0.336 0.301 0.230 0.159
0.301 0.265 0.265 0.301 0.301 0.318 0.354 0.407 0.478 0.566 2.654 0.389 0.389 0.336 0.265 0.177
1.238 0.230 0.318 0.265 0.301 0.265 0.265 0.283 0.301 0.336 0.389 42.245 0.336 0.301 0.230 0.265
0.177 0.212 0.212 0.230 0.230 0.248 0.248 0.265 0.301 0.336 0.389 0.336 2.441 0.478 0.354 0.230
0.195 0.195 0.195 0.212 0.212 0.212 0.230 0.248 0.265 0.283 0.318 0.301 0.478 2.760 0.460 0.212
0.195 0.195 0.195 0.195 0.195 0.195 0.195 0.212 0.230 0.230 0.265 0.248 0.336 0.478 2.441 0.265
0.212 0.177 0.159 0.159 0.159 0.177 0.159 0.159 0.159 0.159 0.159 0.301 0.230 0.212 0.265 22.821
