26.288 2.703 2.544 2.244 1.996 1.731 1.537 1.325 1.148 1.007 0.919 2.279 0.636 0.601 0.495 0.389
2.756 4.982 2.933 2.562 2.226 1.926 1.661 1.378 1.166 1.042 0.883 0.901 0.618 0.583 0.495 0.371
2.562 2.933 5.3 2.844 2.438 2.102 1.837 1.484 1.272 1.095 0.954 1.042 0.654 0.601 0.512 0.371
2.244 2.562 2.862 4.982 2.632 2.244 1.943 1.572 1.36 1.148 0.972 0.972 0.671 0.618 0.512 0.371
1.996 2.208 2.438 2.615 5.194 2.332 2.032 1.678 1.413 1.219 1.042 1.025 0.689 0.618 0.53 0.371
1.749 1.943 2.102 2.244 2.42 4.558 2.226 1.802 1.519 1.307 1.078 0.919 0.707 0.671 0.565 0.371
1.555 1.678 1.837 1.943 2.049 2.244 4.558 1.961 1.643 1.396 1.148 0.901 0.777 0.707 0.583 0.371
1.343 1.378 1.484 1.572 1.678 1.784 1.979 4.77 1.873 1.572 1.307 0.954 0.83 0.742 0.618 0.371
1.148 1.166 1.272 1.343 1.413 1.519 1.643 1.89 4.134 1.714 1.413 0.936 0.901 0.813 0.654 0.371
1.042 1.042 1.095 1.166 1.219 1.29 1.396 1.572 1.749 4.24 1.572 0.972 0.989 0.883 0.707 0.371
0.919 0.883 0.936 0.972 1.042 1.078 1.148 1.29 1.413 1.608 3.816 1.025 1.06 0.954 0.76 0.389
1.696 0.742 0.813 0.795 0.83 0.777 0.777 0.83 0.848 0.866 0.954 42.189 0.777 0.689 0.548 0.406
0.601 0.618 0.636 0.654 0.689 0.724 0.777 0.83 0.919 0.989 1.06 0.848 3.286 1.06 0.848 0.442
0.565 0.583 0.601 0.618 0.636 0.654 0.689 0.76 0.795 0.883 0.954 0.724 1.06 3.286 0.954 0.424
0.495 0.495 0.495 0.512 0.548 0.565 0.583 0.618 0.654 0.707 0.76 0.583 0.848 0.954 2.862 0.442
0.371 0.371 0.353 0.353 0.353 0.371 0.353 0.353 0.353 0.371 0.371 0.459 0.406 0.389 0.442 24.062