10.07 1.466 1.307 1.06 0.919 0.813 0.707 0.618 0.601 0.548 0.512 1.06 0.424 0.406 0.389 0.336
1.431 3.392 1.502 1.184 0.989 0.866 0.724 0.618 0.583 0.512 0.477 0.565 0.406 0.389 0.353 0.336
1.237 1.484 3.498 1.413 1.095 0.954 0.813 0.671 0.618 0.565 0.512 0.636 0.424 0.406 0.371 0.318
1.042 1.166 1.413 3.392 1.272 1.078 0.883 0.742 0.671 0.601 0.53 0.583 0.442 0.406 0.371 0.336
0.883 0.972 1.131 1.307 3.498 1.219 0.972 0.813 0.742 0.654 0.583 0.601 0.477 0.442 0.371 0.336
0.777 0.83 0.954 1.06 1.201 3.286 1.166 0.954 0.83 0.707 0.618 0.548 0.495 0.477 0.406 0.336
0.671 0.742 0.813 0.883 0.989 1.201 3.18 1.095 0.954 0.83 0.707 0.548 0.548 0.495 0.442 0.336
0.601 0.618 0.671 0.76 0.83 0.954 1.113 3.18 1.095 0.936 0.813 0.601 0.601 0.565 0.477 0.336
0.548 0.565 0.618 0.671 0.707 0.813 0.919 1.06 2.756 1.042 0.883 0.601 0.654 0.601 0.495 0.336
0.495 0.512 0.565 0.601 0.618 0.707 0.795 0.919 1.06 2.862 0.972 0.618 0.724 0.636 0.548 0.336
0.495 0.459 0.495 0.53 0.565 0.618 0.707 0.777 0.883 1.007 2.862 0.671 0.777 0.707 0.565 0.371
0.813 0.477 0.53 0.495 0.512 0.477 0.495 0.53 0.565 0.583 0.618 42.189 0.548 0.495 0.406 0.424
0.389 0.406 0.424 0.442 0.459 0.495 0.548 0.601 0.671 0.724 0.777 0.583 2.65 0.795 0.636 0.406
0.371 0.371 0.389 0.406 0.442 0.477 0.495 0.548 0.601 0.636 0.689 0.512 0.813 2.65 0.724 0.389
0.353 0.353 0.371 0.371 0.389 0.406 0.442 0.477 0.512 0.548 0.583 0.442 0.636 0.742 2.332 0.406
0.3 0.318 0.318 0.318 0.318 0.336 0.318 0.336 0.336 0.353 0.353 0.477 0.389 0.371 0.424 24.486
