10.388 1.025 0.972 0.83 0.777 0.689 0.636 0.565 0.53 0.477 0.459 0.919 0.353 0.318 0.318 0.283
1.007 2.862 1.042 0.901 0.813 0.724 0.618 0.565 0.512 0.477 0.442 0.424 0.336 0.3 0.3 0.265
0.972 1.06 3.604 1.007 0.883 0.777 0.671 0.601 0.565 0.495 0.477 0.512 0.353 0.3 0.3 0.265
0.83 0.919 1.025 3.074 1.007 0.866 0.742 0.654 0.601 0.53 0.495 0.477 0.371 0.3 0.3 0.265
0.76 0.795 0.883 1.007 3.286 1.007 0.848 0.742 0.654 0.601 0.53 0.495 0.371 0.318 0.3 0.265
0.671 0.707 0.777 0.848 1.025 2.968 0.972 0.813 0.707 0.618 0.565 0.442 0.371 0.336 0.3 0.283
0.618 0.618 0.671 0.742 0.866 0.989 2.862 0.901 0.795 0.689 0.601 0.459 0.406 0.336 0.318 0.265
0.565 0.565 0.601 0.654 0.742 0.83 0.936 3.18 0.919 0.777 0.671 0.495 0.406 0.336 0.3 0.265
0.512 0.53 0.565 0.601 0.654 0.707 0.777 0.936 2.65 0.883 0.742 0.495 0.442 0.336 0.336 0.265
0.477 0.495 0.495 0.53 0.601 0.618 0.689 0.777 0.883 2.862 0.866 0.512 0.477 0.371 0.336 0.265
0.459 0.442 0.459 0.495 0.53 0.565 0.601 0.671 0.742 0.866 2.862 0.565 0.512 0.406 0.336 0.265
0.742 0.389 0.442 0.389 0.442 0.389 0.406 0.424 0.459 0.459 0.565 42.189 0.477 0.336 0.283 0.353
0.336 0.371 0.353 0.336 0.371 0.371 0.389 0.406 0.442 0.477 0.53 0.495 2.968 0.583 0.442 0.336
0.3 0.318 0.318 0.336 0.336 0.336 0.336 0.371 0.371 0.389 0.424 0.371 0.618 3.18 0.601 0.3
0.283 0.3 0.3 0.3 0.3 0.3 0.3 0.3 0.336 0.336 0.371 0.336 0.442 0.618 2.226 0.336
0.265 0.283 0.247 0.265 0.265 0.265 0.265 0.265 0.265 0.265 0.265 0.389 0.336 0.3 0.353 23.532
