25.122 1.449 1.325 1.148 1.042 0.954 0.866 0.848 0.760 0.689 0.654 2.173 0.512 0.477 0.442 0.406
1.466 3.498 1.519 1.325 1.166 1.060 0.954 0.848 0.760 0.689 0.618 0.565 0.495 0.477 0.442 0.371
1.307 1.519 3.922 1.484 1.325 1.166 1.042 0.919 0.813 0.742 0.654 0.707 0.512 0.477 0.442 0.371
1.166 1.325 1.502 3.604 1.449 1.272 1.113 0.989 0.883 0.777 0.671 0.636 0.512 0.477 0.442 0.371
1.078 1.184 1.325 1.466 4.346 1.378 1.219 1.042 0.919 0.813 0.707 0.742 0.512 0.495 0.442 0.371
0.972 1.060 1.166 1.290 1.413 3.710 1.343 1.148 0.972 0.848 0.742 0.618 0.565 0.495 0.442 0.371
0.901 0.954 1.060 1.148 1.219 1.360 3.922 1.307 1.095 0.954 0.813 0.618 0.583 0.530 0.459 0.371
0.866 0.866 0.936 0.989 1.060 1.148 1.325 4.558 1.325 1.078 0.919 0.689 0.618 0.565 0.495 0.371
0.760 0.777 0.830 0.883 0.919 0.989 1.095 1.325 3.710 1.272 1.042 0.707 0.707 0.618 0.512 0.371
0.707 0.707 0.742 0.777 0.813 0.848 0.936 1.078 1.290 3.922 1.219 0.760 0.777 0.671 0.548 0.371
0.689 0.636 0.654 0.689 0.707 0.742 0.813 0.919 1.060 1.201 3.604 0.830 0.883 0.742 0.601 0.389
1.661 0.530 0.601 0.530 0.583 0.530 0.565 0.601 0.654 0.707 0.830 42.189 0.707 0.583 0.459 0.371
0.495 0.512 0.512 0.530 0.530 0.548 0.583 0.636 0.707 0.777 0.883 0.742 3.286 0.936 0.689 0.459
0.459 0.477 0.477 0.477 0.477 0.512 0.512 0.565 0.618 0.671 0.742 0.618 0.936 3.922 0.848 0.424
0.424 0.442 0.442 0.424 0.442 0.442 0.442 0.477 0.512 0.548 0.583 0.477 0.689 0.883 3.392 0.495
0.389 0.371 0.371 0.353 0.336 0.371 0.353 0.336 0.353 0.371 0.371 0.424 0.424 0.424 0.459 24.274
