25.440 1.908 1.678 1.378 1.148 0.972 0.848 0.795 0.724 0.707 0.707 1.996 0.530 0.459 0.389 0.353
1.926 4.134 2.049 1.625 1.290 1.060 0.901 0.777 0.689 0.671 0.618 0.654 0.477 0.424 0.371 0.300
1.678 2.032 4.558 1.979 1.519 1.237 1.042 0.883 0.777 0.742 0.671 0.777 0.495 0.442 0.371 0.300
1.343 1.608 1.979 4.134 1.767 1.413 1.148 0.989 0.848 0.777 0.742 0.724 0.512 0.477 0.389 0.300
1.131 1.272 1.537 1.784 4.452 1.590 1.290 1.078 0.919 0.866 0.777 0.777 0.548 0.477 0.406 0.300
0.954 1.042 1.219 1.413 1.608 3.922 1.484 1.219 1.042 0.954 0.848 0.689 0.583 0.495 0.406 0.300
0.830 0.866 1.025 1.166 1.290 1.519 3.922 1.449 1.166 1.078 0.954 0.707 0.618 0.548 0.424 0.300
0.760 0.742 0.883 0.954 1.060 1.219 1.431 4.240 1.484 1.272 1.095 0.760 0.707 0.583 0.459 0.300
0.671 0.636 0.760 0.848 0.919 1.042 1.166 1.502 3.922 1.572 1.343 0.830 0.813 0.671 0.495 0.300
0.636 0.601 0.671 0.760 0.813 0.901 1.007 1.254 1.572 4.346 1.714 0.972 0.989 0.795 0.565 0.300
0.636 0.548 0.618 0.671 0.724 0.795 0.883 1.078 1.325 1.731 4.134 1.113 1.166 0.919 0.618 0.336
1.466 0.495 0.583 0.548 0.601 0.548 0.565 0.671 0.724 0.883 1.095 42.189 0.936 0.724 0.512 0.389
0.424 0.406 0.459 0.477 0.477 0.530 0.583 0.671 0.777 0.989 1.201 0.989 3.710 1.378 0.883 0.406
0.371 0.353 0.406 0.424 0.424 0.459 0.477 0.583 0.636 0.795 0.936 0.795 1.396 4.134 1.184 0.389
0.318 0.318 0.336 0.336 0.336 0.371 0.371 0.406 0.477 0.565 0.636 0.565 0.883 1.201 4.346 0.459
0.265 0.247 0.265 0.265 0.265 0.265 0.265 0.283 0.283 0.318 0.336 0.442 0.424 0.389 0.477 24.168
