25.546 1.908 1.714 1.413 1.166 0.989 0.866 0.795 0.724 0.689 0.689 1.926 0.53 0.459 0.389 0.353
1.926 4.134 2.102 1.678 1.325 1.078 0.919 0.813 0.707 0.654 0.601 0.618 0.477 0.424 0.371 0.3
1.696 2.067 4.664 2.014 1.555 1.254 1.042 0.901 0.777 0.707 0.654 0.742 0.495 0.442 0.371 0.3
1.378 1.643 1.996 4.134 1.784 1.413 1.166 0.989 0.883 0.777 0.707 0.707 0.512 0.477 0.371 0.3
1.131 1.307 1.572 1.837 4.452 1.608 1.307 1.095 0.936 0.83 0.76 0.76 0.548 0.477 0.389 0.3
0.954 1.06 1.254 1.449 1.625 3.922 1.519 1.254 1.042 0.919 0.83 0.671 0.583 0.495 0.406 0.318
0.848 0.901 1.042 1.166 1.325 1.537 3.922 1.431 1.201 1.042 0.919 0.689 0.618 0.53 0.406 0.3
0.777 0.777 0.901 1.007 1.078 1.237 1.466 4.24 1.484 1.254 1.095 0.76 0.689 0.583 0.442 0.3
0.671 0.671 0.795 0.883 0.954 1.042 1.166 1.502 3.922 1.572 1.325 0.83 0.813 0.671 0.495 0.3
0.618 0.618 0.707 0.777 0.848 0.919 1.042 1.254 1.572 4.346 1.696 0.972 0.989 0.795 0.548 0.318
0.618 0.583 0.671 0.742 0.742 0.83 0.919 1.095 1.325 1.714 4.134 1.148 1.166 0.936 0.618 0.336
1.431 0.512 0.601 0.565 0.618 0.565 0.583 0.671 0.724 0.883 1.095 42.189 0.972 0.76 0.495 0.389
0.424 0.442 0.495 0.512 0.53 0.548 0.601 0.671 0.795 0.972 1.201 1.025 3.922 1.431 0.883 0.406
0.371 0.371 0.424 0.477 0.442 0.477 0.512 0.583 0.636 0.795 0.936 0.795 1.449 4.24 1.219 0.424
0.318 0.336 0.371 0.389 0.371 0.371 0.406 0.442 0.477 0.548 0.618 0.548 0.883 1.219 4.24 0.459
0.265 0.283 0.3 0.3 0.283 0.3 0.3 0.3 0.3 0.3 0.318 0.424 0.406 0.389 0.477 24.168