25.334 1.979 1.731 1.396 1.184 1.007 0.901 0.813 0.76 0.724 0.707 1.89 0.53 0.477 0.406 0.389
1.996 4.24 2.067 1.661 1.307 1.095 0.954 0.813 0.742 0.689 0.636 0.636 0.477 0.442 0.406 0.371
1.714 2.085 4.558 1.979 1.537 1.272 1.078 0.919 0.83 0.742 0.707 0.724 0.495 0.459 0.406 0.336
1.396 1.643 1.996 4.134 1.714 1.413 1.166 1.007 0.883 0.813 0.742 0.689 0.512 0.477 0.406 0.336
1.166 1.307 1.537 1.749 4.346 1.643 1.343 1.095 0.972 0.883 0.777 0.76 0.548 0.477 0.406 0.336
1.025 1.095 1.272 1.413 1.661 3.816 1.519 1.237 1.078 0.954 0.848 0.654 0.565 0.495 0.406 0.353
0.901 0.954 1.078 1.166 1.343 1.519 3.922 1.449 1.219 1.078 0.936 0.689 0.618 0.53 0.442 0.336
0.848 0.83 0.919 1.007 1.095 1.254 1.466 4.24 1.555 1.29 1.095 0.76 0.671 0.583 0.477 0.336
0.777 0.742 0.83 0.883 0.972 1.078 1.219 1.537 3.922 1.608 1.343 0.83 0.777 0.654 0.495 0.336
0.742 0.671 0.76 0.813 0.883 0.954 1.06 1.29 1.608 4.346 1.714 0.972 0.954 0.777 0.583 0.371
0.742 0.636 0.689 0.742 0.777 0.848 0.954 1.095 1.343 1.749 4.134 1.113 1.095 0.883 0.636 0.371
1.466 0.53 0.601 0.565 0.636 0.565 0.601 0.671 0.76 0.883 1.095 42.189 0.883 0.689 0.495 0.406
0.512 0.495 0.512 0.512 0.548 0.583 0.618 0.689 0.777 0.954 1.148 0.954 3.71 1.307 0.866 0.459
0.459 0.442 0.459 0.477 0.477 0.512 0.53 0.583 0.636 0.76 0.901 0.76 1.307 4.134 1.166 0.459
0.406 0.406 0.406 0.406 0.406 0.424 0.442 0.477 0.495 0.565 0.636 0.53 0.866 1.184 4.028 0.495
0.371 0.353 0.336 0.336 0.336 0.336 0.336 0.336 0.336 0.353 0.353 0.459 0.424 0.424 0.477 24.062