23.532 0.724 0.654 0.565 0.530 0.495 0.459 0.424 0.389 0.371 0.389 1.555 0.336 0.318 0.283 0.300
0.724 2.544 0.777 0.654 0.583 0.512 0.477 0.442 0.406 0.371 0.336 0.283 0.318 0.300 0.300 0.265
0.671 0.777 2.968 0.777 0.654 0.583 0.512 0.459 0.406 0.371 0.371 0.371 0.318 0.300 0.300 0.265
0.565 0.636 0.795 2.756 0.777 0.654 0.583 0.495 0.442 0.406 0.371 0.336 0.318 0.318 0.300 0.265
0.530 0.583 0.654 0.795 3.180 0.742 0.618 0.530 0.459 0.424 0.371 0.424 0.318 0.300 0.300 0.247
0.477 0.512 0.583 0.654 0.760 2.862 0.707 0.583 0.495 0.442 0.406 0.336 0.336 0.318 0.300 0.283
0.442 0.477 0.512 0.565 0.618 0.724 2.968 0.671 0.530 0.477 0.442 0.353 0.336 0.336 0.300 0.265
0.442 0.424 0.459 0.495 0.530 0.583 0.671 3.286 0.654 0.565 0.477 0.371 0.371 0.336 0.300 0.247
0.406 0.389 0.406 0.442 0.477 0.495 0.548 0.636 2.756 0.636 0.530 0.371 0.389 0.371 0.336 0.265
0.371 0.353 0.371 0.406 0.406 0.442 0.477 0.548 0.636 3.074 0.654 0.406 0.442 0.406 0.336 0.265
0.371 0.353 0.353 0.371 0.371 0.389 0.424 0.477 0.548 0.654 2.756 0.459 0.477 0.442 0.371 0.265
1.237 0.300 0.318 0.300 0.353 0.283 0.318 0.318 0.336 0.353 0.442 42.189 0.389 0.336 0.283 0.336
0.300 0.318 0.318 0.318 0.336 0.336 0.353 0.353 0.389 0.424 0.495 0.424 2.544 0.548 0.424 0.336
0.300 0.300 0.300 0.300 0.300 0.318 0.336 0.336 0.353 0.371 0.424 0.371 0.548 2.756 0.495 0.300
0.300 0.283 0.300 0.300 0.300 0.300 0.300 0.300 0.318 0.336 0.371 0.300 0.442 0.512 2.226 0.336
0.283 0.265 0.265 0.247 0.265 0.265 0.265 0.265 0.265 0.265 0.265 0.371 0.336 0.300 0.353 24.062
