9.858 1.113 0.989 0.848 0.76 0.689 0.689 0.654 0.618 0.618 0.601 1.025 0.566 0.53 0.495 0.442
1.113 2.862 1.06 0.936 0.795 0.742 0.654 0.636 0.618 0.601 0.565 0.548 0.548 0.512 0.477 0.442
0.989 1.113 3.286 1.06 0.883 0.795 0.724 0.671 0.636 0.618 0.583 0.636 0.531 0.512 0.477 0.424
0.848 0.936 1.06 3.074 0.954 0.83 0.76 0.689 0.654 0.618 0.583 0.565 0.548 0.512 0.477 0.406
0.76 0.795 0.866 0.972 3.074 0.919 0.813 0.742 0.671 0.636 0.601 0.601 0.548 0.512 0.477 0.406
0.689 0.742 0.777 0.83 0.919 2.862 0.901 0.777 0.742 0.671 0.618 0.53 0.566 0.53 0.477 0.424
0.654 0.671 0.724 0.742 0.795 0.919 2.756 0.901 0.795 0.742 0.707 0.548 0.601 0.565 0.495 0.406
0.636 0.618 0.654 0.707 0.742 0.795 0.919 3.18 0.936 0.83 0.777 0.601 0.637 0.583 0.495 0.424
0.601 0.601 0.618 0.636 0.671 0.724 0.795 0.954 2.756 0.972 0.866 0.601 0.69 0.618 0.53 0.424
0.583 0.601 0.601 0.601 0.618 0.671 0.76 0.848 0.989 2.968 1.007 0.671 0.761 0.707 0.583 0.424
0.583 0.565 0.583 0.601 0.601 0.618 0.689 0.777 0.883 1.025 2.862 0.724 0.867 0.742 0.618 0.424
0.83 0.495 0.548 0.477 0.512 0.477 0.495 0.53 0.565 0.618 0.707 42.189 0.655 0.565 0.495 0.477
0.512 0.512 0.53 0.512 0.53 0.548 0.583 0.618 0.689 0.76 0.848 0.689 2.862 0.972 0.76 0.495
0.512 0.495 0.495 0.495 0.495 0.512 0.548 0.583 0.618 0.671 0.76 0.618 0.973 3.18 0.954 0.495
0.459 0.459 0.459 0.459 0.459 0.477 0.495 0.495 0.53 0.565 0.618 0.512 0.761 0.954 3.286 0.53
0.389 0.389 0.389 0.389 0.389 0.389 0.389 0.389 0.389 0.389 0.389 0.53 0.478 0.459 0.53 23.426