24.486 1.060 0.989 0.830 0.760 0.654 0.601 0.548 0.459 0.406 0.406 1.767 0.318 0.318 0.283 0.283
1.042 3.074 1.148 0.989 0.848 0.742 0.654 0.548 0.442 0.406 0.371 0.336 0.300 0.300 0.283 0.247
1.007 1.166 3.710 1.131 0.972 0.830 0.707 0.601 0.495 0.442 0.371 0.459 0.300 0.300 0.300 0.230
0.866 0.989 1.148 3.392 1.078 0.919 0.777 0.618 0.512 0.459 0.406 0.424 0.318 0.300 0.300 0.247
0.777 0.848 0.972 1.078 3.922 1.007 0.830 0.671 0.548 0.477 0.406 0.495 0.318 0.300 0.300 0.230
0.654 0.742 0.830 0.919 1.025 3.286 0.936 0.742 0.601 0.495 0.442 0.389 0.336 0.336 0.300 0.265
0.601 0.636 0.707 0.777 0.848 0.936 3.392 0.883 0.671 0.565 0.477 0.389 0.371 0.336 0.318 0.247
0.548 0.530 0.601 0.618 0.671 0.742 0.883 3.816 0.830 0.671 0.565 0.424 0.389 0.371 0.336 0.230
0.459 0.459 0.495 0.512 0.565 0.601 0.671 0.848 3.074 0.795 0.618 0.424 0.442 0.406 0.371 0.230
0.424 0.424 0.442 0.442 0.477 0.512 0.565 0.671 0.795 3.286 0.777 0.459 0.495 0.442 0.371 0.247
0.406 0.353 0.406 0.406 0.406 0.442 0.495 0.565 0.636 0.795 3.180 0.530 0.548 0.495 0.406 0.247
1.431 0.318 0.389 0.353 0.406 0.336 0.353 0.389 0.389 0.424 0.495 42.189 0.442 0.389 0.318 0.300
0.283 0.318 0.318 0.318 0.336 0.353 0.371 0.389 0.442 0.477 0.548 0.477 2.968 0.636 0.512 0.336
0.300 0.300 0.300 0.300 0.300 0.336 0.336 0.371 0.406 0.442 0.495 0.424 0.636 3.392 0.618 0.300
0.265 0.283 0.283 0.283 0.300 0.300 0.300 0.336 0.336 0.371 0.406 0.336 0.495 0.618 2.862 0.336
0.265 0.247 0.230 0.230 0.230 0.230 0.230 0.230 0.230 0.230 0.230 0.353 0.300 0.283 0.336 24.698
