25.122 1.007 0.936 0.830 0.795 0.724 0.671 0.654 0.618 0.583 0.548 1.820 0.442 0.389 0.353 0.318
0.989 3.074 1.078 0.954 0.883 0.813 0.742 0.671 0.618 0.583 0.530 0.424 0.442 0.406 0.353 0.300
0.954 1.078 3.604 1.131 1.025 0.936 0.848 0.777 0.671 0.618 0.583 0.548 0.442 0.406 0.371 0.300
0.848 0.954 1.148 3.392 1.148 1.060 0.954 0.830 0.742 0.689 0.618 0.530 0.477 0.424 0.371 0.283
0.795 0.883 1.025 1.166 4.028 1.166 1.042 0.919 0.813 0.742 0.671 0.654 0.495 0.442 0.371 0.283
0.742 0.813 0.919 1.042 1.166 3.604 1.113 0.989 0.883 0.777 0.707 0.548 0.530 0.477 0.389 0.300
0.689 0.742 0.848 0.954 1.042 1.166 3.604 1.095 0.954 0.848 0.760 0.583 0.565 0.495 0.406 0.300
0.689 0.671 0.777 0.848 0.919 0.989 1.095 4.134 1.095 0.954 0.848 0.636 0.601 0.530 0.442 0.283
0.618 0.618 0.671 0.760 0.830 0.883 0.954 1.078 3.498 1.078 0.954 0.636 0.654 0.565 0.459 0.300
0.583 0.583 0.618 0.689 0.742 0.795 0.848 0.954 1.078 3.604 1.060 0.671 0.707 0.618 0.495 0.300
0.565 0.512 0.583 0.618 0.671 0.707 0.760 0.848 0.954 1.060 3.392 0.760 0.813 0.671 0.512 0.300
1.466 0.406 0.459 0.459 0.530 0.477 0.495 0.530 0.565 0.618 0.707 42.189 0.636 0.512 0.406 0.336
0.424 0.424 0.459 0.477 0.495 0.530 0.548 0.601 0.636 0.707 0.795 0.671 3.180 0.848 0.636 0.371
0.406 0.406 0.424 0.442 0.459 0.477 0.477 0.512 0.583 0.618 0.654 0.565 0.866 3.604 0.777 0.353
0.353 0.371 0.371 0.371 0.389 0.406 0.406 0.442 0.442 0.477 0.512 0.424 0.618 0.795 2.862 0.406
0.318 0.300 0.283 0.283 0.283 0.300 0.283 0.300 0.300 0.300 0.300 0.389 0.371 0.336 0.389 24.910
