25.334 1.219 1.166 1.042 0.954 0.883 0.777 0.742 0.654 0.601 0.565 1.837 0.406 0.371 0.318 0.265
1.254 3.286 1.343 1.201 1.078 0.954 0.866 0.742 0.671 0.618 0.565 0.477 0.406 0.371 0.336 0.247
1.166 1.343 3.922 1.343 1.166 1.078 0.954 0.830 0.742 0.654 0.601 0.583 0.442 0.389 0.336 0.230
1.042 1.184 1.360 3.498 1.290 1.148 1.007 0.883 0.777 0.689 0.618 0.548 0.442 0.406 0.336 0.230
0.972 1.078 1.166 1.290 4.134 1.219 1.078 0.919 0.813 0.742 0.654 0.636 0.459 0.406 0.336 0.230
0.883 0.972 1.060 1.148 1.237 3.604 1.148 0.972 0.866 0.777 0.671 0.530 0.477 0.442 0.371 0.247
0.813 0.866 0.954 1.007 1.078 1.166 3.604 1.060 0.936 0.830 0.724 0.548 0.495 0.442 0.371 0.230
0.742 0.760 0.830 0.883 0.919 0.972 1.078 4.134 1.042 0.919 0.813 0.601 0.548 0.477 0.406 0.230
0.671 0.671 0.742 0.777 0.813 0.883 0.919 1.060 3.286 1.042 0.901 0.601 0.601 0.530 0.424 0.230
0.601 0.601 0.654 0.707 0.742 0.777 0.830 0.936 1.060 3.604 1.042 0.636 0.654 0.583 0.459 0.230
0.583 0.565 0.601 0.618 0.654 0.671 0.742 0.795 0.883 1.025 3.392 0.707 0.742 0.618 0.495 0.265
1.484 0.442 0.495 0.477 0.530 0.477 0.477 0.530 0.530 0.565 0.654 42.189 0.548 0.477 0.371 0.318
0.406 0.406 0.424 0.442 0.442 0.477 0.495 0.548 0.601 0.636 0.724 0.601 2.968 0.760 0.583 0.318
0.389 0.371 0.389 0.406 0.406 0.442 0.442 0.477 0.512 0.583 0.636 0.512 0.760 3.392 0.707 0.300
0.318 0.336 0.336 0.336 0.353 0.371 0.371 0.406 0.442 0.459 0.495 0.389 0.583 0.707 2.650 0.336
0.265 0.230 0.212 0.230 0.230 0.230 0.230 0.230 0.230 0.230 0.247 0.353 0.300 0.300 0.336 24.698
