25.758 1.855 1.678 1.413 1.272 1.131 1.025 0.936 0.830 0.760 0.689 1.961 0.477 0.442 0.371 0.353
1.890 4.028 1.996 1.696 1.466 1.290 1.148 0.989 0.883 0.760 0.671 0.618 0.477 0.442 0.371 0.336
1.678 1.996 4.558 1.961 1.678 1.449 1.272 1.095 0.972 0.848 0.742 0.724 0.495 0.459 0.389 0.300
1.431 1.696 1.979 4.240 1.855 1.625 1.413 1.219 1.042 0.919 0.777 0.707 0.530 0.477 0.406 0.300
1.290 1.466 1.678 1.855 4.664 1.749 1.519 1.307 1.095 0.954 0.830 0.795 0.565 0.495 0.406 0.300
1.148 1.290 1.449 1.590 1.749 4.134 1.643 1.413 1.184 1.042 0.883 0.707 0.565 0.495 0.406 0.336
1.025 1.095 1.272 1.396 1.519 1.661 4.240 1.555 1.325 1.095 0.954 0.689 0.601 0.530 0.442 0.300
0.954 0.989 1.095 1.184 1.307 1.413 1.555 4.664 1.484 1.254 1.042 0.760 0.671 0.565 0.459 0.300
0.848 0.866 0.954 1.042 1.095 1.166 1.307 1.519 3.922 1.431 1.166 0.760 0.707 0.618 0.495 0.300
0.742 0.760 0.830 0.901 0.954 1.025 1.095 1.254 1.449 4.028 1.360 0.830 0.813 0.671 0.530 0.318
0.707 0.671 0.742 0.777 0.830 0.883 0.954 1.042 1.166 1.360 3.816 0.901 0.901 0.777 0.583 0.336
1.555 0.530 0.601 0.565 0.654 0.583 0.601 0.654 0.689 0.724 0.848 42.189 0.707 0.565 0.442 0.371
0.459 0.477 0.495 0.530 0.548 0.583 0.618 0.636 0.724 0.813 0.919 0.742 3.392 0.936 0.689 0.389
0.424 0.424 0.459 0.477 0.477 0.512 0.530 0.583 0.618 0.689 0.760 0.618 0.936 3.922 0.830 0.371
0.353 0.371 0.389 0.406 0.406 0.406 0.442 0.442 0.495 0.512 0.565 0.477 0.671 0.830 3.074 0.406
0.336 0.300 0.300 0.300 0.300 0.300 0.300 0.300 0.300 0.300 0.300 0.424 0.371 0.353 0.406 24.698
