26.447 1.722 1.528 1.290 1.157 1.042 0.954 0.892 0.786 0.707 0.653 2.155 0.424 0.389 0.327 0.318
1.767 4.028 1.846 1.563 1.325 1.166 1.042 0.919 0.813 0.716 0.601 0.565 0.406 0.362 0.336 0.300
1.546 1.846 4.558 1.881 1.590 1.395 1.201 1.051 0.910 0.768 0.645 0.724 0.424 0.380 0.336 0.282
1.317 1.555 1.908 4.293 1.873 1.617 1.395 1.166 0.989 0.831 0.680 0.662 0.442 0.389 0.336 0.274
1.166 1.316 1.607 1.890 4.823 1.837 1.554 1.281 1.069 0.892 0.725 0.742 0.442 0.389 0.336 0.274
1.051 1.175 1.387 1.607 1.847 4.293 1.766 1.440 1.184 0.963 0.759 0.636 0.469 0.406 0.353 0.300
0.972 1.052 1.219 1.395 1.554 1.776 4.346 1.634 1.316 1.060 0.822 0.636 0.485 0.424 0.353 0.282
0.901 0.909 1.042 1.166 1.272 1.440 1.643 4.876 1.608 1.254 0.963 0.680 0.530 0.460 0.389 0.274
0.804 0.813 0.901 0.998 1.077 1.184 1.316 1.617 4.134 1.528 1.113 0.707 0.592 0.503 0.406 0.282
0.725 0.707 0.759 0.840 0.892 0.963 1.060 1.254 1.528 4.240 1.387 0.768 0.671 0.556 0.442 0.291
0.680 0.610 0.654 0.680 0.707 0.768 0.822 0.963 1.122 1.396 3.869 0.875 0.786 0.627 0.486 0.300
1.617 0.494 0.583 0.530 0.592 0.530 0.538 0.583 0.636 0.698 0.830 42.189 0.627 0.503 0.371 0.344
0.406 0.406 0.424 0.424 0.451 0.451 0.494 0.530 0.601 0.689 0.786 0.671 3.392 0.857 0.610 0.353
0.380 0.362 0.371 0.380 0.398 0.406 0.424 0.460 0.503 0.556 0.627 0.538 0.875 4.081 0.795 0.344
0.336 0.336 0.344 0.344 0.344 0.344 0.362 0.380 0.406 0.442 0.477 0.406 0.619 0.795 3.074 0.389
0.309 0.282 0.274 0.274 0.274 0.282 0.274 0.274 0.274 0.282 0.282 0.380 0.353 0.344 0.380 25.016
