27.242 1.873 1.714 1.413 1.254 1.148 1.06 0.989 0.883 0.795 0.724 2.155 0.459 0.424 0.353 0.353
1.926 4.134 1.996 1.661 1.413 1.254 1.131 1.025 0.919 0.813 0.671 0.618 0.442 0.389 0.371 0.336
1.749 1.996 4.77 1.961 1.661 1.466 1.307 1.148 1.007 0.866 0.707 0.724 0.442 0.406 0.371 0.3
1.449 1.661 1.996 4.346 1.926 1.678 1.466 1.272 1.095 0.919 0.742 0.689 0.477 0.406 0.371 0.3
1.272 1.413 1.678 1.943 4.876 1.926 1.643 1.396 1.166 0.972 0.795 0.777 0.477 0.406 0.371 0.3
1.166 1.254 1.466 1.678 1.926 4.452 1.855 1.555 1.29 1.042 0.83 0.689 0.495 0.442 0.371 0.336
1.06 1.131 1.307 1.466 1.643 1.855 4.452 1.731 1.413 1.148 0.901 0.689 0.512 0.442 0.371 0.3
1.007 0.989 1.148 1.254 1.378 1.555 1.749 4.982 1.714 1.36 1.042 0.742 0.565 0.477 0.406 0.3
0.901 0.919 1.007 1.095 1.166 1.29 1.413 1.731 4.346 1.643 1.219 0.777 0.618 0.53 0.442 0.3
0.813 0.795 0.848 0.919 0.972 1.042 1.148 1.343 1.661 4.452 1.555 0.866 0.724 0.601 0.477 0.318
0.742 0.654 0.707 0.742 0.777 0.848 0.883 1.042 1.219 1.555 4.134 0.989 0.848 0.671 0.53 0.336
1.678 0.53 0.601 0.565 0.636 0.565 0.565 0.636 0.689 0.777 0.936 42.189 0.654 0.512 0.389 0.371
0.442 0.442 0.459 0.459 0.477 0.477 0.53 0.565 0.636 0.742 0.866 0.724 3.498 0.901 0.636 0.371
0.406 0.389 0.389 0.406 0.424 0.424 0.442 0.477 0.53 0.601 0.671 0.565 0.919 3.816 0.813 0.371
0.371 0.371 0.371 0.371 0.371 0.371 0.389 0.406 0.442 0.477 0.512 0.424 0.654 0.795 2.756 0.406
0.336 0.3 0.3 0.3 0.3 0.3 0.3 0.3 0.3 0.3 0.3 0.406 0.371 0.371 0.389 24.698