27.242 1.961 1.89 1.572 1.343 1.148 1.042 0.954 0.866 0.795 0.777 2.049 0.495 0.406 0.336 0.318
2.032 4.346 2.208 1.855 1.502 1.254 1.095 0.954 0.848 0.813 0.707 0.636 0.495 0.389 0.336 0.3
1.926 2.226 4.876 2.102 1.678 1.413 1.201 1.042 0.954 0.866 0.777 0.742 0.495 0.406 0.336 0.265
1.643 1.873 2.102 4.452 1.943 1.59 1.378 1.166 1.042 0.954 0.83 0.724 0.495 0.406 0.336 0.265
1.396 1.502 1.678 1.961 4.876 1.873 1.572 1.343 1.166 1.042 0.883 0.813 0.53 0.424 0.336 0.265
1.184 1.272 1.396 1.59 1.89 4.452 1.802 1.519 1.307 1.095 0.954 0.707 0.548 0.442 0.336 0.3
1.078 1.095 1.219 1.378 1.572 1.837 4.558 1.749 1.466 1.237 1.025 0.707 0.565 0.459 0.336 0.265
1.007 0.972 1.078 1.166 1.36 1.519 1.749 4.982 1.714 1.431 1.148 0.76 0.618 0.495 0.371 0.265
0.901 0.883 0.954 1.042 1.166 1.307 1.449 1.731 4.346 1.678 1.343 0.795 0.671 0.53 0.371 0.265
0.848 0.813 0.866 0.954 1.042 1.095 1.237 1.413 1.696 4.452 1.608 0.883 0.777 0.601 0.406 0.265
0.813 0.707 0.777 0.83 0.883 0.936 1.042 1.148 1.325 1.608 4.346 1.095 0.972 0.707 0.477 0.3
1.625 0.565 0.601 0.583 0.671 0.583 0.618 0.671 0.724 0.813 1.025 42.189 0.848 0.583 0.389 0.336
0.512 0.477 0.495 0.512 0.512 0.565 0.583 0.636 0.707 0.795 0.989 0.901 4.134 1.06 0.618 0.371
0.442 0.406 0.406 0.424 0.424 0.442 0.459 0.477 0.53 0.601 0.707 0.636 1.06 5.194 0.848 0.353
0.353 0.336 0.336 0.336 0.336 0.336 0.353 0.371 0.371 0.406 0.477 0.424 0.618 0.866 4.24 0.424
0.336 0.283 0.283 0.265 0.265 0.265 0.265 0.265 0.265 0.265 0.283 0.389 0.353 0.336 0.406 24.274