27.242 1.89 1.784 1.484 1.272 1.095 0.989 0.936 0.848 0.777 0.76 1.979 0.459 0.389 0.318 0.3
1.943 4.134 2.102 1.714 1.413 1.201 1.06 0.954 0.866 0.777 0.671 0.601 0.442 0.371 0.336 0.3
1.82 2.102 4.77 1.979 1.608 1.378 1.166 1.042 0.954 0.848 0.742 0.689 0.442 0.371 0.336 0.265
1.502 1.714 1.996 4.452 1.89 1.59 1.378 1.166 1.042 0.919 0.795 0.654 0.477 0.389 0.336 0.265
1.29 1.413 1.59 1.908 4.876 1.837 1.572 1.343 1.148 1.007 0.83 0.742 0.477 0.389 0.336 0.265
1.113 1.201 1.378 1.572 1.855 4.452 1.802 1.484 1.272 1.078 0.883 0.654 0.495 0.406 0.336 0.283
1.042 1.078 1.166 1.378 1.572 1.802 4.558 1.714 1.431 1.184 0.954 0.654 0.512 0.424 0.336 0.265
0.954 0.954 1.042 1.166 1.343 1.484 1.714 4.876 1.714 1.378 1.078 0.724 0.548 0.442 0.353 0.265
0.866 0.848 0.954 1.042 1.148 1.272 1.431 1.714 4.346 1.661 1.272 0.724 0.618 0.495 0.371 0.265
0.813 0.777 0.848 0.936 1.007 1.078 1.166 1.378 1.678 4.452 1.572 0.83 0.724 0.548 0.406 0.265
0.777 0.689 0.742 0.777 0.83 0.883 0.954 1.078 1.272 1.572 4.346 1.007 0.883 0.654 0.459 0.3
1.572 0.512 0.565 0.548 0.618 0.548 0.565 0.618 0.636 0.724 0.936 42.189 0.813 0.565 0.353 0.336
0.459 0.442 0.459 0.459 0.477 0.495 0.53 0.565 0.618 0.707 0.901 0.866 4.558 1.042 0.583 0.371
0.389 0.371 0.371 0.371 0.406 0.406 0.424 0.442 0.477 0.548 0.636 0.601 1.042 4.982 0.813 0.336
0.318 0.336 0.318 0.336 0.336 0.336 0.336 0.353 0.371 0.406 0.442 0.389 0.583 0.813 3.392 0.389
0.3 0.265 0.247 0.265 0.265 0.265 0.265 0.265 0.265 0.265 0.265 0.371 0.353 0.336 0.371 24.274