25.228 1.307 1.237 1.095 1.025 0.936 0.866 0.83 0.76 0.689 0.689 1.837 0.512 0.495 0.442 0.353
1.343 3.286 1.378 1.254 1.095 1.042 0.954 0.848 0.777 0.707 0.654 0.565 0.512 0.495 0.442 0.3
1.254 1.378 3.816 1.343 1.219 1.095 1.007 0.901 0.83 0.777 0.707 0.618 0.548 0.512 0.442 0.3
1.095 1.219 1.36 3.498 1.29 1.148 1.042 0.954 0.848 0.795 0.724 0.601 0.565 0.53 0.442 0.3
1.042 1.095 1.219 1.307 4.134 1.237 1.095 0.972 0.883 0.813 0.742 0.707 0.565 0.53 0.459 0.3
0.954 1.042 1.095 1.148 1.237 3.604 1.166 1.042 0.919 0.848 0.777 0.618 0.583 0.565 0.477 0.336
0.883 0.936 1.007 1.042 1.095 1.166 3.71 1.113 1.007 0.919 0.83 0.636 0.618 0.583 0.495 0.3
0.848 0.848 0.901 0.954 0.972 1.042 1.148 4.134 1.148 1.007 0.919 0.689 0.671 0.618 0.53 0.3
0.76 0.777 0.83 0.848 0.883 0.936 1.007 1.166 3.498 1.148 1.007 0.689 0.742 0.671 0.565 0.318
0.707 0.707 0.76 0.777 0.813 0.848 0.901 1.025 1.166 3.816 1.095 0.742 0.813 0.742 0.601 0.336
0.707 0.671 0.707 0.707 0.742 0.777 0.83 0.919 1.007 1.131 3.498 0.813 0.866 0.813 0.654 0.336
1.484 0.495 0.548 0.53 0.583 0.53 0.548 0.601 0.636 0.671 0.742 42.189 0.654 0.583 0.477 0.371
0.495 0.512 0.53 0.548 0.565 0.583 0.618 0.671 0.742 0.795 0.866 0.724 3.18 0.936 0.742 0.406
0.495 0.495 0.495 0.512 0.53 0.548 0.583 0.618 0.671 0.724 0.795 0.636 0.936 3.922 0.848 0.389
0.424 0.442 0.442 0.442 0.459 0.477 0.495 0.512 0.565 0.601 0.618 0.512 0.742 0.866 2.862 0.406
0.318 0.3 0.283 0.283 0.3 0.3 0.3 0.3 0.3 0.318 0.318 0.406 0.371 0.371 0.406 24.38