25.122 1.237 1.166 1.042 0.989 0.883 0.848 0.795 0.707 0.654 0.636 1.784 0.477 0.459 0.406 0.318
1.237 3.180 1.290 1.166 1.078 0.972 0.883 0.795 0.742 0.671 0.618 0.512 0.477 0.442 0.406 0.300
1.166 1.290 3.710 1.272 1.148 1.042 0.954 0.848 0.777 0.707 0.618 0.583 0.495 0.477 0.406 0.300
1.042 1.166 1.272 3.392 1.219 1.095 0.989 0.883 0.795 0.724 0.654 0.548 0.512 0.477 0.406 0.300
0.989 1.042 1.131 1.237 4.028 1.166 1.042 0.919 0.830 0.760 0.671 0.671 0.512 0.477 0.406 0.300
0.901 0.972 1.042 1.095 1.184 3.604 1.148 1.007 0.883 0.813 0.724 0.565 0.548 0.495 0.442 0.318
0.830 0.883 0.936 0.972 1.042 1.166 3.710 1.113 0.972 0.883 0.795 0.583 0.583 0.548 0.477 0.300
0.830 0.777 0.848 0.883 0.919 1.007 1.131 4.240 1.148 1.007 0.883 0.671 0.618 0.583 0.495 0.300
0.724 0.707 0.777 0.813 0.830 0.883 0.972 1.166 3.392 1.095 0.972 0.671 0.707 0.618 0.530 0.300
0.671 0.671 0.707 0.742 0.742 0.813 0.883 0.989 1.131 3.710 1.060 0.689 0.742 0.689 0.565 0.300
0.654 0.601 0.618 0.671 0.671 0.742 0.777 0.883 0.972 1.060 3.392 0.760 0.795 0.742 0.583 0.336
1.466 0.477 0.495 0.477 0.565 0.512 0.530 0.565 0.583 0.636 0.707 42.189 0.583 0.530 0.442 0.371
0.459 0.477 0.495 0.512 0.512 0.548 0.601 0.636 0.689 0.760 0.813 0.654 3.180 0.830 0.671 0.371
0.459 0.442 0.459 0.477 0.477 0.512 0.548 0.583 0.636 0.689 0.724 0.583 0.848 3.816 0.777 0.371
0.406 0.406 0.406 0.406 0.424 0.442 0.459 0.495 0.512 0.565 0.583 0.477 0.654 0.795 2.862 0.406
0.300 0.300 0.283 0.283 0.283 0.300 0.300 0.300 0.300 0.300 0.300 0.406 0.371 0.353 0.389 24.274
