25.122 1.166 1.148 1.007 0.954 0.866 0.813 0.777 0.689 0.636 0.618 1.82 0.477 0.442 0.371 0.318
1.184 3.074 1.254 1.148 1.042 0.936 0.848 0.777 0.707 0.636 0.601 0.495 0.477 0.442 0.389 0.3
1.148 1.254 3.71 1.237 1.095 1.007 0.919 0.813 0.742 0.671 0.618 0.583 0.477 0.442 0.389 0.265
1.025 1.113 1.237 3.392 1.166 1.06 0.954 0.866 0.777 0.707 0.618 0.548 0.495 0.459 0.406 0.265
0.972 1.042 1.095 1.184 4.028 1.131 1.007 0.901 0.813 0.742 0.671 0.654 0.495 0.477 0.406 0.265
0.866 0.936 1.007 1.06 1.148 3.498 1.095 0.972 0.866 0.777 0.707 0.565 0.53 0.495 0.406 0.3
0.83 0.866 0.919 0.954 1.025 1.131 3.604 1.095 0.954 0.848 0.777 0.583 0.565 0.53 0.442 0.283
0.777 0.777 0.813 0.866 0.883 0.954 1.078 4.134 1.095 0.972 0.866 0.636 0.618 0.583 0.495 0.3
0.689 0.689 0.742 0.777 0.813 0.883 0.954 1.095 3.392 1.095 0.954 0.654 0.671 0.618 0.512 0.3
0.654 0.636 0.671 0.707 0.742 0.795 0.848 0.972 1.078 3.604 1.042 0.671 0.742 0.671 0.548 0.3
0.601 0.601 0.618 0.618 0.654 0.707 0.76 0.866 0.954 1.06 3.392 0.742 0.813 0.742 0.601 0.3
1.484 0.459 0.495 0.477 0.548 0.477 0.512 0.565 0.583 0.618 0.689 42.189 0.583 0.53 0.442 0.353
0.442 0.459 0.495 0.477 0.512 0.53 0.583 0.618 0.689 0.742 0.795 0.654 3.18 0.848 0.654 0.371
0.442 0.442 0.459 0.459 0.477 0.495 0.512 0.583 0.618 0.671 0.724 0.583 0.866 3.922 0.777 0.353
0.371 0.389 0.389 0.406 0.406 0.406 0.442 0.477 0.512 0.548 0.583 0.459 0.654 0.795 2.862 0.371
0.283 0.283 0.265 0.265 0.265 0.265 0.265 0.265 0.283 0.283 0.283 0.389 0.353 0.336 0.371 24.274