25.228 1.254 1.060 0.813 0.707 0.601 0.530 0.512 0.442 0.424 0.424 1.873 0.300 0.283 0.283 0.247
1.272 3.498 1.378 1.042 0.848 0.689 0.601 0.495 0.442 0.406 0.371 0.353 0.300 0.283 0.265 0.230
1.060 1.396 3.922 1.272 0.989 0.813 0.671 0.565 0.495 0.442 0.371 0.459 0.300 0.283 0.265 0.230
0.813 1.042 1.272 3.392 1.148 0.919 0.760 0.618 0.512 0.459 0.406 0.406 0.300 0.283 0.265 0.230
0.724 0.848 0.989 1.166 4.028 1.042 0.813 0.654 0.548 0.477 0.406 0.495 0.300 0.300 0.265 0.212
0.601 0.707 0.813 0.919 1.042 3.286 0.972 0.742 0.618 0.512 0.442 0.371 0.300 0.300 0.265 0.230
0.530 0.601 0.671 0.742 0.848 0.972 3.498 0.883 0.707 0.583 0.477 0.353 0.300 0.300 0.283 0.230
0.512 0.495 0.548 0.601 0.654 0.742 0.883 3.922 0.883 0.671 0.512 0.389 0.336 0.318 0.283 0.212
0.442 0.442 0.477 0.512 0.548 0.601 0.707 0.901 3.392 0.866 0.618 0.424 0.371 0.336 0.300 0.230
0.406 0.406 0.424 0.442 0.477 0.512 0.583 0.671 0.866 3.498 0.795 0.459 0.442 0.371 0.336 0.230
0.406 0.371 0.371 0.371 0.389 0.406 0.442 0.512 0.618 0.795 3.074 0.565 0.512 0.424 0.336 0.212
1.431 0.318 0.371 0.318 0.389 0.318 0.318 0.353 0.389 0.442 0.530 42.189 0.477 0.353 0.283 0.247
0.265 0.300 0.300 0.300 0.300 0.318 0.318 0.353 0.389 0.459 0.530 0.512 2.968 0.618 0.459 0.300
0.265 0.265 0.265 0.283 0.265 0.283 0.300 0.300 0.336 0.371 0.424 0.389 0.636 3.392 0.601 0.283
0.265 0.265 0.247 0.247 0.265 0.265 0.265 0.265 0.300 0.336 0.353 0.283 0.442 0.618 2.756 0.318
0.247 0.230 0.212 0.194 0.194 0.230 0.212 0.194 0.212 0.230 0.230 0.283 0.265 0.265 0.318 24.274
