24.062 0.724 0.654 0.566 0.512 0.460 0.442 0.425 0.389 0.354 0.354 1.716 0.283 0.265 0.248 0.212
0.724 2.544 0.742 0.619 0.565 0.495 0.442 0.407 0.372 0.354 0.336 0.265 0.265 0.265 0.248 0.195
0.636 0.760 2.968 0.743 0.618 0.548 0.495 0.442 0.407 0.372 0.336 0.336 0.265 0.265 0.230 0.177
0.565 0.618 0.742 2.760 0.707 0.619 0.548 0.478 0.442 0.407 0.372 0.318 0.265 0.265 0.248 0.177
0.530 0.565 0.618 0.725 3.503 0.725 0.619 0.531 0.478 0.425 0.372 0.425 0.301 0.265 0.230 0.177
0.459 0.495 0.548 0.619 0.724 2.866 0.743 0.619 0.531 0.478 0.407 0.318 0.301 0.301 0.248 0.195
0.424 0.442 0.495 0.548 0.618 0.761 3.078 0.743 0.619 0.548 0.478 0.354 0.336 0.301 0.265 0.195
0.424 0.406 0.442 0.478 0.530 0.619 0.743 3.715 0.761 0.619 0.548 0.389 0.372 0.336 0.265 0.177
0.389 0.371 0.406 0.442 0.477 0.548 0.619 0.778 3.078 0.778 0.619 0.407 0.407 0.372 0.301 0.195
0.353 0.336 0.353 0.372 0.406 0.478 0.548 0.619 0.761 3.397 0.743 0.442 0.478 0.407 0.318 0.195
0.353 0.318 0.336 0.336 0.371 0.407 0.442 0.531 0.619 0.743 2.972 0.513 0.548 0.478 0.336 0.195
1.343 0.265 0.300 0.283 0.336 0.283 0.318 0.354 0.389 0.425 0.495 42.245 0.442 0.389 0.283 0.230
0.230 0.247 0.265 0.265 0.283 0.318 0.318 0.354 0.425 0.460 0.548 0.478 2.760 0.619 0.442 0.283
0.247 0.247 0.265 0.265 0.265 0.283 0.301 0.318 0.354 0.407 0.460 0.389 0.619 3.397 0.548 0.248
0.230 0.247 0.230 0.230 0.230 0.248 0.265 0.265 0.301 0.301 0.336 0.283 0.442 0.566 2.760 0.301
0.194 0.194 0.177 0.177 0.177 0.195 0.177 0.177 0.195 0.195 0.195 0.265 0.265 0.230 0.301 24.095
