25.758 1.343 1.237 1.06 0.989 0.901 0.813 0.795 0.707 0.636 0.636 1.784 0.459 0.424 0.389 0.353
1.378 3.498 1.449 1.254 1.095 0.989 0.883 0.777 0.707 0.654 0.583 0.495 0.442 0.406 0.371 0.336
1.254 1.466 3.922 1.449 1.254 1.095 0.972 0.866 0.777 0.707 0.618 0.583 0.442 0.424 0.371 0.3
1.095 1.272 1.466 3.604 1.396 1.219 1.078 0.936 0.83 0.742 0.636 0.565 0.459 0.442 0.371 0.3
1.007 1.095 1.272 1.413 4.24 1.343 1.166 1.007 0.883 0.777 0.671 0.654 0.477 0.442 0.371 0.3
0.901 1.007 1.095 1.219 1.36 3.71 1.29 1.095 0.972 0.848 0.707 0.565 0.495 0.459 0.406 0.336
0.848 0.901 0.972 1.078 1.166 1.307 3.816 1.254 1.078 0.919 0.777 0.583 0.512 0.477 0.406 0.3
0.813 0.813 0.883 0.954 1.042 1.095 1.272 4.346 1.272 1.078 0.901 0.636 0.565 0.512 0.442 0.318
0.724 0.724 0.777 0.83 0.883 0.972 1.078 1.307 3.71 1.272 1.042 0.689 0.618 0.583 0.477 0.318
0.671 0.654 0.707 0.742 0.777 0.848 0.919 1.06 1.307 4.028 1.237 0.742 0.707 0.654 0.512 0.318
0.654 0.583 0.618 0.636 0.671 0.724 0.777 0.883 1.042 1.254 3.71 0.866 0.83 0.724 0.565 0.336
1.449 0.459 0.495 0.477 0.548 0.477 0.512 0.565 0.601 0.671 0.813 42.189 0.671 0.565 0.442 0.371
0.459 0.442 0.459 0.477 0.477 0.512 0.512 0.583 0.636 0.724 0.83 0.724 3.392 0.972 0.724 0.406
0.424 0.424 0.424 0.442 0.442 0.477 0.477 0.512 0.583 0.636 0.724 0.618 0.989 3.922 0.848 0.389
0.389 0.389 0.389 0.389 0.389 0.406 0.406 0.442 0.477 0.512 0.565 0.477 0.707 0.866 3.074 0.424
0.336 0.318 0.318 0.3 0.3 0.3 0.3 0.3 0.3 0.318 0.318 0.406 0.371 0.371 0.424 24.274