25.581 1.999 1.822 1.504 1.309 1.079 0.920 0.831 0.725 0.655 0.637 2.034 0.460 0.389 0.354 0.318
2.017 4.140 2.087 1.716 1.415 1.168 0.955 0.796 0.708 0.619 0.584 0.566 0.425 0.354 0.336 0.301
1.840 2.105 4.564 1.875 1.557 1.274 1.044 0.849 0.743 0.672 0.601 0.672 0.442 0.372 0.336 0.301
1.521 1.716 1.911 4.140 1.734 1.415 1.115 0.938 0.814 0.708 0.637 0.637 0.442 0.372 0.336 0.301
1.309 1.415 1.557 1.751 4.883 1.716 1.362 1.061 0.920 0.814 0.708 0.725 0.478 0.407 0.372 0.283
1.079 1.168 1.274 1.415 1.734 4.140 1.628 1.256 1.079 0.920 0.796 0.619 0.513 0.442 0.372 0.301
0.938 0.955 1.026 1.132 1.344 1.628 4.246 1.415 1.185 1.044 0.885 0.637 0.548 0.478 0.389 0.301
0.831 0.796 0.849 0.920 1.061 1.256 1.451 4.564 1.415 1.168 0.991 0.672 0.584 0.495 0.407 0.283
0.725 0.708 0.743 0.814 0.920 1.061 1.168 1.415 3.927 1.415 1.150 0.708 0.655 0.548 0.442 0.301
0.672 0.637 0.672 0.708 0.814 0.920 1.044 1.168 1.433 4.246 1.433 0.814 0.778 0.637 0.495 0.301
0.637 0.584 0.619 0.655 0.708 0.814 0.885 0.991 1.168 1.451 3.821 0.973 0.938 0.761 0.584 0.301
1.539 0.513 0.566 0.513 0.601 0.548 0.566 0.584 0.672 0.743 0.920 42.245 0.885 0.708 0.531 0.336
0.442 0.425 0.442 0.460 0.478 0.513 0.566 0.601 0.672 0.778 0.920 0.920 3.715 1.344 0.938 0.407
0.425 0.389 0.407 0.425 0.442 0.460 0.478 0.531 0.584 0.655 0.778 0.761 1.380 4.564 1.256 0.425
0.354 0.354 0.354 0.372 0.372 0.389 0.407 0.442 0.478 0.513 0.584 0.566 0.955 1.274 3.715 0.460
0.301 0.301 0.283 0.283 0.265 0.301 0.301 0.283 0.301 0.301 0.301 0.354 0.389 0.372 0.425 24.095
