25.758 1.325 1.237 1.06 0.972 0.883 0.83 0.777 0.689 0.636 0.618 1.784 0.459 0.424 0.371 0.336
1.378 3.498 1.449 1.237 1.078 0.972 0.883 0.777 0.689 0.654 0.565 0.512 0.424 0.406 0.371 0.3
1.254 1.466 3.922 1.413 1.254 1.095 0.972 0.866 0.777 0.671 0.618 0.583 0.442 0.406 0.371 0.3
1.06 1.254 1.449 3.604 1.378 1.184 1.078 0.919 0.813 0.742 0.618 0.548 0.459 0.424 0.371 0.3
1.007 1.095 1.254 1.396 4.24 1.343 1.148 1.007 0.883 0.777 0.671 0.654 0.477 0.442 0.371 0.3
0.901 0.972 1.095 1.184 1.343 3.71 1.307 1.095 0.954 0.848 0.707 0.565 0.495 0.459 0.389 0.3
0.83 0.866 0.972 1.06 1.148 1.29 3.816 1.254 1.078 0.919 0.777 0.583 0.512 0.477 0.406 0.3
0.795 0.777 0.848 0.919 0.989 1.095 1.272 4.346 1.272 1.078 0.901 0.636 0.565 0.53 0.406 0.3
0.689 0.707 0.76 0.813 0.883 0.954 1.078 1.307 3.71 1.272 1.042 0.671 0.618 0.565 0.459 0.3
0.636 0.618 0.689 0.724 0.777 0.83 0.936 1.078 1.272 4.028 1.254 0.724 0.724 0.636 0.495 0.318
0.636 0.565 0.618 0.618 0.671 0.707 0.795 0.919 1.042 1.254 3.71 0.848 0.813 0.742 0.548 0.318
1.431 0.442 0.495 0.477 0.53 0.477 0.512 0.565 0.583 0.671 0.795 42.189 0.671 0.583 0.442 0.371
0.424 0.442 0.442 0.459 0.459 0.477 0.53 0.583 0.636 0.724 0.813 0.724 3.498 1.007 0.689 0.406
0.424 0.406 0.406 0.406 0.442 0.442 0.477 0.512 0.583 0.636 0.724 0.618 1.007 4.134 0.813 0.371
0.353 0.371 0.353 0.371 0.371 0.371 0.406 0.442 0.442 0.495 0.548 0.477 0.689 0.83 3.392 0.424
0.318 0.3 0.283 0.265 0.283 0.3 0.3 0.3 0.3 0.3 0.3 0.406 0.371 0.353 0.424 24.274