25.758 1.378 1.254 1.06 0.989 0.901 0.813 0.76 0.689 0.636 0.636 1.784 0.459 0.424 0.353 0.318
1.396 3.498 1.466 1.254 1.095 0.989 0.883 0.777 0.707 0.618 0.583 0.495 0.442 0.406 0.353 0.3
1.254 1.466 3.922 1.449 1.254 1.095 0.972 0.848 0.76 0.671 0.618 0.583 0.442 0.406 0.371 0.3
1.078 1.254 1.466 3.604 1.413 1.219 1.042 0.919 0.813 0.724 0.654 0.565 0.459 0.424 0.371 0.3
0.972 1.095 1.254 1.396 4.24 1.343 1.148 1.007 0.883 0.777 0.671 0.654 0.477 0.442 0.371 0.3
0.883 0.972 1.095 1.219 1.36 3.71 1.29 1.095 0.954 0.83 0.742 0.583 0.495 0.459 0.371 0.3
0.813 0.866 0.972 1.042 1.148 1.307 3.816 1.237 1.042 0.919 0.795 0.583 0.53 0.477 0.406 0.3
0.777 0.777 0.848 0.919 0.989 1.095 1.237 4.346 1.272 1.06 0.901 0.618 0.583 0.53 0.406 0.3
0.689 0.671 0.742 0.813 0.883 0.954 1.042 1.272 3.71 1.254 1.042 0.671 0.654 0.565 0.442 0.3
0.636 0.618 0.671 0.707 0.777 0.848 0.919 1.06 1.254 4.028 1.254 0.742 0.742 0.636 0.495 0.3
0.618 0.565 0.618 0.654 0.671 0.742 0.795 0.919 1.042 1.237 3.71 0.848 0.848 0.742 0.548 0.318
1.431 0.442 0.495 0.477 0.548 0.495 0.512 0.565 0.583 0.671 0.813 42.189 0.707 0.583 0.442 0.371
0.442 0.442 0.459 0.459 0.477 0.512 0.53 0.583 0.636 0.742 0.866 0.76 3.498 1.007 0.689 0.371
0.406 0.406 0.424 0.424 0.442 0.477 0.477 0.512 0.583 0.636 0.724 0.636 1.007 4.134 0.848 0.371
0.353 0.371 0.353 0.371 0.371 0.371 0.406 0.406 0.442 0.495 0.548 0.459 0.689 0.866 3.71 0.424
0.3 0.3 0.283 0.283 0.283 0.3 0.3 0.3 0.3 0.3 0.3 0.389 0.371 0.353 0.406 24.274