25.228 1.625 1.555 1.378 1.272 1.166 1.095 1.025 0.919 0.848 0.795 1.943 0.618 0.583 0.495 0.353
1.661 3.71 1.696 1.555 1.413 1.29 1.166 1.042 0.954 0.866 0.777 0.654 0.601 0.565 0.477 0.336
1.59 1.749 4.134 1.678 1.519 1.378 1.272 1.095 0.989 0.901 0.813 0.724 0.618 0.583 0.495 0.336
1.449 1.608 1.714 3.816 1.608 1.466 1.325 1.148 1.042 0.919 0.848 0.707 0.618 0.601 0.512 0.318
1.378 1.466 1.555 1.608 4.452 1.555 1.378 1.166 1.078 0.972 0.848 0.795 0.654 0.601 0.512 0.336
1.254 1.378 1.413 1.466 1.555 4.028 1.519 1.29 1.148 1.042 0.919 0.724 0.671 0.618 0.548 0.336
1.166 1.254 1.29 1.325 1.378 1.519 4.346 1.449 1.254 1.113 1.007 0.76 0.742 0.671 0.583 0.336
1.095 1.095 1.095 1.148 1.166 1.254 1.449 4.558 1.449 1.29 1.095 0.813 0.83 0.777 0.618 0.336
0.989 0.989 1.007 1.025 1.042 1.095 1.254 1.466 3.71 1.413 1.219 0.83 0.883 0.813 0.671 0.336
0.919 0.919 0.919 0.936 0.954 1.025 1.131 1.29 1.431 4.028 1.36 0.866 0.954 0.883 0.724 0.336
0.866 0.813 0.813 0.813 0.848 0.919 0.989 1.148 1.254 1.378 3.71 0.919 1.042 0.954 0.76 0.371
1.643 0.601 0.636 0.601 0.671 0.636 0.671 0.724 0.742 0.795 0.866 42.189 0.724 0.671 0.53 0.406
0.636 0.636 0.618 0.636 0.636 0.689 0.76 0.866 0.901 0.989 1.042 0.795 3.286 1.042 0.83 0.406
0.601 0.583 0.565 0.583 0.618 0.636 0.707 0.795 0.848 0.901 0.972 0.724 1.06 3.71 0.936 0.389
0.53 0.512 0.495 0.495 0.512 0.548 0.601 0.654 0.689 0.742 0.777 0.583 0.848 0.954 2.862 0.424
0.353 0.336 0.283 0.3 0.3 0.318 0.336 0.336 0.336 0.353 0.353 0.442 0.389 0.389 0.424 24.592