25.122 1.59 1.555 1.396 1.325 1.201 1.113 1.06 0.936 0.883 0.83 1.943 0.618 0.583 0.477 0.353
1.608 3.604 1.678 1.555 1.431 1.325 1.219 1.078 0.972 0.883 0.795 0.671 0.618 0.583 0.477 0.318
1.572 1.696 4.24 1.678 1.555 1.413 1.29 1.148 1.042 0.954 0.848 0.76 0.618 0.601 0.495 0.318
1.413 1.572 1.696 4.77 1.643 1.484 1.343 1.184 1.06 0.972 0.883 0.742 0.654 0.601 0.512 0.318
1.325 1.413 1.537 1.643 4.876 1.555 1.413 1.254 1.095 1.007 0.883 0.848 0.671 0.618 0.512 0.3
1.219 1.307 1.413 1.484 1.572 4.24 1.484 1.307 1.148 1.042 0.954 0.742 0.671 0.654 0.53 0.336
1.148 1.219 1.29 1.36 1.413 1.519 4.134 1.449 1.237 1.113 0.989 0.76 0.742 0.671 0.565 0.336
1.078 1.078 1.148 1.166 1.254 1.307 1.466 4.77 1.413 1.254 1.095 0.83 0.813 0.742 0.601 0.336
0.954 0.972 1.042 1.06 1.095 1.148 1.219 1.431 3.922 1.413 1.219 0.848 0.883 0.813 0.654 0.336
0.901 0.883 0.936 0.972 1.007 1.06 1.095 1.254 1.431 4.028 1.378 0.901 0.954 0.883 0.707 0.353
0.848 0.795 0.83 0.883 0.901 0.936 1.007 1.095 1.219 1.378 3.816 0.972 1.042 0.972 0.76 0.353
1.625 0.583 0.654 0.636 0.707 0.636 0.671 0.724 0.76 0.813 0.901 42.189 0.777 0.707 0.565 0.371
0.601 0.618 0.618 0.636 0.654 0.689 0.724 0.795 0.866 0.954 1.06 0.848 3.498 1.078 0.866 0.424
0.565 0.583 0.601 0.618 0.618 0.636 0.689 0.742 0.813 0.883 0.972 0.76 1.113 3.922 0.989 0.406
0.495 0.495 0.495 0.495 0.512 0.53 0.565 0.601 0.654 0.707 0.777 0.618 0.848 1.007 3.074 0.442
0.336 0.318 0.3 0.3 0.3 0.318 0.318 0.318 0.318 0.318 0.336 0.424 0.406 0.389 0.442 24.38