25.228 1.502 1.466 1.325 1.254 1.148 1.042 0.954 0.848 0.777 0.724 1.943 0.565 0.53 0.459 0.353
1.537 3.498 1.643 1.484 1.378 1.254 1.095 0.972 0.866 0.777 0.707 0.618 0.548 0.512 0.442 0.336
1.484 1.643 4.134 1.625 1.466 1.343 1.166 1.042 0.901 0.813 0.742 0.689 0.565 0.53 0.459 0.336
1.36 1.484 1.625 4.134 1.572 1.413 1.237 1.078 0.954 0.83 0.742 0.689 0.583 0.548 0.459 0.336
1.254 1.36 1.449 1.572 4.77 1.519 1.307 1.113 1.007 0.883 0.777 0.777 0.601 0.565 0.477 0.318
1.148 1.254 1.325 1.413 1.537 4.028 1.449 1.219 1.06 0.954 0.83 0.689 0.618 0.601 0.495 0.336
1.042 1.095 1.166 1.219 1.307 1.466 4.346 1.396 1.166 1.042 0.919 0.724 0.689 0.636 0.53 0.336
0.972 0.954 1.025 1.078 1.113 1.219 1.396 4.558 1.413 1.219 1.042 0.777 0.777 0.707 0.583 0.336
0.866 0.848 0.901 0.954 1.007 1.078 1.166 1.413 3.71 1.36 1.148 0.795 0.83 0.777 0.618 0.336
0.795 0.777 0.813 0.848 0.901 0.954 1.06 1.219 1.378 4.028 1.254 0.83 0.901 0.83 0.654 0.353
0.742 0.707 0.742 0.777 0.813 0.848 0.954 1.078 1.166 1.307 3.604 0.883 0.972 0.883 0.671 0.336
1.572 0.53 0.601 0.565 0.671 0.583 0.636 0.689 0.724 0.724 0.813 42.189 0.689 0.636 0.495 0.371
0.565 0.548 0.565 0.583 0.618 0.636 0.724 0.795 0.866 0.919 0.972 0.76 3.18 0.936 0.76 0.406
0.53 0.512 0.548 0.565 0.583 0.618 0.654 0.724 0.795 0.83 0.883 0.689 0.954 3.498 0.83 0.389
0.442 0.459 0.459 0.477 0.495 0.512 0.548 0.601 0.618 0.654 0.689 0.548 0.742 0.848 2.862 0.406
0.336 0.318 0.318 0.318 0.318 0.336 0.318 0.336 0.336 0.336 0.336 0.442 0.406 0.371 0.424 24.38