24.307 1.061 1.008 0.885 0.831 0.761 0.708 0.69 0.619 0.584 0.584 1.858 0.442 0.425 0.354 0.283
1.079 3.078 1.132 1.026 0.92 0.849 0.778 0.708 0.655 0.619 0.548 0.46 0.442 0.407 0.354 0.248
1.008 1.15 3.503 1.15 1.026 0.938 0.849 0.778 0.708 0.655 0.619 0.566 0.478 0.442 0.372 0.265
0.902 1.008 1.15 3.184 1.097 0.991 0.92 0.831 0.743 0.708 0.637 0.548 0.478 0.442 0.389 0.248
0.831 0.92 1.026 1.097 3.927 1.079 0.973 0.885 0.814 0.743 0.655 0.655 0.495 0.478 0.389 0.248
0.778 0.849 0.938 0.991 1.061 3.29 1.044 0.938 0.849 0.778 0.708 0.548 0.513 0.478 0.407 0.265
0.725 0.778 0.867 0.92 0.955 1.061 3.397 1.008 0.902 0.814 0.743 0.548 0.548 0.513 0.425 0.265
0.69 0.708 0.796 0.814 0.885 0.92 1.026 3.821 1.008 0.902 0.814 0.601 0.584 0.531 0.442 0.248
0.637 0.637 0.725 0.761 0.796 0.849 0.902 1.008 3.29 0.991 0.885 0.619 0.619 0.584 0.478 0.265
0.584 0.619 0.655 0.69 0.743 0.778 0.814 0.885 0.991 3.503 0.991 0.637 0.69 0.619 0.513 0.265
0.584 0.548 0.601 0.637 0.655 0.708 0.743 0.814 0.885 0.991 3.184 0.708 0.743 0.672 0.548 0.265
1.486 0.442 0.478 0.478 0.548 0.478 0.513 0.531 0.566 0.584 0.69 42.245 0.584 0.531 0.425 0.283
0.425 0.442 0.478 0.495 0.513 0.513 0.548 0.584 0.637 0.672 0.761 0.619 2.866 0.831 0.637 0.336
0.407 0.407 0.442 0.46 0.478 0.478 0.513 0.531 0.584 0.619 0.672 0.548 0.831 3.503 0.778 0.318
0.354 0.372 0.372 0.372 0.389 0.407 0.407 0.442 0.478 0.495 0.531 0.442 0.637 0.796 2.866 0.354
0.265 0.248 0.248 0.248 0.23 0.265 0.248 0.265 0.248 0.265 0.265 0.318 0.336 0.301 0.354 24.095