25.368 1.592 1.415 1.168 1.061 0.92 0.796 0.725 0.637 0.619 0.584 1.946 0.407 0.372 0.318 0.265
1.59 3.927 1.769 1.468 1.185 1.044 0.885 0.743 0.655 0.584 0.513 0.495 0.372 0.336 0.301 0.248
1.449 1.751 4.352 1.787 1.451 1.221 1.044 0.849 0.743 0.655 0.584 0.601 0.407 0.372 0.301 0.23
1.201 1.451 1.787 4.033 1.681 1.415 1.168 0.955 0.814 0.725 0.619 0.584 0.407 0.372 0.336 0.23
1.06 1.185 1.451 1.698 4.67 1.61 1.309 1.061 0.902 0.778 0.655 0.69 0.442 0.407 0.336 0.23
0.919 1.044 1.203 1.398 1.61 3.927 1.486 1.168 0.991 0.849 0.725 0.584 0.478 0.407 0.354 0.248
0.813 0.867 1.026 1.15 1.327 1.504 3.927 1.38 1.097 0.955 0.796 0.601 0.495 0.442 0.372 0.23
0.742 0.743 0.849 0.955 1.061 1.168 1.38 4.458 1.38 1.097 0.92 0.637 0.584 0.495 0.407 0.23
0.671 0.637 0.725 0.814 0.902 0.991 1.097 1.38 3.927 1.38 1.097 0.708 0.672 0.584 0.46 0.248
0.636 0.584 0.637 0.725 0.796 0.849 0.955 1.132 1.398 4.246 1.398 0.814 0.814 0.672 0.531 0.265
0.601 0.531 0.584 0.619 0.655 0.743 0.796 0.92 1.097 1.398 3.821 0.973 1.008 0.849 0.619 0.265
1.537 0.442 0.495 0.478 0.548 0.495 0.513 0.566 0.637 0.743 0.938 42.245 0.867 0.708 0.513 0.301
0.406 0.372 0.389 0.425 0.46 0.478 0.513 0.584 0.672 0.814 1.026 0.902 3.503 1.185 0.867 0.372
0.371 0.336 0.372 0.389 0.407 0.425 0.442 0.513 0.584 0.69 0.831 0.725 1.185 4.246 1.097 0.354
0.318 0.301 0.301 0.318 0.336 0.354 0.372 0.407 0.442 0.513 0.619 0.548 0.867 1.097 3.29 0.389
0.265 0.23 0.23 0.23 0.23 0.23 0.23 0.23 0.23 0.248 0.265 0.318 0.336 0.336 0.372 24.201