25.156 1.592 1.415 1.168 1.044 0.92 0.796 0.743 0.637 0.601 0.584 2.105 0.425 0.372 0.318 0.283
1.61 3.821 1.751 1.451 1.185 1.044 0.885 0.743 0.655 0.584 0.513 0.513 0.372 0.336 0.318 0.248
1.433 1.769 4.352 1.787 1.451 1.221 1.026 0.849 0.743 0.655 0.584 0.672 0.407 0.372 0.336 0.248
1.185 1.468 1.787 4.033 1.681 1.415 1.15 0.955 0.814 0.708 0.619 0.619 0.442 0.372 0.336 0.248
1.061 1.185 1.451 1.698 4.67 1.61 1.291 1.079 0.902 0.778 0.655 0.69 0.442 0.407 0.336 0.23
0.938 1.044 1.221 1.398 1.61 3.927 1.486 1.168 0.991 0.849 0.725 0.584 0.478 0.442 0.372 0.265
0.814 0.885 1.026 1.15 1.309 1.486 3.927 1.38 1.097 0.955 0.796 0.601 0.513 0.46 0.372 0.248
0.761 0.743 0.849 0.955 1.061 1.168 1.362 4.564 1.38 1.097 0.92 0.637 0.584 0.495 0.407 0.248
0.637 0.637 0.743 0.814 0.902 0.991 1.097 1.38 3.927 1.38 1.097 0.69 0.672 0.584 0.478 0.248
0.619 0.584 0.655 0.708 0.796 0.849 0.955 1.097 1.398 4.14 1.38 0.778 0.814 0.69 0.548 0.265
0.601 0.513 0.584 0.619 0.655 0.725 0.796 0.92 1.097 1.398 3.821 0.92 0.991 0.849 0.619 0.265
1.645 0.46 0.548 0.513 0.584 0.513 0.513 0.566 0.637 0.725 0.885 42.245 0.831 0.672 0.513 0.301
0.389 0.389 0.407 0.425 0.46 0.478 0.531 0.584 0.672 0.814 1.026 0.849 3.503 1.185 0.867 0.372
0.389 0.354 0.372 0.389 0.407 0.425 0.46 0.513 0.584 0.69 0.831 0.708 1.185 4.246 1.079 0.354
0.318 0.318 0.318 0.336 0.336 0.372 0.372 0.407 0.478 0.531 0.619 0.531 0.849 1.079 3.29 0.372
0.265 0.248 0.23 0.23 0.23 0.248 0.23 0.23 0.23 0.265 0.265 0.318 0.336 0.336 0.372 24.095