24.944 1.486 1.344 1.097 0.991 0.867 0.743 0.69 0.619 0.584 0.548 1.911 0.389 0.354 0.318 0.283
1.539 3.715 1.681 1.38 1.15 0.991 0.849 0.708 0.619 0.566 0.495 0.478 0.354 0.336 0.301 0.248
1.362 1.698 4.14 1.681 1.38 1.15 0.973 0.814 0.708 0.619 0.548 0.601 0.372 0.354 0.301 0.23
1.115 1.38 1.698 3.821 1.574 1.327 1.079 0.885 0.778 0.672 0.584 0.548 0.407 0.372 0.318 0.248
0.991 1.15 1.38 1.592 4.458 1.486 1.221 1.008 0.849 0.743 0.619 0.655 0.407 0.372 0.318 0.23
0.885 0.973 1.15 1.309 1.504 3.715 1.38 1.097 0.938 0.814 0.672 0.531 0.442 0.407 0.336 0.248
0.778 0.831 0.973 1.079 1.221 1.398 3.927 1.274 1.061 0.902 0.743 0.566 0.478 0.442 0.372 0.248
0.708 0.708 0.814 0.902 1.008 1.097 1.291 4.352 1.327 1.097 0.902 0.601 0.548 0.478 0.372 0.248
0.619 0.619 0.708 0.778 0.849 0.938 1.061 1.344 3.927 1.38 1.079 0.69 0.655 0.566 0.442 0.265
0.584 0.566 0.619 0.672 0.743 0.796 0.902 1.097 1.362 4.033 1.344 0.778 0.796 0.672 0.513 0.265
0.584 0.495 0.531 0.584 0.619 0.655 0.743 0.885 1.079 1.362 3.821 0.955 0.991 0.814 0.601 0.265
1.486 0.425 0.495 0.478 0.513 0.478 0.478 0.548 0.619 0.725 0.938 42.245 0.796 0.637 0.478 0.301
0.354 0.372 0.389 0.389 0.407 0.46 0.478 0.566 0.637 0.778 0.991 0.814 3.29 1.132 0.778 0.372
0.372 0.336 0.354 0.372 0.372 0.407 0.425 0.478 0.584 0.672 0.831 0.655 1.132 3.927 0.955 0.336
0.301 0.301 0.301 0.318 0.336 0.336 0.354 0.389 0.442 0.495 0.601 0.478 0.778 0.955 3.078 0.372
0.248 0.23 0.23 0.23 0.23 0.23 0.23 0.23 0.23 0.248 0.265 0.318 0.336 0.318 0.372 23.458