4.253 1.127 1.018 0.982 0.927 0.927 0.872 0.854 0.818 0.782 0.782 0.763 0.709 0.691 0.654 0.618
1.127 5.671 1.127 1 0.945 0.927 0.872 0.854 0.818 0.782 0.782 0.745 0.691 0.673 0.636 0.618
1.018 1.109 3.926 1.091 1 0.945 0.927 0.854 0.836 0.8 0.782 0.745 0.691 0.673 0.636 0.636
0.963 1 1.127 3.926 1.072 1 0.945 0.909 0.854 0.818 0.8 0.782 0.709 0.691 0.673 0.636
0.854 0.945 1 1.054 3.926 1.072 0.982 0.927 0.891 0.854 0.818 0.782 0.709 0.691 0.654 0.636
0.854 0.909 0.945 1 1.054 3.926 1.072 0.982 0.927 0.872 0.836 0.8 0.745 0.691 0.673 0.636
0.854 0.872 0.909 0.927 1 1.054 4.035 1.054 0.982 0.927 0.854 0.818 0.782 0.691 0.673 0.636
0.836 0.854 0.872 0.891 0.927 0.982 1.054 3.817 1.054 0.982 0.927 0.854 0.8 0.745 0.691 0.636
0.8 0.818 0.836 0.854 0.891 0.927 0.982 1.054 4.144 1.054 0.963 0.909 0.818 0.782 0.691 0.673
0.782 0.763 0.8 0.818 0.854 0.891 0.927 0.982 1.054 4.362 1.054 0.945 0.854 0.8 0.709 0.673
0.763 0.745 0.763 0.782 0.818 0.836 0.854 0.927 0.945 1.036 4.908 1 0.927 0.818 0.745 0.691
0.727 0.745 0.727 0.763 0.782 0.782 0.818 0.854 0.909 0.945 1 3.817 0.982 0.854 0.782 0.691
0.709 0.709 0.709 0.709 0.709 0.745 0.782 0.8 0.818 0.854 0.909 0.982 5.671 0.945 0.836 0.745
0.673 0.673 0.691 0.691 0.691 0.691 0.709 0.745 0.782 0.782 0.818 0.854 0.945 4.035 0.945 0.818
0.636 0.636 0.654 0.654 0.654 0.673 0.673 0.691 0.691 0.709 0.745 0.782 0.836 0.945 4.253 0.927
0.6 0.6 0.6 0.618 0.636 0.636 0.636 0.636 0.673 0.673 0.691 0.691 0.782 0.818 0.927 4.362