7.72045	0.74785	0.5059	0.41792	0.39592	0.32993	0.30794	0.24195	0.21996	0.17596	0.15397	0.13197	0.08798	0.08798	0.04399	0.022
0.76985	7.19255	0.70386	0.52789	0.43991	0.39592	0.35193	0.30794	0.28594	0.21996	0.19796	0.15397	0.13197	0.10998	0.06599	0
0.4839	0.68186	7.72045	0.63787	0.5059	0.41792	0.37392	0.32993	0.28594	0.21996	0.19796	0.15397	0.10998	0.10998	0.04399	0.022
0.39592	0.5059	0.63787	7.32453	0.63787	0.5059	0.43991	0.37392	0.32993	0.26395	0.21996	0.17596	0.15397	0.10998	0.08798	0
0.37392	0.41792	0.4839	0.63787	7.9844	0.63787	0.4839	0.41792	0.35193	0.28594	0.24195	0.19796	0.15397	0.13197	0.06599	0
0.28594	0.35193	0.39592	0.4839	0.63787	8.38032	0.59388	0.4839	0.39592	0.32993	0.26395	0.21996	0.17596	0.13197	0.08798	0
0.26395	0.30794	0.35193	0.41792	0.4839	0.63787	7.72045	0.54989	0.46191	0.37392	0.30794	0.26395	0.21996	0.17596	0.10998	0.022
0.28594	0.32993	0.37392	0.43991	0.4839	0.54989	0.63787	4.35512	0.61588	0.4839	0.41792	0.35193	0.30794	0.26395	0.19796	0.10998
0.24195	0.26395	0.30794	0.35193	0.39592	0.43991	0.5059	0.59388	6.13677	0.57189	0.43991	0.37392	0.32993	0.26395	0.19796	0.08798
0.19796	0.21996	0.26395	0.30794	0.32993	0.39592	0.41792	0.4839	0.57189	6.26874	0.54989	0.46191	0.37392	0.30794	0.21996	0.13197
0.17596	0.19796	0.21996	0.26395	0.28594	0.32993	0.37392	0.39592	0.46191	0.54989	5.93881	0.54989	0.43991	0.35193	0.26395	0.15397
0.13197	0.15397	0.17596	0.19796	0.21996	0.26395	0.28594	0.32993	0.37392	0.46191	0.54989	6.79663	0.52789	0.39592	0.28594	0.17596
0.08798	0.10998	0.13197	0.15397	0.17596	0.19796	0.21996	0.26395	0.28594	0.35193	0.39592	0.52789	8.11637	0.54989	0.35193	0.19796
0.08798	0.08798	0.10998	0.13197	0.15397	0.17596	0.19796	0.21996	0.24195	0.28594	0.35193	0.39592	0.57189	8.77624	0.57189	0.26395
0.022	0.04399	0.06599	0.08798	0.08798	0.10998	0.13197	0.15397	0.17596	0.19796	0.24195	0.28594	0.35193	0.57189	11.87761 0.54989
0	0	0.022	0.04399	0.04399	0.06599	0.06599	0.08798	0.10998	0.13197	0.15397	0.19796	0.24195	0.28594	0.59388	11.87761