3.609 1.256 0.991 0.938 0.885 0.814 0.796 0.761 0.725 0.69 0.655 0.637 0.619 0.584 0.566 0.513
1.256 3.821 1.061 0.955 0.885 0.849 0.778 0.743 0.725 0.69 0.655 0.619 0.601 0.584 0.566 0.513
0.973 1.061 4.989 1.044 0.938 0.849 0.814 0.778 0.743 0.69 0.655 0.619 0.619 0.584 0.566 0.513
0.902 0.938 1.061 4.246 1.008 0.92 0.849 0.796 0.743 0.725 0.672 0.637 0.619 0.601 0.566 0.513
0.849 0.885 0.938 1.008 3.927 0.973 0.885 0.814 0.778 0.743 0.69 0.655 0.619 0.601 0.584 0.548
0.814 0.831 0.867 0.92 0.973 3.927 0.955 0.885 0.814 0.761 0.725 0.672 0.637 0.619 0.584 0.548
0.778 0.778 0.796 0.849 0.885 0.955 4.033 0.955 0.885 0.814 0.761 0.725 0.672 0.637 0.619 0.566
0.743 0.743 0.761 0.796 0.831 0.885 0.955 4.14 0.955 0.849 0.796 0.743 0.708 0.655 0.619 0.584
0.69 0.708 0.725 0.761 0.778 0.814 0.885 0.955 3.715 0.955 0.849 0.778 0.743 0.69 0.637 0.601
0.672 0.672 0.69 0.725 0.743 0.761 0.814 0.867 0.938 3.715 0.938 0.849 0.778 0.725 0.672 0.619
0.655 0.637 0.655 0.69 0.69 0.725 0.761 0.796 0.849 0.938 4.458 0.938 0.849 0.778 0.708 0.637
0.637 0.637 0.637 0.637 0.655 0.672 0.708 0.743 0.778 0.849 0.938 4.564 0.955 0.849 0.761 0.69
0.601 0.601 0.619 0.619 0.619 0.637 0.672 0.69 0.743 0.778 0.849 0.955 4.564 0.955 0.831 0.725
0.584 0.584 0.584 0.584 0.619 0.619 0.619 0.655 0.69 0.725 0.778 0.849 0.955 4.776 0.955 0.796
0.566 0.566 0.548 0.584 0.584 0.584 0.619 0.619 0.637 0.672 0.708 0.761 0.831 0.955 5.944 0.955
0.513 0.531 0.513 0.513 0.548 0.548 0.566 0.584 0.601 0.619 0.637 0.69 0.725 0.796 0.938 5.944