3.960448 1.575319 1.359749 1.241609 1.109463 0.995681 0.901337 0.844679 0.815932 0.801928 0.764643 0.725943 0.698208 0.648679 0.607903 0.569691
1.568515 6.486794 1.534936 1.279802 1.123963 0.991381 0.901337 0.852023 0.815932 0.801928 0.761341 0.725943 0.692190 0.648679 0.605278 0.567230
1.348029 1.548280 5.432033 1.432237 1.158537 1.008694 0.901337 0.852023 0.815932 0.801928 0.764643 0.729091 0.701237 0.654319 0.613188 0.572162
1.241609 1.279802 1.419893 5.201941 1.225592 1.030761 0.909173 0.848343 0.819471 0.801928 0.767960 0.732254 0.701237 0.651493 0.613188 0.574643
1.119108 1.133734 1.168609 1.241609 5.068591 1.123963 0.921055 0.855718 0.823026 0.805406 0.761341 0.725943 0.698208 0.657157 0.610540 0.572162
1.000000 1.013069 1.021877 1.039722 1.128838 5.599127 1.048761 0.882041 0.819471 0.805406 0.764643 0.732254 0.698208 0.660008 0.618519 0.577136
0.893568 0.897444 0.897444 0.905247 0.905247 1.030761 9.330927 0.987099 0.855718 0.819471 0.767960 0.729091 0.701237 0.665746 0.618519 0.574643
0.844679 0.841031 0.837399 0.852023 0.837399 0.852023 1.000000 9.701572 1.067076 0.917077 0.848343 0.781371 0.758052 0.686224 0.626603 0.579639
0.819471 0.819471 0.815932 0.823026 0.815932 0.805406 0.855718 1.071705 7.165775 1.133734 0.941205 0.866902 0.784760 0.716577 0.654319 0.597470
0.795016 0.784760 0.788164 0.801928 0.781371 0.767960 0.819471 0.909173 1.133734 7.813707 1.119108 0.945287 0.852023 0.761341 0.686224 0.615848
0.764643 0.758052 0.758052 0.758052 0.745041 0.738620 0.774636 0.848343 0.945287 1.133734 7.679596 1.204556 0.961795 0.812408 0.719686 0.637546
0.719686 0.725943 0.725943 0.729091 0.710401 0.701237 0.722807 0.777996 0.859430 0.941205 1.199354 12.909287 1.220299 0.901337 0.758052 0.680310
0.704278 0.695193 0.692190 0.704278 0.686224 0.677372 0.704278 0.751519 0.795016 0.844679 0.974365 1.220299 10.487614 1.119108 0.844679 0.716577
0.662870 0.668633 0.662870 0.662870 0.645878 0.632051 0.651493 0.677372 0.716577 0.748273 0.808900 0.897444 1.114275 9.576416 1.090420 0.801928
0.623897 0.621202 0.629321 0.615848 0.607903 0.589762 0.610540 0.629321 0.657157 0.674446 0.710401 0.758052 0.848343 1.114275 9.701572 1.057879
0.574643 0.572162 0.574643 0.577136 0.555087 0.550303 0.559913 0.572162 0.592320 0.610540 0.632051 0.671533 0.707333 0.801928 1.062468 9.828363
