nan 1.000057697296142578e+00 9.566640853881835938e-01 9.081245660781860352e-01 8.952447175979614258e-01 8.753125667572021484e-01 8.554428815841674805e-01 8.241977691650390625e-01 7.934786081314086914e-01 8.012294769287109375e-01 8.015202283859252930e-01 8.088359832763671875e-01 7.842853069305419922e-01 7.267742156982421875e-01 6.711169481277465820e-01 6.172534227371215820e-01
9.303100109100341797e-01 nan 1.057256221771240234e+00 9.993642568588256836e-01 9.283244609832763672e-01 8.980926275253295898e-01 8.748979568481445312e-01 8.433251380920410156e-01 8.103199005126953125e-01 7.652335166931152344e-01 7.709541320800781250e-01 7.781459093093872070e-01 7.603458166122436523e-01 7.036062479019165039e-01 6.486955881118774414e-01 5.955548286437988281e-01
8.537797927856445312e-01 9.917147159576416016e-01 nan 1.094661712646484375e+00 1.019418478012084961e+00 9.468779563903808594e-01 8.945569992065429688e-01 8.626531362533569336e-01 8.119585514068603516e-01 7.750242948532104492e-01 7.409067153930664062e-01 7.479763031005859375e-01 7.367274761199951172e-01 6.807491779327392578e-01 6.265752315521240234e-01 5.741474628448486328e-01
7.932986021041870117e-01 9.179633855819702148e-01 1.058573484420776367e+00 nan 1.119977474212646484e+00 1.039578199386596680e+00 9.538311958312988281e-01 8.632687330245971680e-01 8.195432424545288086e-01 7.826203107833862305e-01 7.404443025588989258e-01 7.164602279663085938e-01 7.151448726654052734e-01 6.597685813903808594e-01 6.061801910400390625e-01 5.543220043182373047e-01
7.704743146896362305e-01 8.422726392745971680e-01 9.735046625137329102e-01 1.084465265274047852e+00 nan 1.129502773284912109e+00 1.014173984527587891e+00 8.954250812530517578e-01 8.253319263458251953e-01 7.882915735244750977e-01 7.463212013244628906e-01 7.075452804565429688e-01 6.911135911941528320e-01 6.405069828033447266e-01 5.875405073165893555e-01 5.362840890884399414e-01
7.488986253738403320e-01 8.183259963989257812e-01 8.847212791442871094e-01 9.854891300201416016e-01 1.090846061706542969e+00 nan 1.101303815841674805e+00 9.790408611297607422e-01 8.799616098403930664e-01 8.133869171142578125e-01 7.662849426269531250e-01 7.199814319610595703e-01 6.752680540084838867e-01 6.214687824249267578e-01 5.691170692443847656e-01 5.184555053710937500e-01
7.275859117507934570e-01 8.045866489410400391e-01 8.511130809783935547e-01 8.912127017974853516e-01 9.748458862304687500e-01 1.077708721160888672e+00 nan 1.080334424972534180e+00 9.761837720870971680e-01 8.762505054473876953e-01 8.062204122543334961e-01 7.588701248168945312e-01 7.127611637115478516e-01 6.350579261779785156e-01 5.673434734344482422e-01 5.105178356170654297e-01
7.224942445755004883e-01 7.830966711044311523e-01 8.248809576034545898e-01 8.441219329833984375e-01 8.628852367401123047e-01 9.580974578857421875e-01 1.073281049728393555e+00 nan 1.077331304550170898e+00 9.705845117568969727e-01 8.601458072662353516e-01 7.986381053924560547e-01 7.514865398406982422e-01 6.843010187149047852e-01 5.806815624237060547e-01 5.216066837310791016e-01
7.434397935867309570e-01 7.609491348266601562e-01 7.893162965774536133e-01 7.991715669631958008e-01 8.065406084060668945e-01 8.449859619140625000e-01 9.526393413543701172e-01 1.066573858261108398e+00 nan 1.069661140441894531e+00 9.537634849548339844e-01 8.403425216674804688e-01 7.910875082015991211e-01 7.350271940231323242e-01 6.282870769500732422e-01 5.327770709991455078e-01
7.646373510360717773e-01 7.673057317733764648e-01 7.348091602325439453e-01 7.374323606491088867e-01 7.493938207626342773e-01 7.781506776809692383e-01 8.377689123153686523e-01 9.450008869171142578e-01 1.058489799499511719e+00 nan 1.052028894424438477e+00 9.329634904861450195e-01 8.315838575363159180e-01 7.835687398910522461e-01 6.773262023925781250e-01 5.741357803344726562e-01
7.794232368469238281e-01 7.553689479827880859e-01 7.225317955017089844e-01 6.902064085006713867e-01 6.870527267456054688e-01 7.105356454849243164e-01 7.601262331008911133e-01 8.183478116989135742e-01 9.297914505004882812e-01 1.070241928100585938e+00 nan 1.030246019363403320e+00 9.123849868774414062e-01 8.238950967788696289e-01 7.278422117233276367e-01 6.215287446975708008e-01
7.351849079132080078e-01 7.195922136306762695e-01 6.974135637283325195e-01 6.744679212570190430e-01 6.467503309249877930e-01 6.454917192459106445e-01 6.931965351104736328e-01 7.422846555709838867e-01 7.989424467086791992e-01 9.091967344284057617e-01 1.055502176284790039e+00 nan 1.008126258850097656e+00 8.908032178878784180e-01 7.780278921127319336e-01 6.679841279983520508e-01
5.460824966430664062e-01 6.544326543807983398e-01 6.426788568496704102e-01 6.204731464385986328e-01 5.985676050186157227e-01 5.844461917877197266e-01 6.142438650131225586e-01 6.677317619323730469e-01 7.229920625686645508e-01 7.797441482543945312e-01 8.856856822967529297e-01 1.038083553314208984e+00 nan 9.831335544586181641e-01 8.421313762664794922e-01 7.096053361892700195e-01
5.144159793853759766e-01 5.114470720291137695e-01 5.384296178817749023e-01 5.682194232940673828e-01 5.470203161239624023e-01 5.357946157455444336e-01 5.469880104064941406e-01 5.735806226730346680e-01 6.257210969924926758e-01 6.795893907546997070e-01 7.372670173645019531e-01 8.419461250305175781e-01 1.001912832260131836e+00 nan 9.326572418212890625e-01 7.485964298248291016e-01
4.796340465545654297e-01 4.802169799804687500e-01 4.745182991027832031e-01 4.731813669204711914e-01 4.971350431442260742e-01 4.886367321014404297e-01 4.994865655899047852e-01 5.104153156280517578e-01 5.339417457580566406e-01 5.847688913345336914e-01 6.392265558242797852e-01 7.004890441894531250e-01 7.837855815887451172e-01 9.094204902648925781e-01 nan 8.410009145736694336e-01
4.331922531127929688e-01 4.423623085021972656e-01 4.401339292526245117e-01 4.374676942825317383e-01 4.375730752944946289e-01 4.397089481353759766e-01 4.504553079605102539e-01 4.612818956375122070e-01 4.721893072128295898e-01 4.831781387329101562e-01 5.272070169448852539e-01 5.862393379211425781e-01 6.517575979232788086e-01 7.199820280075073242e-01 8.128763437271118164e-01 nan
