nan 1.044320344924926758e+00 9.999662637710571289e-01 9.483236074447631836e-01 9.301187992095947266e-01 9.055449962615966797e-01 8.734562397003173828e-01 8.419076204299926758e-01 8.181419372558593750e-01 8.252160549163818359e-01 8.012551069259643555e-01 8.081866502761840820e-01 7.842323780059814453e-01 7.258361577987670898e-01 6.693511009216308594e-01 6.147148609161376953e-01
9.948989152908325195e-01 nan 1.102784395217895508e+00 1.041485548019409180e+00 9.693045616149902344e-01 9.255253076553344727e-01 8.931001424789428711e-01 8.640099763870239258e-01 8.303589820861816406e-01 7.776002883911132812e-01 7.701308727264404297e-01 7.778841257095336914e-01 7.615710496902465820e-01 7.047920227050781250e-01 6.498432159423828125e-01 5.966655015945434570e-01
9.142371416091918945e-01 1.061236858367919922e+00 nan 1.139101982116699219e+00 1.062334299087524414e+00 9.772925376892089844e-01 9.153965711593627930e-01 8.869520425796508789e-01 8.259991407394409180e-01 7.665971517562866211e-01 7.391463518142700195e-01 7.477190494537353516e-01 7.379361391067504883e-01 6.819190979003906250e-01 6.277073621749877930e-01 5.752432346343994141e-01
8.348646163940429688e-01 9.758522510528564453e-01 1.122659921646118164e+00 nan 1.156162977218627930e+00 1.065514326095581055e+00 9.789729118347167969e-01 8.755283355712890625e-01 8.153060674667358398e-01 7.649896144866943359e-01 7.347484827041625977e-01 7.166291475296020508e-01 7.159262895584106445e-01 6.605246067047119141e-01 6.069120168685913086e-01 5.550301074981689453e-01
7.781358957290649414e-01 8.933663368225097656e-01 1.025706768035888672e+00 1.140933752059936523e+00 nan 1.160747289657592773e+00 1.030572652816772461e+00 9.082401990890502930e-01 8.137733936309814453e-01 7.690800428390502930e-01 7.400603294372558594e-01 7.041711807250976562e-01 6.912800073623657227e-01 6.412541866302490234e-01 5.882636308670043945e-01 5.369839668273925781e-01
7.494306564331054688e-01 8.402833938598632812e-01 9.331823587417602539e-01 1.039276123046875000e+00 1.165583372116088867e+00 nan 1.128709793090820312e+00 1.000464916229248047e+00 8.845546245574951172e-01 8.051913976669311523e-01 7.592275142669677734e-01 7.164138555526733398e-01 6.719578504562377930e-01 6.222075223922729492e-01 5.698318481445312500e-01 5.191472768783569336e-01
7.281113862991333008e-01 8.172798156738281250e-01 8.779772520065307617e-01 9.424456357955932617e-01 1.026259660720825195e+00 1.142124176025390625e+00 nan 1.097147226333618164e+00 9.793061017990112305e-01 8.707606792449951172e-01 7.996302843093872070e-01 7.552218437194824219e-01 7.092084884643554688e-01 6.322492361068725586e-01 5.678005218505859375e-01 5.103620290756225586e-01
7.168977260589599609e-01 7.824553251266479492e-01 8.373551368713378906e-01 8.472031354904174805e-01 8.889878988265991211e-01 9.961068630218505859e-01 1.109300136566162109e+00 nan 1.078821659088134766e+00 9.648187160491943359e-01 8.510699272155761719e-01 7.942591905593872070e-01 7.466261386871337891e-01 6.795638799667358398e-01 5.770591497421264648e-01 5.192816257476806641e-01
7.377752065658569336e-01 7.491009235382080078e-01 7.721316814422607422e-01 7.843320369720458984e-01 7.942514419555664062e-01 8.708344697952270508e-01 9.799958467483520508e-01 1.095526695251464844e+00 nan 1.063605546951293945e+00 9.452166557312011719e-01 8.316379785537719727e-01 7.835719585418701172e-01 7.276818752288818359e-01 6.207540035247802734e-01 5.282536745071411133e-01
7.588272094726562500e-01 7.446287870407104492e-01 7.130569219589233398e-01 7.207459211349487305e-01 7.325924634933471680e-01 7.798647880554199219e-01 8.599812984466552734e-01 9.722504615783691406e-01 1.093926191329956055e+00 nan 1.042776346206665039e+00 9.175306558609008789e-01 8.212993144989013672e-01 7.728539705276489258e-01 6.671869754791259766e-01 5.640028715133666992e-01
7.567665576934814453e-01 7.333040237426757812e-01 7.009334564208984375e-01 6.690133810043334961e-01 6.708501577377319336e-01 7.121844291687011719e-01 7.618229389190673828e-01 8.401315212249755859e-01 9.529104232788085938e-01 1.104998588562011719e+00 nan 1.010535478591918945e+00 8.949544429779052734e-01 8.103544712066650391e-01 7.149500846862792969e-01 6.088101863861083984e-01
7.122174501419067383e-01 6.973648071289062500e-01 6.755261421203613281e-01 6.528762578964233398e-01 6.261022090911865234e-01 6.470779180526733398e-01 6.948288679122924805e-01 7.439639568328857422e-01 8.204936981201171875e-01 9.319325685501098633e-01 1.068276643753051758e+00 nan 9.874875545501708984e-01 8.713704347610473633e-01 7.625315189361572266e-01 6.485722064971923828e-01
5.411283969879150391e-01 6.416988372802734375e-01 6.214971542358398438e-01 5.995777845382690430e-01 5.779546499252319336e-01 5.807945728302001953e-01 6.153612136840820312e-01 6.688861846923828125e-01 7.241846323013305664e-01 8.008801937103271484e-01 9.045877456665039062e-01 1.035107374191284180e+00 nan 9.530696868896484375e-01 8.106739521026611328e-01 6.839423179626464844e-01
5.095632076263427734e-01 5.069342851638793945e-01 5.353819131851196289e-01 5.479978322982788086e-01 5.270720720291137695e-01 5.322550535202026367e-01 5.434226989746093750e-01 5.746697187423706055e-01 6.268463134765625000e-01 6.809080839157104492e-01 7.420468330383300781e-01 8.556954860687255859e-01 9.840515851974487305e-01 nan 8.996539115905761719e-01 7.200713157653808594e-01
4.743176698684692383e-01 4.757584333419799805e-01 4.701156616210937500e-01 4.686909914016723633e-01 4.778301715850830078e-01 4.852060079574584961e-01 4.960306882858276367e-01 5.069342851638793945e-01 5.350034236907958984e-01 5.860482454299926758e-01 6.425472497940063477e-01 7.016118764877319336e-01 7.971007823944091797e-01 8.953727483749389648e-01 nan 8.097132444381713867e-01
4.278351068496704102e-01 4.369709491729736328e-01 4.356251955032348633e-01 4.328778982162475586e-01 4.329829216003417969e-01 4.361820220947265625e-01 4.469020366668701172e-01 4.577021598815917969e-01 4.685828685760498047e-01 4.794777631759643555e-01 5.282248258590698242e-01 5.852466821670532227e-01 6.506060361862182617e-01 7.160236835479736328e-01 7.908608913421630859e-01 nan
