nan 1.057111740112304688e+00 1.012828826904296875e+00 9.625756740570068359e-01 9.255572557449340820e-01 9.056228399276733398e-01 8.803120851516723633e-01 8.487893342971801758e-01 8.177949190139770508e-01 8.170635700225830078e-01 7.920356988906860352e-01 7.993552684783935547e-01 7.704325914382934570e-01 7.136009931564331055e-01 6.585938930511474609e-01 6.053524017333984375e-01
9.765431880950927734e-01 nan 1.117941141128540039e+00 1.058005332946777344e+00 9.850593805313110352e-01 9.301987886428833008e-01 9.006739854812622070e-01 8.688098192214965820e-01 8.412286043167114258e-01 7.992820739746093750e-01 7.618145942687988281e-01 7.690106630325317383e-01 7.477375268936157227e-01 6.916345357894897461e-01 6.373326778411865234e-01 5.847736597061157227e-01
8.996442556381225586e-01 1.041345596313476562e+00 nan 1.157580375671386719e+00 1.080436944961547852e+00 1.004947185516357422e+00 9.212564229965209961e-01 8.930094242095947266e-01 8.637641668319702148e-01 8.001888990402221680e-01 7.326667308807373047e-01 7.391777038574218750e-01 7.253334522247314453e-01 6.699497699737548828e-01 6.162608861923217773e-01 5.641655921936035156e-01
8.304407596588134766e-01 9.671843051910400391e-01 1.111058235168457031e+00 nan 1.185621261596679688e+00 1.094846725463867188e+00 1.006943464279174805e+00 9.221255779266357422e-01 8.527442216873168945e-01 7.935127019882202148e-01 7.413780689239501953e-01 7.079720497131347656e-01 7.042231559753417969e-01 6.491994857788085938e-01 5.959523916244506836e-01 5.444245338439941406e-01
7.811276912689208984e-01 8.896602392196655273e-01 1.023619651794433594e+00 1.136958360671997070e+00 nan 1.198556184768676758e+00 1.091315984725952148e+00 9.680192470550537109e-01 8.519916534423828125e-01 7.949943542480468750e-01 7.472580671310424805e-01 7.084614038467407227e-01 6.827508211135864258e-01 6.300605535507202148e-01 5.774314403533935547e-01 5.265014171600341797e-01
7.523641586303710938e-01 8.433356285095214844e-01 9.316276311874389648e-01 1.035780668258666992e+00 1.152606725692749023e+00 nan 1.189702987670898438e+00 1.057783842086791992e+00 9.338121414184570312e-01 8.252178430557250977e-01 7.760150432586669922e-01 7.294565439224243164e-01 6.841186285018920898e-01 6.121469736099243164e-01 5.591253042221069336e-01 5.087863206863403320e-01
7.310453653335571289e-01 8.202939033508300781e-01 8.788341283798217773e-01 9.391161203384399414e-01 1.042012453079223633e+00 1.155230045318603516e+00 nan 1.157236099243164062e+00 1.027043581008911133e+00 9.157612323760986328e-01 8.161706924438476562e-01 7.685595750808715820e-01 7.221964597702026367e-01 6.417148113250732422e-01 5.651026964187622070e-01 5.083582401275634766e-01
7.154123783111572266e-01 7.876297235488891602e-01 8.409552574157714844e-01 8.728921413421630859e-01 9.181312322616577148e-01 1.014386892318725586e+00 1.128616809844970703e+00 nan 1.128827095031738281e+00 1.012081861495971680e+00 8.984519243240356445e-01 8.085465431213378906e-01 7.611351013183593750e-01 6.911581754684448242e-01 5.871168375015258789e-01 5.194312334060668945e-01
7.362717390060424805e-01 7.582656145095825195e-01 7.958577871322631836e-01 8.085229396820068359e-01 8.154200315475463867e-01 8.790458440780639648e-01 9.886864423751831055e-01 1.104724407196044922e+00 nan 1.113244771957397461e+00 9.939974546432495117e-01 8.782409429550170898e-01 8.009543418884277344e-01 7.420908212661743164e-01 6.349161863327026367e-01 5.343350172042846680e-01
7.573837041854858398e-01 7.614322900772094727e-01 7.377853393554687500e-01 7.497494220733642578e-01 7.617956399917602539e-01 7.927597761154174805e-01 8.716953992843627930e-01 9.809070825576782227e-01 1.096491098403930664e+00 nan 1.094351530075073242e+00 9.727692604064941406e-01 8.582451343536376953e-01 7.933942079544067383e-01 6.841551065444946289e-01 5.805444717407226562e-01
7.718040943145751953e-01 7.572458982467651367e-01 7.243292331695556641e-01 6.919701099395751953e-01 6.990126371383666992e-01 7.245892286300659180e-01 7.745872735977172852e-01 8.559223413467407227e-01 9.696689844131469727e-01 1.112941503524780273e+00 nan 1.072055101394653320e+00 9.517668485641479492e-01 8.384621143341064453e-01 7.348767518997192383e-01 6.281458139419555664e-01
7.365404367446899414e-01 7.206977605819702148e-01 6.984612941741943359e-01 6.755014657974243164e-01 6.484687328338623047e-01 6.590107679367065430e-01 7.071076631546020508e-01 7.565989494323730469e-01 8.361160755157470703e-01 9.486488103866577148e-01 1.099030494689941406e+00 nan 1.049995660781860352e+00 9.309884309768676758e-01 7.871260643005371094e-01 6.771807670593261719e-01
5.487818717956542969e-01 6.578862667083740234e-01 6.436929702758789062e-01 6.214734315872192383e-01 5.995543003082275391e-01 5.873050689697265625e-01 6.269841194152832031e-01 6.808942556381225586e-01 7.365906238555908203e-01 8.165209293365478516e-01 9.240969419479370117e-01 1.088594198226928711e+00 nan 1.028171062469482422e+00 8.780617713928222656e-01 7.178679704666137695e-01
5.170600414276123047e-01 5.139493942260742188e-01 5.416015386581420898e-01 5.691875219345092773e-01 5.479751825332641602e-01 5.385656356811523438e-01 5.497792959213256836e-01 5.859999656677246094e-01 6.385519504547119141e-01 6.928454637527465820e-01 7.597596645355224609e-01 8.822771310806274414e-01 1.049509525299072266e+00 nan 9.730730056762695312e-01 7.851630449295043945e-01
4.822752475738525391e-01 4.826685190200805664e-01 4.769594669342041016e-01 4.756951332092285156e-01 4.980592727661132812e-01 4.913228750228881836e-01 5.021921396255493164e-01 5.131406784057617188e-01 5.460482835769653320e-01 5.972765684127807617e-01 6.524921655654907227e-01 7.164291143417358398e-01 8.228430747985839844e-01 9.483076333999633789e-01 nan 8.796846866607666016e-01
4.356232881546020508e-01 4.448089599609375000e-01 4.423902034759521484e-01 4.397928714752197266e-01 4.398984909057617188e-01 4.421788454055786133e-01 4.529435634613037109e-01 4.637887477874755859e-01 4.747148752212524414e-01 4.857225418090820312e-01 5.382918119430541992e-01 5.997831821441650391e-01 6.658608913421630859e-01 7.346678972244262695e-01 8.482825756072998047e-01 nan
