nan 9.903243780136108398e-01 9.474791288375854492e-01 8.979384899139404297e-01 8.782067298889160156e-01 8.587625026702880859e-01 8.395196199417114258e-01 8.137682676315307617e-01 7.833611965179443359e-01 7.959400415420532227e-01 8.014675378799438477e-01 8.139972686767578125e-01 7.977044582366943359e-01 7.387931346893310547e-01 6.771610975265502930e-01 6.177135705947875977e-01
9.158958196640014648e-01 nan 1.049178600311279297e+00 9.902251958847045898e-01 9.195708036422729492e-01 8.827341794967651367e-01 8.632432222366333008e-01 8.334096670150756836e-01 8.048635721206665039e-01 7.811270952224731445e-01 7.761510610580444336e-01 7.834056615829467773e-01 7.746598720550537109e-01 7.176927328109741211e-01 6.625542640686035156e-01 6.091856956481933594e-01
8.490809202194213867e-01 9.787095785140991211e-01 nan 1.086400032043457031e+00 1.011801958084106445e+00 9.398709535598754883e-01 8.848628997802734375e-01 8.532638549804687500e-01 8.315876722335815430e-01 8.000419139862060547e-01 7.461977005004882812e-01 7.533299922943115234e-01 7.519106864929199219e-01 6.956738233566284180e-01 6.412421464920043945e-01 5.885577201843261719e-01
7.927417755126953125e-01 9.059805870056152344e-01 1.044388055801391602e+00 nan 1.112581014633178711e+00 1.036854028701782227e+00 9.523551464080810547e-01 8.767629861831665039e-01 8.540455102920532227e-01 8.096872568130493164e-01 7.538034915924072266e-01 7.224087715148925781e-01 7.295435667037963867e-01 6.750348806381225586e-01 6.211740970611572266e-01 5.690453052520751953e-01
7.756432294845581055e-01 8.437453508377075195e-01 9.641667604446411133e-01 1.081309318542480469e+00 nan 1.128506183624267578e+00 1.039190769195556641e+00 9.536229372024536133e-01 8.607022762298583984e-01 8.155370950698852539e-01 7.604135274887084961e-01 7.214758396148681641e-01 6.971913576126098633e-01 6.565996408462524414e-01 6.033315658569335938e-01 5.517408847808837891e-01
7.623708248138427734e-01 8.269493579864501953e-01 8.843029737472534180e-01 9.856749773025512695e-01 1.091216325759887695e+00 nan 1.146686553955078125e+00 1.024019002914428711e+00 9.228322505950927734e-01 8.258247375488281250e-01 7.747536897659301758e-01 7.282702922821044922e-01 6.895033121109008789e-01 6.377825736999511719e-01 5.849041938781738281e-01 5.337327718734741211e-01
7.415145635604858398e-01 8.138839006423950195e-01 8.560053110122680664e-01 8.963685035705566406e-01 9.926589727401733398e-01 1.115744829177856445e+00 nan 1.128154277801513672e+00 1.019856691360473633e+00 9.090873003005981445e-01 8.149248361587524414e-01 7.673462629318237305e-01 7.210150957107543945e-01 6.534147262573242188e-01 5.773389339447021484e-01 5.201507806777954102e-01
7.229723930358886719e-01 7.967816591262817383e-01 8.326239585876464844e-01 8.579616546630859375e-01 9.100841283798217773e-01 9.952946901321411133e-01 1.111718177795410156e+00 nan 1.121410608291625977e+00 1.005072116851806641e+00 8.927168846130371094e-01 8.073060512542724609e-01 7.599271535873413086e-01 7.032108306884765625e-01 5.984281301498413086e-01 5.313104391098022461e-01
7.439639568328857422e-01 7.688809633255004883e-01 8.088876008987426758e-01 8.269710540771484375e-01 8.395662307739257812e-01 8.779149055480957031e-01 9.874894618988037109e-01 1.103457450866699219e+00 nan 1.105882883071899414e+00 9.879738092422485352e-01 8.725669384002685547e-01 7.997190952301025391e-01 7.525391578674316406e-01 6.465678215026855469e-01 5.452698469161987305e-01
7.651705741882324219e-01 7.757130861282348633e-01 7.635604143142700195e-01 7.837883234024047852e-01 7.910945415496826172e-01 7.984306812286376953e-01 8.705688714981079102e-01 9.797147512435913086e-01 1.109932899475097656e+00 nan 1.092317819595336914e+00 9.668096303939819336e-01 8.526315689086914062e-01 7.921639680862426758e-01 6.961576938629150391e-01 5.918087959289550781e-01
7.851147651672363281e-01 7.780405282974243164e-01 7.569583654403686523e-01 7.239869832992553711e-01 7.345602512359619141e-01 7.465020418167114258e-01 7.911276817321777344e-01 8.632515668869018555e-01 9.719704389572143555e-01 1.128256559371948242e+00 nan 1.073878288269042969e+00 9.458708763122558594e-01 8.329082727432250977e-01 7.472409009933471680e-01 6.397494077682495117e-01
7.652475833892822266e-01 7.631334066390991211e-01 7.403563261032104492e-01 7.117861509323120117e-01 6.796623468399047852e-01 6.842640638351440430e-01 7.233240604400634766e-01 7.732855081558227539e-01 8.488135337829589844e-01 9.664376974105834961e-01 1.137041568756103516e+00 nan 1.055601358413696289e+00 9.251550436019897461e-01 7.998627424240112305e-01 6.891338825225830078e-01
5.693519115447998047e-01 6.783325672149658203e-01 6.842368841171264648e-01 6.614694595336914062e-01 6.390095949172973633e-01 6.168535947799682617e-01 6.494097709655761719e-01 7.040630578994750977e-01 7.553102970123291016e-01 8.290829658508300781e-01 9.604680538177490234e-01 1.129840850830078125e+00 nan 1.037485599517822266e+00 8.922240734100341797e-01 7.400054931640625000e-01
5.372087955474853516e-01 5.338407754898071289e-01 5.606207847595214844e-01 6.078937053680419922e-01 5.861582756042480469e-01 5.647165775299072266e-01 5.688394308090209961e-01 6.078606843948364258e-01 6.611371040344238281e-01 7.161788940429687500e-01 7.849086523056030273e-01 9.250563383102416992e-01 1.120177507400512695e+00 nan 1.019529581069946289e+00 8.174498081207275391e-01
5.018548965454101562e-01 5.022083520889282227e-01 4.963648319244384766e-01 4.950705766677856445e-01 5.350110530853271484e-01 5.142607688903808594e-01 5.206669569015502930e-01 5.317502021789550781e-01 5.673583745956420898e-01 6.192927360534667969e-01 6.744178533554077148e-01 7.402135133743286133e-01 8.502935171127319336e-01 1.012802124023437500e+00 nan 9.293867349624633789e-01
4.552625417709350586e-01 4.645738601684570312e-01 4.620203971862792969e-01 4.593746662139892578e-01 4.594815969467163086e-01 4.605939388275146484e-01 4.714962244033813477e-01 4.824798107147216797e-01 4.935454130172729492e-01 5.114392042160034180e-01 5.654778480529785156e-01 6.290017366409301758e-01 6.962863206863403320e-01 7.748194932937622070e-01 9.105851650238037109e-01 nan
