nan 1.113670110702514648e+00 1.058886528015136719e+00 1.028099775314331055e+00 9.977736473083496094e-01 9.532628059387207031e-01 9.362580776214599609e-01 9.223586320877075195e-01 9.044072628021240234e-01 8.822467327117919922e-01 8.603439331054687500e-01 8.386961221694946289e-01 8.173002004623413086e-01 8.278702497482299805e-01 8.121855258941650391e-01 8.039594888687133789e-01 0.000000000000000000e+00 0.000000000000000000e+00 0.000000000000000000e+00 0.000000000000000000e+00 0.000000000000000000e+00 0.000000000000000000e+00
1.024314403533935547e+00 nan 1.142343997955322266e+00 1.100845575332641602e+00 1.067029953002929688e+00 1.018534421920776367e+00 9.682962894439697266e-01 9.394882917404174805e-01 9.186609983444213867e-01 8.963345289230346680e-01 8.742679357528686523e-01 8.524580001831054688e-01 8.433661460876464844e-01 8.239098787307739258e-01 8.082524538040161133e-01 7.961318492889404297e-01 0.000000000000000000e+00 0.000000000000000000e+00 0.000000000000000000e+00 0.000000000000000000e+00 0.000000000000000000e+00 0.000000000000000000e+00
9.694581031799316406e-01 1.070033311843872070e+00 nan 1.176200866699218750e+00 1.136102914810180664e+00 1.085198640823364258e+00 1.033295154571533203e+00 9.816796779632568359e-01 9.330214262008666992e-01 9.105278253555297852e-01 8.882960081100463867e-01 8.791027069091796875e-01 8.717291355133056641e-01 8.500233888626098633e-01 7.988853454589843750e-01 7.755764722824096680e-01 0.000000000000000000e+00 0.000000000000000000e+00 0.000000000000000000e+00 0.000000000000000000e+00 0.000000000000000000e+00 0.000000000000000000e+00
9.160879850387573242e-01 1.013937950134277344e+00 1.116784572601318359e+00 nan 1.207484483718872070e+00 1.154058218002319336e+00 1.100440979003906250e+00 1.044227123260498047e+00 9.843931198120117188e-01 9.263104200363159180e-01 9.155323505401611328e-01 9.080159664154052734e-01 8.967845439910888672e-01 8.751516342163085938e-01 7.975459098815917969e-01 7.552564144134521484e-01 0.000000000000000000e+00 0.000000000000000000e+00 0.000000000000000000e+00 0.000000000000000000e+00 0.000000000000000000e+00 0.000000000000000000e+00
8.660221099853515625e-01 9.611867666244506836e-01 1.061204671859741211e+00 1.166323184967041016e+00 nan 1.226876735687255859e+00 1.171112060546875000e+00 1.108243703842163086e+00 1.046595573425292969e+00 9.981343746185302734e-01 9.552170038223266602e-01 9.362502098083496094e-01 9.200048446655273438e-01 8.723682165145874023e-01 8.062168359756469727e-01 7.549045085906982422e-01 0.000000000000000000e+00 0.000000000000000000e+00 0.000000000000000000e+00 0.000000000000000000e+00 0.000000000000000000e+00 0.000000000000000000e+00
8.151825666427612305e-01 9.107480049133300781e-01 1.009623765945434570e+00 1.107961177825927734e+00 1.194484233856201172e+00 nan 1.251053571701049805e+00 1.175046920776367188e+00 1.109191417694091797e+00 1.062499284744262695e+00 1.018199443817138672e+00 9.719969034194946289e-01 9.096523523330688477e-01 8.606820106506347656e-01 8.001471757888793945e-01 7.490072250366210938e-01 0.000000000000000000e+00 0.000000000000000000e+00 0.000000000000000000e+00 0.000000000000000000e+00 0.000000000000000000e+00 0.000000000000000000e+00
7.794455289840698242e-01 8.556395769119262695e-01 9.533346891403198242e-01 1.045500993728637695e+00 1.127693414688110352e+00 1.214373826980590820e+00 nan 1.264825820922851562e+00 1.190333366394042969e+00 1.133300781250000000e+00 1.083210468292236328e+00 1.003214836120605469e+00 9.124097824096679688e-01 8.490686416625976562e-01 7.940979003906250000e-01 7.471190690994262695e-01 0.000000000000000000e+00 0.000000000000000000e+00 0.000000000000000000e+00 0.000000000000000000e+00 0.000000000000000000e+00 0.000000000000000000e+00
7.586663961410522461e-01 8.230013847351074219e-01 8.969979286193847656e-01 9.808645248413085938e-01 1.057757377624511719e+00 1.132871389389038086e+00 1.233712673187255859e+00 nan 1.286894798278808594e+00 1.224863767623901367e+00 1.144871950149536133e+00 1.046482324600219727e+00 9.518321752548217773e-01 8.615593910217285156e-01 8.003646135330200195e-01 7.586803436279296875e-01 0.000000000000000000e+00 0.000000000000000000e+00 0.000000000000000000e+00 0.000000000000000000e+00 0.000000000000000000e+00 0.000000000000000000e+00
7.387137413024902344e-01 8.076202869415283203e-01 8.659951686859130859e-01 9.182707071304321289e-01 9.901200532913208008e-01 1.062765359878540039e+00 1.149412393569946289e+00 1.253220558166503906e+00 nan 1.309034585952758789e+00 1.202345132827758789e+00 1.100486516952514648e+00 1.003180027008056641e+00 9.103521108627319336e-01 8.263475894927978516e-01 7.861630916595458984e-01 0.000000000000000000e+00 0.000000000000000000e+00 0.000000000000000000e+00 0.000000000000000000e+00 0.000000000000000000e+00 0.000000000000000000e+00
7.236948013305664062e-01 7.885966300964355469e-01 8.455134630203247070e-01 8.865379095077514648e-01 9.247058629989624023e-01 9.949632883071899414e-01 1.068293571472167969e+00 1.168157815933227539e+00 1.275842905044555664e+00 nan 1.266087532043457031e+00 1.155702352523803711e+00 1.057742595672607422e+00 9.662586450576782227e-01 8.895000219345092773e-01 8.140257596969604492e-01 0.000000000000000000e+00 0.000000000000000000e+00 0.000000000000000000e+00 0.000000000000000000e+00 0.000000000000000000e+00 0.000000000000000000e+00
7.059707641601562500e-01 7.677106857299804688e-01 8.252565860748291016e-01 8.604887723922729492e-01 8.827744722366333008e-01 9.290844202041625977e-01 9.970393180847167969e-01 1.074807167053222656e+00 1.155567646026611328e+00 1.239471912384033203e+00 nan 1.231759548187255859e+00 1.124823808670043945e+00 1.034181594848632812e+00 9.548360109329223633e-01 8.755506277084350586e-01 0.000000000000000000e+00 0.000000000000000000e+00 0.000000000000000000e+00 0.000000000000000000e+00 0.000000000000000000e+00 0.000000000000000000e+00
7.161177396774291992e-01 7.508997917175292969e-01 8.010920286178588867e-01 8.344397544860839844e-01 8.534151315689086914e-01 8.703541755676269531e-01 9.172911643981933594e-01 9.734086990356445312e-01 1.050222396850585938e+00 1.130026102066040039e+00 1.212936401367187500e+00 nan 1.199348926544189453e+00 1.104450941085815430e+00 1.022431373596191406e+00 9.404045343399047852e-01 0.000000000000000000e+00 0.000000000000000000e+00 0.000000000000000000e+00 0.000000000000000000e+00 0.000000000000000000e+00 0.000000000000000000e+00
7.305378913879394531e-01 7.480256557464599609e-01 7.721068859100341797e-01 7.984594106674194336e-01 8.164234161376953125e-01 8.330245018005371094e-01 8.364810943603515625e-01 8.769658803939819336e-01 9.500255584716796875e-01 1.025929212570190430e+00 1.104787349700927734e+00 1.198700666427612305e+00 nan 1.188815116882324219e+00 1.092364072799682617e+00 1.007500648498535156e+00 0.000000000000000000e+00 0.000000000000000000e+00 0.000000000000000000e+00 0.000000000000000000e+00 0.000000000000000000e+00 0.000000000000000000e+00
7.442519664764404297e-01 7.604486942291259766e-01 7.531770467758178711e-01 7.594389915466308594e-01 7.797385454177856445e-01 7.861201763153076172e-01 7.911818027496337891e-01 8.003275394439697266e-01 8.617724180221557617e-01 9.363211393356323242e-01 1.013854980468750000e+00 1.094493389129638672e+00 1.209438562393188477e+00 nan 1.179857254028320312e+00 1.076917171478271484e+00 0.000000000000000000e+00 0.000000000000000000e+00 0.000000000000000000e+00 0.000000000000000000e+00 0.000000000000000000e+00 0.000000000000000000e+00
7.580193281173706055e-01 7.623162269592285156e-01 7.546293735504150391e-01 7.431172132492065430e-01 7.371450662612915039e-01 7.454159259796142578e-01 7.537262439727783203e-01 7.630375623703002930e-01 7.961215972900390625e-01 8.567272424697875977e-01 9.310741424560546875e-01 1.008397817611694336e+00 1.093302488327026367e+00 1.222704887390136719e+00 nan 1.165771245956420898e+00 0.000000000000000000e+00 0.000000000000000000e+00 0.000000000000000000e+00 0.000000000000000000e+00 0.000000000000000000e+00 0.000000000000000000e+00
7.678885459899902344e-01 7.641856670379638672e-01 7.560828924179077148e-01 7.375025749206542969e-01 7.148631811141967773e-01 7.021151781082153320e-01 7.102192640304565430e-01 7.183619737625122070e-01 7.506458759307861328e-01 7.856281995773315430e-01 8.487349748611450195e-01 9.258412122726440430e-01 1.002955436706542969e+00 1.105871438980102539e+00 1.225680112838745117e+00 nan 0.000000000000000000e+00 0.000000000000000000e+00 0.000000000000000000e+00 0.000000000000000000e+00 0.000000000000000000e+00 0.000000000000000000e+00
7.455960512161254883e-01 7.485184669494628906e-01 7.405302524566650391e-01 7.244999408721923828e-01 7.064518928527832031e-01 6.842172145843505859e-01 6.677916049957275391e-01 6.757321357727050781e-01 7.042853832244873047e-01 7.383413314819335938e-01 7.730777263641357422e-01 8.350534439086914062e-01 9.122004508972167969e-01 9.925906658172607422e-01 1.106841325759887695e+00 1.218045949935913086e+00 nan 0.000000000000000000e+00 0.000000000000000000e+00 0.000000000000000000e+00 0.000000000000000000e+00 0.000000000000000000e+00
5.879981517791748047e-01 7.103347778320312500e-01 7.008098363876342773e-01 6.858083009719848633e-01 6.699984073638916016e-01 6.543369293212890625e-01 6.388221979141235352e-01 6.258391141891479492e-01 6.567733287811279297e-01 6.923065185546875000e-01 7.261230945587158203e-01 7.606152296066284180e-01 8.214731216430664062e-01 8.980491161346435547e-01 9.826546907424926758e-01 1.093080282211303711e+00 0.000000000000000000e+00 nan 0.000000000000000000e+00 0.000000000000000000e+00 0.000000000000000000e+00 0.000000000000000000e+00
5.528895854949951172e-01 5.524544715881347656e-01 6.265760660171508789e-01 6.479847431182861328e-01 6.325296163558959961e-01 6.172194480895996094e-01 6.020528078079223633e-01 5.870285034179687500e-01 5.914434194564819336e-01 6.277669668197631836e-01 6.649197340011596680e-01 7.029203176498413086e-01 7.417883872985839844e-01 8.054901361465454102e-01 8.822203874588012695e-01 9.677258729934692383e-01 0.000000000000000000e+00 0.000000000000000000e+00 nan 0.000000000000000000e+00 0.000000000000000000e+00 0.000000000000000000e+00
5.308001041412353516e-01 5.297486782073974609e-01 5.265758037567138672e-01 5.469106435775756836e-01 5.959014892578125000e-01 5.809347629547119141e-01 5.661084651947021484e-01 5.514212846755981445e-01 5.568755865097045898e-01 5.647224187850952148e-01 5.992684364318847656e-01 6.357706785202026367e-01 6.731060743331909180e-01 7.112935781478881836e-01 7.618671655654907227e-01 8.420692682266235352e-01 0.000000000000000000e+00 0.000000000000000000e+00 0.000000000000000000e+00 nan 0.000000000000000000e+00 0.000000000000000000e+00
5.073361396789550781e-01 5.073750019073486328e-01 5.047104358673095703e-01 5.006556510925292969e-01 4.993354082107543945e-01 5.454642772674560547e-01 5.309705734252929688e-01 5.166127681732177734e-01 5.236212015151977539e-01 5.313005447387695312e-01 5.390185117721557617e-01 5.712687969207763672e-01 6.071319580078125000e-01 6.438136100769042969e-01 6.824799776077270508e-01 7.249802350997924805e-01 0.000000000000000000e+00 0.000000000000000000e+00 0.000000000000000000e+00 0.000000000000000000e+00 nan 0.000000000000000000e+00
4.766907691955566406e-01 4.832255840301513672e-01 4.824655055999755859e-01 4.786494970321655273e-01 4.763814210891723633e-01 4.764562845230102539e-01 4.914358854293823242e-01 4.835996627807617188e-01 4.910773038864135742e-01 4.985924959182739258e-01 5.061455965042114258e-01 5.137368440628051758e-01 5.437593460083007812e-01 5.789946317672729492e-01 6.161611080169677734e-01 6.565313339233398438e-01 0.000000000000000000e+00 0.000000000000000000e+00 0.000000000000000000e+00 0.000000000000000000e+00 0.000000000000000000e+00 nan
