nan 1.089013814926147461e+00 1.044044017791748047e+00 9.882532358169555664e-01 9.409039020538330078e-01 9.148861169815063477e-01 8.827836513519287109e-01 8.511486053466796875e-01 8.199757337570190430e-01 8.047658205032348633e-01 7.935979366302490234e-01 8.054603338241577148e-01 7.911041975021362305e-01 7.333731651306152344e-01 6.775032281875610352e-01 6.203168630599975586e-01
1.005285263061523438e+00 nan 1.150786161422729492e+00 1.084586620330810547e+00 1.010261058807373047e+00 9.351860284805297852e-01 9.025979042053222656e-01 8.705586194992065430e-01 8.455176353454589844e-01 8.103858232498168945e-01 7.760902643203735352e-01 7.748274803161621094e-01 7.670730352401733398e-01 7.101167440414428711e-01 6.549962759017944336e-01 6.016523838043212891e-01
9.264643192291259766e-01 1.069807767868041992e+00 nan 1.183665513992309570e+00 1.105015039443969727e+00 1.016432285308837891e+00 9.315769672393798828e-01 8.963943719863891602e-01 8.804919719696044922e-01 8.354351520538330078e-01 7.515561580657958984e-01 7.447142601013183594e-01 7.433644533157348633e-01 6.871721744537353516e-01 6.327912807464599609e-01 5.801631212234497070e-01
8.484463691711425781e-01 9.904776811599731445e-01 1.132483243942260742e+00 nan 1.201402902603149414e+00 1.106453180313110352e+00 1.017894744873046875e+00 9.510278701782226562e-01 8.998365402221679688e-01 8.290938138961791992e-01 7.533618211746215820e-01 7.137365341186523438e-01 7.207950353622436523e-01 6.656552553176879883e-01 6.118767261505126953e-01 5.598347187042236328e-01
7.883439064025878906e-01 9.073811769485473633e-01 1.036577701568603516e+00 1.150132656097412109e+00 nan 1.220158100128173828e+00 1.112568616867065430e+00 1.034729957580566406e+00 9.025539159774780273e-01 8.151977062225341797e-01 7.580802440643310547e-01 7.190432548522949219e-01 6.884301900863647461e-01 6.463252305984497070e-01 5.931708812713623047e-01 5.417327880859375000e-01
7.628294229507446289e-01 8.499771356582641602e-01 9.435565471649169922e-01 1.048038482666015625e+00 1.173430204391479492e+00 nan 1.242820024490356445e+00 1.103477001190185547e+00 9.642556905746459961e-01 8.450046777725219727e-01 7.810045480728149414e-01 7.343151569366455078e-01 6.888499259948730469e-01 6.272195577621459961e-01 5.746821165084838867e-01 5.238409042358398438e-01
7.413468360900878906e-01 8.241028785705566406e-01 8.801131248474121094e-01 9.507919549942016602e-01 1.055401563644409180e+00 1.197564840316772461e+00 nan 1.200372457504272461e+00 1.057414531707763672e+00 9.377677440643310547e-01 8.265656232833862305e-01 7.735279798507690430e-01 7.270346879959106445e-01 6.571609973907470703e-01 5.754022598266601562e-01 5.182843208312988281e-01
7.177606821060180664e-01 7.924022674560546875e-01 8.422083854675292969e-01 8.707433938980102539e-01 9.452794790267944336e-01 1.047721862792968750e+00 1.163842201232910156e+00 nan 1.154991388320922852e+00 1.035194635391235352e+00 9.184931516647338867e-01 8.136273622512817383e-01 7.660827636718750000e-01 7.070696353912353516e-01 6.020494699478149414e-01 5.294301509857177734e-01
7.386486530303955078e-01 7.637530565261840820e-01 7.957412004470825195e-01 8.170515298843383789e-01 8.301694393157958984e-01 9.047541618347167969e-01 1.013429403305053711e+00 1.130911350250244141e+00 nan 1.137519836425781250e+00 1.015047073364257812e+00 8.980686664581298828e-01 8.060139417648315430e-01 7.584815025329589844e-01 6.502984762191772461e-01 5.487709045410156250e-01
7.597906589508056641e-01 7.573077678680419922e-01 7.474163770675659180e-01 7.689965963363647461e-01 7.770049571990966797e-01 7.993243932723999023e-01 8.949830532073974609e-01 1.005553483963012695e+00 1.141182899475097656e+00 nan 1.116460561752319336e+00 9.935948848724365234e-01 8.778617382049560547e-01 7.984324693679809570e-01 7.000006437301635742e-01 5.954151153564453125e-01
7.677067518234252930e-01 7.595791816711425781e-01 7.378176450729370117e-01 7.059569358825683594e-01 7.177017927169799805e-01 7.397849559783935547e-01 7.902235984802246094e-01 8.875700235366821289e-01 9.977079629898071289e-01 1.159777641296386719e+00 nan 1.093928575515747070e+00 9.723707437515258789e-01 8.578698635101318359e-01 7.511994838714599609e-01 6.434644460678100586e-01
7.433918714523315430e-01 7.403388023376464844e-01 7.179245948791503906e-01 6.931374073028564453e-01 6.613636016845703125e-01 6.736288070678710938e-01 7.221494913101196289e-01 7.720768451690673828e-01 8.694461584091186523e-01 9.918354749679565430e-01 1.147019147872924805e+00 nan 1.075010776519775391e+00 9.513729810714721680e-01 8.105561733245849609e-01 6.929607391357421875e-01
5.633808374404907227e-01 6.648895740509033203e-01 6.625285148620605469e-01 6.400544643402099609e-01 6.178841590881347656e-01 6.011039018630981445e-01 6.457804441452026367e-01 7.003133296966552734e-01 7.541137933731079102e-01 8.494954109191894531e-01 9.645034074783325195e-01 1.137125253677368164e+00 nan 1.056724071502685547e+00 9.156385660171508789e-01 7.439477443695068359e-01
5.313600301742553711e-01 5.279828310012817383e-01 5.481821298599243164e-01 5.871692895889282227e-01 5.657140016555786133e-01 5.519406795501708984e-01 5.632518529891967773e-01 6.043227910995483398e-01 6.574820280075073242e-01 7.124024629592895508e-01 7.971096038818359375e-01 9.234248399734497070e-01 1.114656448364257812e+00 nan 1.029909849166870117e+00 8.275448083877563477e-01
4.954980611801147461e-01 4.964712858200073242e-01 4.906500577926635742e-01 4.892438650131225586e-01 5.152260065078735352e-01 5.042872428894042969e-01 5.152510404586791992e-01 5.262947082519531250e-01 5.639094114303588867e-01 6.157295703887939453e-01 6.728446483612060547e-01 7.401311397552490234e-01 8.626915216445922852e-01 1.007560491561889648e+00 nan 9.326628446578979492e-01
4.485462903976440430e-01 4.579263925552368164e-01 4.559891223907470703e-01 4.532401561737060547e-01 4.533467292785644531e-01 4.549444913864135742e-01 4.658045768737792969e-01 4.767457246780395508e-01 4.877686500549316406e-01 5.037901401519775391e-01 5.595234632492065430e-01 6.225115060806274414e-01 6.895281076431274414e-01 7.753285169601440430e-01 9.040228128433227539e-01 nan
