nan 9.789195060729980469e-01 9.490950107574462891e-01 9.197199344635009766e-01 8.907877206802368164e-01 8.867872953414916992e-01 8.784185647964477539e-01 8.647196292877197266e-01 8.511205911636352539e-01 8.347585201263427734e-01 8.133125305175781250e-01 7.921172380447387695e-01 7.872519493103027344e-01 8.022258281707763672e-01 8.152174949645996094e-01 8.203175067901611328e-01 0.000000000000000000e+00 0.000000000000000000e+00 0.000000000000000000e+00 0.000000000000000000e+00 0.000000000000000000e+00 0.000000000000000000e+00
9.412994384765625000e-01 nan 1.017929315567016602e+00 9.875167608261108398e-01 9.563981294631958008e-01 9.102690219879150391e-01 8.941860198974609375e-01 8.803720474243164062e-01 8.666589260101318359e-01 8.480558395385742188e-01 8.264544010162353516e-01 8.051055669784545898e-01 7.847342491149902344e-01 7.904832363128662109e-01 7.938394546508789062e-01 7.988793849945068359e-01 0.000000000000000000e+00 0.000000000000000000e+00 0.000000000000000000e+00 0.000000000000000000e+00 0.000000000000000000e+00 0.000000000000000000e+00
8.874170780181884766e-01 9.825707674026489258e-01 nan 1.057708024978637695e+00 1.020695209503173828e+00 9.726861715316772461e-01 9.233525991439819336e-01 8.961559534072875977e-01 8.823277950286865234e-01 8.614494800567626953e-01 8.396915197372436523e-01 8.181880712509155273e-01 8.024791479110717773e-01 7.781921625137329102e-01 7.727131843566894531e-01 7.776937484741210938e-01 0.000000000000000000e+00 0.000000000000000000e+00 0.000000000000000000e+00 0.000000000000000000e+00 0.000000000000000000e+00 0.000000000000000000e+00
8.469871282577514648e-01 9.278161525726318359e-01 1.026021957397460938e+00 nan 1.087105751037597656e+00 1.036742687225341797e+00 9.858070611953735352e-01 9.361454248428344727e-01 8.971152305603027344e-01 8.749403953552246094e-01 8.530247211456298828e-01 8.348238468170166016e-01 8.114911317825317383e-01 7.858469486236572266e-01 7.567762136459350586e-01 7.567576169967651367e-01 0.000000000000000000e+00 0.000000000000000000e+00 0.000000000000000000e+00 0.000000000000000000e+00 0.000000000000000000e+00 0.000000000000000000e+00
8.073829412460327148e-01 8.829140663146972656e-01 9.717719554901123047e-01 1.072081327438354492e+00 nan 1.104284763336181641e+00 1.051525831222534180e+00 1.000089645385742188e+00 9.453594684600830078e-01 8.891599178314208984e-01 8.671222925186157227e-01 8.449136018753051758e-01 8.189134597778320312e-01 7.932497262954711914e-01 7.637799978256225586e-01 7.374926805496215820e-01 0.000000000000000000e+00 0.000000000000000000e+00 0.000000000000000000e+00 0.000000000000000000e+00 0.000000000000000000e+00 0.000000000000000000e+00
7.731322050094604492e-01 8.392245769500732422e-01 9.214028120040893555e-01 1.016322851181030273e+00 1.100596427917480469e+00 nan 1.122657537460327148e+00 1.064838171005249023e+00 1.004343748092651367e+00 9.456214904785156250e-01 8.777203559875488281e-01 8.489750623703002930e-01 8.229176998138427734e-01 7.961258888244628906e-01 7.667467594146728516e-01 7.415523529052734375e-01 0.000000000000000000e+00 0.000000000000000000e+00 0.000000000000000000e+00 0.000000000000000000e+00 0.000000000000000000e+00 0.000000000000000000e+00
7.631683349609375000e-01 8.061028718948364258e-01 8.701878786087036133e-01 9.558645486831665039e-01 1.035693645477294922e+00 1.109880685806274414e+00 nan 1.127444982528686523e+00 1.065116167068481445e+00 9.945288896560668945e-01 9.173883199691772461e-01 8.530455827713012695e-01 8.269307613372802734e-01 7.990067005157470703e-01 7.697186470031738281e-01 7.456213235855102539e-01 0.000000000000000000e+00 0.000000000000000000e+00 0.000000000000000000e+00 0.000000000000000000e+00 0.000000000000000000e+00 0.000000000000000000e+00
7.482649087905883789e-01 7.966439723968505859e-01 8.396867513656616211e-01 8.935741186141967773e-01 9.682756662368774414e-01 1.040005922317504883e+00 1.120673894882202148e+00 nan 1.131316661834716797e+00 1.041576862335205078e+00 9.644490480422973633e-01 8.958253860473632812e-01 8.336001634597778320e-01 8.027864694595336914e-01 7.726954221725463867e-01 7.496998310089111328e-01 0.000000000000000000e+00 0.000000000000000000e+00 0.000000000000000000e+00 0.000000000000000000e+00 0.000000000000000000e+00 0.000000000000000000e+00
7.334874868392944336e-01 7.872346639633178711e-01 8.300520181655883789e-01 8.613669872283935547e-01 9.030904769897460938e-01 9.724448919296264648e-01 1.044327020645141602e+00 1.135618448257446289e+00 nan 1.109388828277587891e+00 1.033521890640258789e+00 9.624855518341064453e-01 8.939300775527954102e-01 8.304979801177978516e-01 7.973788976669311523e-01 7.663559913635253906e-01 0.000000000000000000e+00 0.000000000000000000e+00 0.000000000000000000e+00 0.000000000000000000e+00 0.000000000000000000e+00 0.000000000000000000e+00
7.176089286804199219e-01 7.744281291961669922e-01 8.173041343688964844e-01 8.481630086898803711e-01 8.665530681610107422e-01 9.109705686569213867e-01 9.754748344421386719e-01 1.040852308273315430e+00 1.123231410980224609e+00 nan 1.105023622512817383e+00 1.031489372253417969e+00 9.605234861373901367e-01 8.863712549209594727e-01 8.250445127487182617e-01 7.939095497131347656e-01 0.000000000000000000e+00 0.000000000000000000e+00 0.000000000000000000e+00 0.000000000000000000e+00 0.000000000000000000e+00 0.000000000000000000e+00
7.146760225296020508e-01 7.594294548034667969e-01 8.044127225875854492e-01 8.322812318801879883e-01 8.497824668884277344e-01 8.674508333206176758e-01 9.044520854949951172e-01 9.640238285064697266e-01 1.042666912078857422e+00 1.120481252670288086e+00 nan 1.102919578552246094e+00 1.029243469238281250e+00 9.515346288681030273e-01 8.761466741561889648e-01 8.218930959701538086e-01 0.000000000000000000e+00 0.000000000000000000e+00 0.000000000000000000e+00 0.000000000000000000e+00 0.000000000000000000e+00 0.000000000000000000e+00
7.290840148925781250e-01 7.454887628555297852e-01 7.885047197341918945e-01 8.158185482025146484e-01 8.282068967819213867e-01 8.347643613815307617e-01 8.399636745452880859e-01 8.832913637161254883e-01 9.587018489837646484e-01 1.037131786346435547e+00 1.110555648803710938e+00 nan 1.099342107772827148e+00 1.018948793411254883e+00 9.409232139587402344e-01 8.629342317581176758e-01 0.000000000000000000e+00 0.000000000000000000e+00 0.000000000000000000e+00 0.000000000000000000e+00 0.000000000000000000e+00 0.000000000000000000e+00
7.436132431030273438e-01 7.619106769561767578e-01 7.658237218856811523e-01 7.882732152938842773e-01 7.960677146911621094e-01 8.011573553085327148e-01 8.062615394592285156e-01 8.169869184494018555e-01 8.781878948211669922e-01 9.533939361572265625e-01 1.031611442565917969e+00 1.102181196212768555e+00 nan 1.088691949844360352e+00 1.007936477661132812e+00 9.273517131805419922e-01 0.000000000000000000e+00 0.000000000000000000e+00 0.000000000000000000e+00 0.000000000000000000e+00 0.000000000000000000e+00 0.000000000000000000e+00
7.574108839035034180e-01 7.734704017639160156e-01 7.667400836944580078e-01 7.487434148788452148e-01 7.559075355529785156e-01 7.642678022384643555e-01 7.726677656173706055e-01 7.806444168090820312e-01 8.127421140670776367e-01 8.730984926223754883e-01 9.481006860733032227e-01 1.026106119155883789e+00 1.107864618301391602e+00 nan 1.077263116836547852e+00 9.939843416213989258e-01 0.000000000000000000e+00 0.000000000000000000e+00 0.000000000000000000e+00 0.000000000000000000e+00 0.000000000000000000e+00 0.000000000000000000e+00
7.712820768356323242e-01 7.753517627716064453e-01 7.631394863128662109e-01 7.401660680770874023e-01 7.174921035766601562e-01 7.204991579055786133e-01 7.286908626556396484e-01 7.369215488433837891e-01 7.710188627243041992e-01 8.064081668853759766e-01 8.680227994918823242e-01 9.428217411041259766e-01 1.023142576217651367e+00 1.113564014434814453e+00 nan 1.062829732894897461e+00 0.000000000000000000e+00 0.000000000000000000e+00 0.000000000000000000e+00 0.000000000000000000e+00 0.000000000000000000e+00 0.000000000000000000e+00
7.805802822113037109e-01 7.734829187393188477e-01 7.544914484024047852e-01 7.316306829452514648e-01 7.090679407119750977e-01 6.867991685867309570e-01 6.858049631118774414e-01 6.938313245773315430e-01 7.241188287734985352e-01 7.585709095001220703e-01 7.937115430831909180e-01 8.556059598922729492e-01 9.336168766021728516e-01 1.035055160522460938e+00 1.112979650497436523e+00 nan 0.000000000000000000e+00 0.000000000000000000e+00 0.000000000000000000e+00 0.000000000000000000e+00 0.000000000000000000e+00 0.000000000000000000e+00
7.578712701797485352e-01 7.493568658828735352e-01 7.362371683120727539e-01 7.203369140625000000e-01 7.006852626800537109e-01 6.785255670547485352e-01 6.566547155380249023e-01 6.518102884292602539e-01 6.784607172012329102e-01 7.120006084442138672e-01 7.462106943130493164e-01 7.811043262481689453e-01 8.418735265731811523e-01 9.193073511123657227e-01 1.031078815460205078e+00 1.082522869110107422e+00 nan 0.000000000000000000e+00 0.000000000000000000e+00 0.000000000000000000e+00 0.000000000000000000e+00 0.000000000000000000e+00
5.881464481353759766e-01 7.041147947311401367e-01 6.966147422790527344e-01 6.817387342453002930e-01 6.659669876098632812e-01 6.503432989120483398e-01 6.348659992218017578e-01 6.195338964462280273e-01 6.328593492507934570e-01 6.666635274887084961e-01 6.999675035476684570e-01 7.339371442794799805e-01 7.685854434967041016e-01 8.282427787780761719e-01 9.113582372665405273e-01 1.006482601165771484e+00 0.000000000000000000e+00 nan 0.000000000000000000e+00 0.000000000000000000e+00 0.000000000000000000e+00 0.000000000000000000e+00
5.474774837493896484e-01 5.473634004592895508e-01 6.206681728363037109e-01 6.440063714981079102e-01 6.285885572433471680e-01 6.133154630661010742e-01 5.981854200363159180e-01 5.831972360610961914e-01 5.853594541549682617e-01 6.042716503143310547e-01 6.408879756927490234e-01 6.783400774002075195e-01 7.166471481323242188e-01 7.558284997940063477e-01 8.135697841644287109e-01 8.882116079330444336e-01 0.000000000000000000e+00 0.000000000000000000e+00 nan 0.000000000000000000e+00 0.000000000000000000e+00 0.000000000000000000e+00
5.254650115966796875e-01 5.247321128845214844e-01 5.215801000595092773e-01 5.412919521331787109e-01 5.920488834381103516e-01 5.771182775497436523e-01 5.623277425765991211e-01 5.476759672164916992e-01 5.514967441558837891e-01 5.593166351318359375e-01 5.761843919754028320e-01 6.121598482131958008e-01 6.489561796188354492e-01 6.865925788879394531e-01 7.258627414703369141e-01 7.741078138351440430e-01 0.000000000000000000e+00 0.000000000000000000e+00 0.000000000000000000e+00 nan 0.000000000000000000e+00 0.000000000000000000e+00
5.015904903411865234e-01 5.024317502975463867e-01 4.997862577438354492e-01 4.957448244094848633e-01 4.942740201950073242e-01 5.417333841323852539e-01 5.272747278213500977e-01 5.129516124725341797e-01 5.183573961257934570e-01 5.260101556777954102e-01 5.337014198303222656e-01 5.485889911651611328e-01 5.839344263076782227e-01 6.200866699218750000e-01 6.578338146209716797e-01 6.984982490539550781e-01 0.000000000000000000e+00 0.000000000000000000e+00 0.000000000000000000e+00 0.000000000000000000e+00 nan 0.000000000000000000e+00
4.716154336929321289e-01 4.781277179718017578e-01 4.778648614883422852e-01 4.740606546401977539e-01 4.716470241546630859e-01 4.716256856918334961e-01 4.860969781875610352e-01 4.790062904357910156e-01 4.859259128570556641e-01 4.934151172637939453e-01 5.009422302246093750e-01 5.085071325302124023e-01 5.214766263961791992e-01 5.562032461166381836e-01 5.924863815307617188e-01 6.315480470657348633e-01 0.000000000000000000e+00 0.000000000000000000e+00 0.000000000000000000e+00 0.000000000000000000e+00 0.000000000000000000e+00 nan
