nan 1.083931446075439453e+00 1.050144910812377930e+00 1.019489049911499023e+00 9.892915487289428711e-01 9.514220952987670898e-01 9.422659873962402344e-01 9.196648597717285156e-01 8.973268270492553711e-01 8.752486705780029297e-01 8.534272909164428711e-01 8.317840099334716797e-01 8.168971538543701172e-01 8.194736242294311523e-01 8.077350854873657227e-01 8.054140806198120117e-01 0.000000000000000000e+00 0.000000000000000000e+00 0.000000000000000000e+00 0.000000000000000000e+00 0.000000000000000000e+00 0.000000000000000000e+00
1.134248495101928711e+00 nan 1.123681545257568359e+00 1.091926097869873047e+00 1.058386802673339844e+00 1.010093688964843750e+00 9.567784070968627930e-01 9.339060783386230469e-01 9.113012552261352539e-01 8.889605998992919922e-01 8.668811321258544922e-01 8.450597524642944336e-01 8.224576711654663086e-01 8.134593963623046875e-01 7.974861860275268555e-01 7.899751663208007812e-01 0.000000000000000000e+00 0.000000000000000000e+00 0.000000000000000000e+00 0.000000000000000000e+00 0.000000000000000000e+00 0.000000000000000000e+00
1.038930177688598633e+00 1.165406465530395508e+00 nan 1.166521310806274414e+00 1.126484155654907227e+00 1.076133251190185547e+00 1.017500400543212891e+00 9.583357572555541992e-01 9.251532554626464844e-01 9.026507139205932617e-01 8.804112672805786133e-01 8.584316968917846680e-01 8.435328006744384766e-01 8.251295089721679688e-01 7.930967807769775391e-01 7.882601022720336914e-01 0.000000000000000000e+00 0.000000000000000000e+00 0.000000000000000000e+00 0.000000000000000000e+00 0.000000000000000000e+00 0.000000000000000000e+00
9.817440509796142578e-01 1.083943128585815430e+00 1.202956199645996094e+00 nan 1.196371555328369141e+00 1.143503665924072266e+00 1.080643653869628906e+00 1.019627332687377930e+00 9.604002237319946289e-01 9.164402484893798828e-01 8.940393924713134766e-01 8.845914602279663086e-01 8.660771846771240234e-01 8.474488258361816406e-01 8.042405843734741211e-01 7.820374965667724609e-01 0.000000000000000000e+00 0.000000000000000000e+00 0.000000000000000000e+00 0.000000000000000000e+00 0.000000000000000000e+00 0.000000000000000000e+00
9.259184598922729492e-01 1.026388883590698242e+00 1.129616260528564453e+00 1.242507934570312500e+00 nan 1.210590124130249023e+00 1.145762920379638672e+00 1.082836866378784180e+00 1.021756172180175781e+00 9.624664783477783203e-01 9.204088449478149414e-01 9.079440832138061523e-01 8.888975381851196289e-01 8.700414896011352539e-01 8.271331787109375000e-01 7.730718851089477539e-01 0.000000000000000000e+00 0.000000000000000000e+00 0.000000000000000000e+00 0.000000000000000000e+00 0.000000000000000000e+00 0.000000000000000000e+00
8.705217838287353516e-01 9.688870906829833984e-01 1.072424888610839844e+00 1.174710273742675781e+00 1.264198064804077148e+00 nan 1.222602605819702148e+00 1.147467374801635742e+00 1.084244728088378906e+00 1.031615495681762695e+00 9.877541065216064453e-01 9.348429441452026367e-01 9.095513820648193359e-01 8.907592296600341797e-01 8.307082653045654297e-01 7.784934043884277344e-01 0.000000000000000000e+00 0.000000000000000000e+00 0.000000000000000000e+00 0.000000000000000000e+00 0.000000000000000000e+00 0.000000000000000000e+00
8.161067962646484375e-01 9.116104841232299805e-01 1.012136220932006836e+00 1.107118368148803711e+00 1.191754341125488281e+00 1.296824216842651367e+00 nan 1.235694646835327148e+00 1.160116910934448242e+00 1.098584890365600586e+00 1.046736478805541992e+00 9.905936717987060547e-01 9.359904527664184570e-01 8.788731098175048828e-01 8.236123323440551758e-01 7.716000080108642578e-01 0.000000000000000000e+00 0.000000000000000000e+00 0.000000000000000000e+00 0.000000000000000000e+00 0.000000000000000000e+00 0.000000000000000000e+00
7.795848846435546875e-01 8.560000658035278320e-01 9.536015987396240234e-01 1.040010929107666016e+00 1.121093273162841797e+00 1.212712049484252930e+00 1.333694458007812500e+00 nan 1.248863935470581055e+00 1.187713623046875000e+00 1.120440244674682617e+00 1.052699089050292969e+00 9.654368162155151367e-01 8.754321336746215820e-01 8.165435791015625000e-01 7.647566795349121094e-01 0.000000000000000000e+00 0.000000000000000000e+00 0.000000000000000000e+00 0.000000000000000000e+00 0.000000000000000000e+00 0.000000000000000000e+00
7.616281509399414062e-01 8.218232393264770508e-01 8.960002660751342773e-01 9.750404357910156250e-01 1.050847053527832031e+00 1.128811359405517578e+00 1.231531858444213867e+00 1.365752220153808594e+00 nan 1.277075767517089844e+00 1.204330444335937500e+00 1.114438772201538086e+00 1.016454935073852539e+00 9.230121374130249023e-01 8.247311115264892578e-01 7.783036231994628906e-01 0.000000000000000000e+00 0.000000000000000000e+00 0.000000000000000000e+00 0.000000000000000000e+00 0.000000000000000000e+00 0.000000000000000000e+00
7.463256120681762695e-01 8.060268163681030273e-01 8.596078157424926758e-01 9.121390581130981445e-01 9.829269647598266602e-01 1.055191040039062500e+00 1.146917104721069336e+00 1.250511407852172852e+00 1.401877164840698242e+00 nan 1.274736642837524414e+00 1.169324874877929688e+00 1.068797826766967773e+00 9.729293584823608398e-01 8.761267662048339844e-01 8.060436248779296875e-01 0.000000000000000000e+00 0.000000000000000000e+00 0.000000000000000000e+00 0.000000000000000000e+00 0.000000000000000000e+00 0.000000000000000000e+00
7.279424667358398438e-01 7.887556552886962891e-01 8.387634754180908203e-01 8.780744075775146484e-01 9.172565937042236328e-01 9.871273040771484375e-01 1.065510988235473633e+00 1.159434318542480469e+00 1.264352798461914062e+00 1.442362785339355469e+00 nan 1.225635290145874023e+00 1.122498989105224609e+00 1.027264356613159180e+00 9.391719102859497070e-01 8.605217933654785156e-01 0.000000000000000000e+00 0.000000000000000000e+00 0.000000000000000000e+00 0.000000000000000000e+00 0.000000000000000000e+00 0.000000000000000000e+00
7.097529172897338867e-01 7.728780508041381836e-01 8.181526660919189453e-01 8.517791032791137695e-01 8.734200000762939453e-01 9.153754711151123047e-01 9.796085357666015625e-01 1.065001010894775391e+00 1.160723686218261719e+00 1.242308616638183594e+00 1.419976949691772461e+00 nan 1.181396245956420898e+00 1.089409828186035156e+00 1.006191015243530273e+00 9.248559474945068359e-01 0.000000000000000000e+00 0.000000000000000000e+00 0.000000000000000000e+00 0.000000000000000000e+00 0.000000000000000000e+00 0.000000000000000000e+00
7.211493253707885742e-01 7.558810710906982422e-01 7.970036268234252930e-01 8.194006681442260742e-01 8.360291719436645508e-01 8.528094291687011719e-01 9.024832248687744141e-01 9.731304645538330078e-01 1.049933433532714844e+00 1.129725933074951172e+00 1.223711013793945312e+00 1.414654731750488281e+00 nan 1.171521186828613281e+00 1.075457572937011719e+00 9.914144277572631836e-01 0.000000000000000000e+00 0.000000000000000000e+00 0.000000000000000000e+00 0.000000000000000000e+00 0.000000000000000000e+00 0.000000000000000000e+00
7.347341775894165039e-01 7.520850896835327148e-01 7.661267518997192383e-01 7.869992256164550781e-01 7.993842363357543945e-01 8.158297538757324219e-01 8.323059082031250000e-01 8.767009973526000977e-01 9.497506618499755859e-01 1.025643825531005859e+00 1.104490756988525391e+00 1.217860937118530273e+00 1.414034605026245117e+00 nan 1.152149438858032227e+00 1.060274839401245117e+00 0.000000000000000000e+00 0.000000000000000000e+00 0.000000000000000000e+00 0.000000000000000000e+00 0.000000000000000000e+00 0.000000000000000000e+00
7.484263181686401367e-01 7.565917968750000000e-01 7.496576309204101562e-01 7.529560327529907227e-01 7.724113464355468750e-01 7.843211889266967773e-01 7.901507616043090820e-01 7.975842952728271484e-01 8.646777868270874023e-01 9.393428564071655273e-01 1.016997575759887695e+00 1.101282596588134766e+00 1.231177806854248047e+00 1.431693792343139648e+00 nan 1.136362314224243164e+00 0.000000000000000000e+00 0.000000000000000000e+00 0.000000000000000000e+00 0.000000000000000000e+00 0.000000000000000000e+00 0.000000000000000000e+00
7.620395421981811523e-01 7.584552764892578125e-01 7.511069774627685547e-01 7.396180629730224609e-01 7.393532991409301758e-01 7.503547668457031250e-01 7.573609352111816406e-01 7.623409032821655273e-01 7.933847904205322266e-01 8.596248626708984375e-01 9.340876340866088867e-01 1.011531829833984375e+00 1.113898992538452148e+00 1.244574546813964844e+00 1.411249160766601562e+00 nan 0.000000000000000000e+00 0.000000000000000000e+00 0.000000000000000000e+00 0.000000000000000000e+00 0.000000000000000000e+00 0.000000000000000000e+00
7.546635866165161133e-01 7.576649188995361328e-01 7.523250579833984375e-01 7.410590648651123047e-01 7.223398685455322266e-01 7.069312334060668945e-01 7.150584459304809570e-01 7.232241630554199219e-01 7.539339065551757812e-01 7.889819145202636719e-01 8.545857667922973633e-01 9.288465976715087891e-01 1.006081104278564453e+00 1.126591682434082031e+00 1.232212305068969727e+00 1.394988536834716797e+00 nan 0.000000000000000000e+00 0.000000000000000000e+00 0.000000000000000000e+00 0.000000000000000000e+00 0.000000000000000000e+00
6.130552291870117188e-01 7.284578084945678711e-01 7.259652614593505859e-01 7.159786224365234375e-01 6.998857259750366211e-01 6.839438676834106445e-01 6.712607145309448242e-01 6.804738044738769531e-01 7.074862718582153320e-01 7.416062355041503906e-01 7.764077186584472656e-01 8.441789150238037109e-01 9.217096567153930664e-01 1.014810085296630859e+00 1.114629745483398438e+00 1.220741271972656250e+00 0.000000000000000000e+00 nan 0.000000000000000000e+00 0.000000000000000000e+00 0.000000000000000000e+00 0.000000000000000000e+00
5.708909034729003906e-01 5.753611326217651367e-01 6.731824874877929688e-01 6.774780750274658203e-01 6.617462635040283203e-01 6.461621522903442383e-01 6.307240724563598633e-01 6.166635751724243164e-01 6.482905149459838867e-01 6.859116554260253906e-01 7.243914604187011719e-01 7.637493610382080078e-01 8.305312395095825195e-01 9.074881076812744141e-01 9.946606159210205078e-01 1.098872900009155273e+00 0.000000000000000000e+00 0.000000000000000000e+00 nan 0.000000000000000000e+00 0.000000000000000000e+00 0.000000000000000000e+00
5.523999929428100586e-01 5.549297332763671875e-01 5.517874956130981445e-01 5.912027359008789062e-01 6.244626045227050781e-01 6.092281341552734375e-01 5.941364765167236328e-01 5.791863203048706055e-01 5.838277339935302734e-01 6.194325685501098633e-01 6.563950777053833008e-01 6.942011117935180664e-01 7.328701019287109375e-01 7.953157424926757812e-01 8.744765520095825195e-01 9.589428901672363281e-01 0.000000000000000000e+00 0.000000000000000000e+00 0.000000000000000000e+00 nan 0.000000000000000000e+00 0.000000000000000000e+00
5.309637784957885742e-01 5.321878194808959961e-01 5.295609235763549805e-01 5.254392623901367188e-01 5.242089033126831055e-01 5.731227397918701172e-01 5.583696365356445312e-01 5.437549352645874023e-01 5.499978065490722656e-01 5.578099489212036133e-01 5.910799503326416016e-01 6.273952722549438477e-01 6.645394563674926758e-01 7.025314569473266602e-01 7.496660947799682617e-01 8.267655372619628906e-01 0.000000000000000000e+00 0.000000000000000000e+00 0.000000000000000000e+00 0.000000000000000000e+00 nan 0.000000000000000000e+00
5.011509656906127930e-01 5.077940225601196289e-01 5.076526403427124023e-01 5.035901069641113281e-01 5.012122392654418945e-01 5.011069774627685547e-01 5.234054327011108398e-01 5.092834234237670898e-01 5.168904066085815430e-01 5.245357751846313477e-01 5.322196483612060547e-01 5.632237195968627930e-01 5.989031791687011719e-01 6.353970766067504883e-01 6.753617525100708008e-01 7.164560556411743164e-01 0.000000000000000000e+00 0.000000000000000000e+00 0.000000000000000000e+00 0.000000000000000000e+00 0.000000000000000000e+00 nan
