nan 9.666731357574462891e-01 9.243371486663818359e-01 8.844130039215087891e-01 8.741612434387207031e-01 8.547588586807250977e-01 8.355574607849121094e-01 8.165546655654907227e-01 7.888206243515014648e-01 7.997276782989501953e-01 8.010430335998535156e-01 8.083350658416748047e-01 7.747650146484375000e-01 7.177944183349609375e-01 6.626527309417724609e-01 6.070402860641479492e-01
9.274812936782836914e-01 nan 1.024827957153320312e+00 9.737066030502319336e-01 9.039839506149291992e-01 8.786789178848266602e-01 8.592298030853271484e-01 8.390223979949951172e-01 8.081917762756347656e-01 7.713116407394409180e-01 7.706071138381958008e-01 7.778389453887939453e-01 7.520145177841186523e-01 6.957741975784301758e-01 6.413393020629882812e-01 5.886516571044921875e-01
8.524911403656005859e-01 9.906750917434692383e-01 nan 1.069458484649658203e+00 9.954661130905151367e-01 9.241192340850830078e-01 8.832075595855712891e-01 8.589372634887695312e-01 8.210606575012207031e-01 7.800683975219726562e-01 7.407473325729370117e-01 7.478572130203247070e-01 7.295556068420410156e-01 6.740363836288452148e-01 6.202991008758544922e-01 5.682870149612426758e-01
7.878994941711425781e-01 9.172294139862060547e-01 1.060047388076782227e+00 nan 1.095124483108520508e+00 1.020023345947265625e+00 9.467482566833496094e-01 8.777281045913696289e-01 8.264156579971313477e-01 7.895169258117675781e-01 7.380515336990356445e-01 7.171835899353027344e-01 7.084535360336303711e-01 6.535183191299438477e-01 6.003494262695312500e-01 5.488902330398559570e-01
7.602988481521606445e-01 8.483150005340576172e-01 9.829238653182983398e-01 1.101566314697265625e+00 nan 1.122393608093261719e+00 1.032697200775146484e+00 9.130156040191650391e-01 8.329732418060302734e-01 7.959420680999755859e-01 7.446022033691406250e-01 7.060141563415527344e-01 6.896505355834960938e-01 6.353198289871215820e-01 5.827362537384033203e-01 5.318433046340942383e-01
7.529197931289672852e-01 8.150520324707031250e-01 9.051145315170288086e-01 1.015590190887451172e+00 1.122721195220947266e+00 nan 1.108938694000244141e+00 9.820040464401245117e-01 8.796701431274414062e-01 8.110444545745849609e-01 7.641655206680297852e-01 7.180283069610595703e-01 6.745673418045043945e-01 6.173216104507446289e-01 5.653167963027954102e-01 5.149840116500854492e-01
7.321753501892089844e-01 8.055981397628784180e-01 8.626273870468139648e-01 9.205969572067260742e-01 1.022679328918457031e+00 1.128821849822998047e+00 nan 1.080551385879516602e+00 9.765384197235107422e-01 8.777252435684204102e-01 8.045703172683715820e-01 7.573761940002441406e-01 7.114163637161254883e-01 6.294143199920654297e-01 5.632364749908447266e-01 5.067293643951416016e-01
7.109251022338867188e-01 7.923579216003417969e-01 8.312137126922607422e-01 8.575099706649780273e-01 9.049659967422485352e-01 9.937417507171630859e-01 1.111180543899536133e+00 nan 1.078398704528808594e+00 9.744932651519775391e-01 8.667287826538085938e-01 7.976254224777221680e-01 7.506129741668701172e-01 6.798108816146850586e-01 5.767465829849243164e-01 5.185519456863403320e-01
7.318511009216308594e-01 7.663429975509643555e-01 8.082323074340820312e-01 8.244007825851440430e-01 8.328635692596435547e-01 8.875845670700073242e-01 9.987703561782836914e-01 1.116505384445190430e+00 nan 1.075906991958618164e+00 9.613008499145507812e-01 8.475741147994995117e-01 7.907072305679321289e-01 7.317659854888916016e-01 6.255141496658325195e-01 5.304671525955200195e-01
7.526799440383911133e-01 7.727816104888916016e-01 7.642543315887451172e-01 7.765359878540039062e-01 7.888550758361816406e-01 8.061273097991943359e-01 8.838605880737304688e-01 9.939244985580444336e-01 1.114611625671386719e+00 nan 1.060663938522338867e+00 9.411756992340087891e-01 8.317197561264038086e-01 7.838158607482910156e-01 6.757900714874267578e-01 5.729725360870361328e-01
7.728209495544433594e-01 7.721823453903198242e-01 7.389459609985351562e-01 7.138099670410156250e-01 7.257404327392578125e-01 7.427107095718383789e-01 7.933290004730224609e-01 8.747421503067016602e-01 9.868974685668945312e-01 1.132531881332397461e+00 nan 1.039519309997558594e+00 9.211655855178833008e-01 8.244746923446655273e-01 7.268054485321044922e-01 6.205711364746093750e-01
7.564300298690795898e-01 7.409248352050781250e-01 7.182947397232055664e-01 6.943473815917968750e-01 6.648079156875610352e-01 6.768380403518676758e-01 7.255429029464721680e-01 7.756509780883789062e-01 8.552159070968627930e-01 9.689191579818725586e-01 1.143477201461791992e+00 nan 1.017854213714599609e+00 9.007128477096557617e-01 7.788116931915283203e-01 6.693780422210693359e-01
5.565092563629150391e-01 6.839200258255004883e-01 6.629753112792968750e-01 6.405035257339477539e-01 6.183271408081054688e-01 5.965274572372436523e-01 6.484949588775634766e-01 7.031178474426269531e-01 7.576519250869750977e-01 8.354170322418212891e-01 9.612877368927001953e-01 1.132819890975952148e+00 nan 9.963719844818115234e-01 8.546580076217651367e-01 7.196545600891113281e-01
5.245867967605590820e-01 5.218471288681030273e-01 5.692684650421142578e-01 5.876039266586303711e-01 5.661426782608032227e-01 5.475047826766967773e-01 5.587836503982543945e-01 6.069688796997070312e-01 6.602157354354858398e-01 7.152270078659057617e-01 7.872108221054077148e-01 9.140205383300781250e-01 1.108023166656494141e+00 nan 9.556248188018798828e-01 7.700749635696411133e-01
4.905580282211303711e-01 4.902213811874389648e-01 4.846642017364501953e-01 4.836535453796386719e-01 5.156409740447998047e-01 4.999876022338867188e-01 5.109200477600097656e-01 5.219321250915527344e-01 5.664889812469482422e-01 6.183946132659912109e-01 6.725233793258666992e-01 7.372105121612548828e-01 8.512371778488159180e-01 1.001263618469238281e+00 nan 8.644578456878662109e-01
4.442179203033447266e-01 4.534585475921630859e-01 4.504896402359008789e-01 4.481316804885864258e-01 4.482377767562866211e-01 4.511332511901855469e-01 4.619649648666381836e-01 4.728775024414062500e-01 4.838714599609375000e-01 5.096418857574462891e-01 5.627138614654541016e-01 6.251583099365234375e-01 6.922841072082519531e-01 7.732156515121459961e-01 9.001040458679199219e-01 nan
