nan 1.042737722396850586e+00 9.984180927276611328e-01 9.498186111450195312e-01 9.290488958358764648e-01 9.082988500595092773e-01 8.761637210845947266e-01 8.445695638656616211e-01 8.135076761245727539e-01 8.337091207504272461e-01 8.024637699127197266e-01 8.097833395004272461e-01 7.892402410507202148e-01 7.315695285797119141e-01 6.757575273513793945e-01 6.217443943023681641e-01
1.014648437500000000e+00 nan 1.101156711578369141e+00 1.043051958084106445e+00 9.707694053649902344e-01 9.283082485198974609e-01 8.958361148834228516e-01 8.639106750488281250e-01 8.382983207702636719e-01 8.010767698287963867e-01 7.718815803527832031e-01 7.790770530700683594e-01 7.652342319488525391e-01 7.083371877670288086e-01 6.532740592956542969e-01 5.999855995178222656e-01
9.347746372222900391e-01 1.078736305236816406e+00 nan 1.140743255615234375e+00 1.063868284225463867e+00 9.827221632003784180e-01 9.157146215438842773e-01 8.889760971069335938e-01 8.581780195236206055e-01 7.922104597091674805e-01 7.418184280395507812e-01 7.488917112350463867e-01 7.415502071380615234e-01 6.854165792465209961e-01 6.310921907424926758e-01 5.785188674926757812e-01
8.574776649475097656e-01 9.999233484268188477e-01 1.147616624832153320e+00 nan 1.162580490112304688e+00 1.071662425994873047e+00 9.845666885375976562e-01 9.106565713882446289e-01 8.493062257766723633e-01 7.894760370254516602e-01 7.424066066741943359e-01 7.183216810226440430e-01 7.189649343490600586e-01 6.634653806686401367e-01 6.097575426101684570e-01 5.577839612960815430e-01
7.873634099960327148e-01 9.167004823684692383e-01 1.054467916488647461e+00 1.171154022216796875e+00 nan 1.168384552001953125e+00 1.066480636596679688e+00 9.446480274200439453e-01 8.401870727539062500e-01 7.863883972167968750e-01 7.482901811599731445e-01 7.094706296920776367e-01 6.929476261138916016e-01 6.441607475280761719e-01 5.910763740539550781e-01 5.397058725357055664e-01
7.592571973800659180e-01 8.489629030227661133e-01 9.606295824050903320e-01 1.068061828613281250e+00 1.195815801620483398e+00 nan 1.158942699432373047e+00 1.028876781463623047e+00 9.053096771240234375e-01 8.124738931655883789e-01 7.663607597351074219e-01 7.200553417205810547e-01 6.771570444107055664e-01 6.250802278518676758e-01 5.726120471954345703e-01 5.218374729156494141e-01
7.376012802124023438e-01 8.258507251739501953e-01 8.896522521972656250e-01 9.698646068572998047e-01 1.076571464538574219e+00 1.197768688201904297e+00 nan 1.126931905746459961e+00 9.979616403579711914e-01 8.883930444717407227e-01 8.062981367111206055e-01 7.589457035064697266e-01 7.128348350524902344e-01 6.369947195053100586e-01 5.691326856613159180e-01 5.122421979904174805e-01
7.143150568008422852e-01 7.978082895278930664e-01 8.515553474426269531e-01 8.836762905120849609e-01 9.477970600128173828e-01 1.054320335388183594e+00 1.170814990997314453e+00 nan 1.098414897918701172e+00 9.833376407623291016e-01 8.706939220428466797e-01 7.987153530120849609e-01 7.515617609024047852e-01 6.862959861755371094e-01 5.825541019439697266e-01 5.233436822891235352e-01
7.301346063613891602e-01 7.664035558700561523e-01 8.074502944946289062e-01 8.184087276458740234e-01 8.230240345001220703e-01 9.134049415588378906e-01 1.025050401687622070e+00 1.143209934234619141e+00 nan 1.083055496215820312e+00 9.648424386978149414e-01 8.507784605026245117e-01 7.911646366119384766e-01 7.370823621749877930e-01 6.302157640457153320e-01 5.345267057418823242e-01
7.509311437606811523e-01 7.569369077682495117e-01 7.479202747344970703e-01 7.599539756774902344e-01 7.720705270767211914e-01 8.084809780120849609e-01 9.059199094772338867e-01 1.017128467559814453e+00 1.150225162506103516e+00 nan 1.063691139221191406e+00 9.439245462417602539e-01 8.316626548767089844e-01 7.836453914642333984e-01 6.793130636215209961e-01 5.760004520416259766e-01
7.667809724807739258e-01 7.530598640441894531e-01 7.201803922653198242e-01 6.972365379333496094e-01 7.089213132858276367e-01 7.420922517776489258e-01 7.925976514816284180e-01 8.934032917022705078e-01 1.009238004684448242e+00 1.168898344039916992e+00 nan 1.041758537292480469e+00 9.232293367385864258e-01 8.239735364913940430e-01 7.298889160156250000e-01 6.234649419784545898e-01
7.367948293685913086e-01 7.217288017272949219e-01 6.994380950927734375e-01 6.759537458419799805e-01 6.480225324630737305e-01 6.758483648300170898e-01 7.244333028793334961e-01 7.744269371032714844e-01 8.731968402862548828e-01 9.927588701248168945e-01 1.147625446319580078e+00 nan 1.020021915435791016e+00 9.027546644210815430e-01 7.815691232681274414e-01 6.713060140609741211e-01
5.537503957748413086e-01 6.652636528015136719e-01 6.446381807327270508e-01 6.224060058593750000e-01 6.004742383956909180e-01 5.943661928176879883e-01 6.471954584121704102e-01 7.017753124237060547e-01 7.564401626586914062e-01 8.532061576843261719e-01 9.671944379806518555e-01 1.129964590072631836e+00 nan 9.959867000579833984e-01 8.529983758926391602e-01 7.100675106048583984e-01
5.219268798828125000e-01 5.193239450454711914e-01 5.606533288955688477e-01 5.700899362564086914e-01 5.488654375076293945e-01 5.453264713287353516e-01 5.565894842147827148e-01 6.057021617889404297e-01 6.589069366455078125e-01 7.138748168945312500e-01 8.001124858856201172e-01 9.218370914459228516e-01 1.104562520980834961e+00 nan 9.440581798553466797e-01 7.589116096496582031e-01
4.870198965072631836e-01 4.878076314926147461e-01 4.822026491165161133e-01 4.810038805007934570e-01 4.989209175109863281e-01 4.978760480880737305e-01 5.087931156158447266e-01 5.197898149490356445e-01 5.652540922164916992e-01 6.171188354492187500e-01 6.738560199737548828e-01 7.386947870254516602e-01 8.611540794372558594e-01 9.902760982513427734e-01 nan 8.507680892944335938e-01
4.405363798141479492e-01 4.497535228729248047e-01 4.478300809860229492e-01 4.452912807464599609e-01 4.453972578048706055e-01 4.488357305526733398e-01 4.596502780914306641e-01 4.705455303192138672e-01 4.815219640731811523e-01 5.059762001037597656e-01 5.613923072814941406e-01 6.218580007553100586e-01 6.888475418090820312e-01 7.762075662612915039e-01 8.857308626174926758e-01 nan
