nan 1.215637922286987305e+00 1.122810840606689453e+00 1.074229478836059570e+00 1.043213605880737305e+00 9.974339008331298828e-01 9.601355791091918945e-01 9.460645914077758789e-01 9.238095283508300781e-01 9.080183506011962891e-01 9.005316495895385742e-01 8.930740356445312500e-01 8.856457471847534180e-01 8.740015029907226562e-01 8.577418327331542969e-01 8.412139415740966797e-01 0.000000000000000000e+00 0.000000000000000000e+00 0.000000000000000000e+00 0.000000000000000000e+00 0.000000000000000000e+00 0.000000000000000000e+00
1.145987033843994141e+00 nan 1.245695114135742188e+00 1.151608467102050781e+00 1.113773822784423828e+00 1.064179658889770508e+00 1.012799263000488281e+00 9.610277414321899414e-01 9.450083971023559570e-01 9.373762607574462891e-01 9.297739267349243164e-01 9.222013950347900391e-01 9.146589040756225586e-01 8.707004785537719727e-01 8.537098169326782227e-01 8.372178077697753906e-01 0.000000000000000000e+00 0.000000000000000000e+00 0.000000000000000000e+00 0.000000000000000000e+00 0.000000000000000000e+00 0.000000000000000000e+00
1.029554843902587891e+00 1.183080434799194336e+00 nan 1.278670787811279297e+00 1.184408903121948242e+00 1.132344961166381836e+00 1.079267978668212891e+00 1.029369354248046875e+00 9.853423833847045898e-01 9.671857357025146484e-01 9.594665765762329102e-01 9.517776966094970703e-01 9.392460584640502930e-01 8.981937170028686523e-01 8.496868610382080078e-01 8.332307338714599609e-01 0.000000000000000000e+00 0.000000000000000000e+00 0.000000000000000000e+00 0.000000000000000000e+00 0.000000000000000000e+00 0.000000000000000000e+00
9.745563268661499023e-01 1.075392007827758789e+00 1.220814704895019531e+00 nan 1.302866220474243164e+00 1.202761650085449219e+00 1.155638694763183594e+00 1.109841108322143555e+00 1.064068317413330078e+00 1.019288778305053711e+00 9.896160364151000977e-01 9.818089008331298828e-01 9.638857841491699219e-01 9.260908365249633789e-01 8.727668523788452148e-01 8.184750080108642578e-01 0.000000000000000000e+00 0.000000000000000000e+00 0.000000000000000000e+00 0.000000000000000000e+00 0.000000000000000000e+00 0.000000000000000000e+00
9.217420816421508789e-01 1.019748449325561523e+00 1.122752904891967773e+00 1.259729623794555664e+00 nan 1.340663433074951172e+00 1.248852014541625977e+00 1.193503379821777344e+00 1.145915508270263672e+00 1.099359989166259766e+00 1.053814649581909180e+00 1.008679628372192383e+00 9.888378381729125977e-01 9.543976783752441406e-01 8.889276981353759766e-01 8.210334777832031250e-01 0.000000000000000000e+00 0.000000000000000000e+00 0.000000000000000000e+00 0.000000000000000000e+00 0.000000000000000000e+00 0.000000000000000000e+00
8.736510276794433594e-01 9.692049026489257812e-01 1.069631814956665039e+00 1.170626640319824219e+00 1.290131568908691406e+00 nan 1.393239736557006836e+00 1.287806272506713867e+00 1.225022554397583008e+00 1.168656826019287109e+00 1.122076988220214844e+00 1.067010402679443359e+00 1.010533332824707031e+00 9.680348634719848633e-01 8.831431865692138672e-01 8.194185495376586914e-01 0.000000000000000000e+00 0.000000000000000000e+00 0.000000000000000000e+00 0.000000000000000000e+00 0.000000000000000000e+00 0.000000000000000000e+00
8.215353488922119141e-01 9.174351692199707031e-01 1.017839908599853516e+00 1.111297369003295898e+00 1.198933839797973633e+00 1.345780372619628906e+00 nan 1.438455343246459961e+00 1.331029891967773438e+00 1.260099411010742188e+00 1.198183298110961914e+00 1.128159523010253906e+00 1.064457178115844727e+00 9.643226861953735352e-01 8.750997781753540039e-01 8.133044242858886719e-01 0.000000000000000000e+00 0.000000000000000000e+00 0.000000000000000000e+00 0.000000000000000000e+00 0.000000000000000000e+00 0.000000000000000000e+00
7.900191545486450195e-01 8.621337413787841797e-01 9.601708650588989258e-01 1.046514749526977539e+00 1.125927209854125977e+00 1.234989881515502930e+00 1.400166749954223633e+00 nan 1.484524965286254883e+00 1.375069856643676758e+00 1.286109447479248047e+00 1.212967872619628906e+00 1.110617637634277344e+00 1.010701417922973633e+00 8.842920064926147461e-01 8.186482191085815430e-01 0.000000000000000000e+00 0.000000000000000000e+00 0.000000000000000000e+00 0.000000000000000000e+00 0.000000000000000000e+00 0.000000000000000000e+00
7.691166400909423828e-01 8.362565040588378906e-01 9.024242162704467773e-01 9.818465709686279297e-01 1.059441566467285156e+00 1.154651880264282227e+00 1.276361227035522461e+00 1.455813646316528320e+00 nan 1.528899431228637695e+00 1.403050661087036133e+00 1.271365165710449219e+00 1.166313886642456055e+00 1.066121101379394531e+00 9.363408088684082031e-01 8.363867998123168945e-01 0.000000000000000000e+00 0.000000000000000000e+00 0.000000000000000000e+00 0.000000000000000000e+00 0.000000000000000000e+00 0.000000000000000000e+00
7.477993965148925781e-01 8.204830884933471680e-01 8.744895458221435547e-01 9.184393882751464844e-01 9.954634904861450195e-01 1.084464311599731445e+00 1.194536447525024414e+00 1.318498849868774414e+00 1.512751102447509766e+00 nan 1.520891427993774414e+00 1.354968786239624023e+00 1.223480463027954102e+00 1.120643615722656250e+00 9.899896383285522461e-01 8.804126977920532227e-01 0.000000000000000000e+00 0.000000000000000000e+00 0.000000000000000000e+00 0.000000000000000000e+00 0.000000000000000000e+00 0.000000000000000000e+00
7.199512720108032227e-01 7.992248535156250000e-01 8.539146184921264648e-01 8.897190093994140625e-01 9.334728717803955078e-01 1.019708871841430664e+00 1.115653038024902344e+00 1.229683399200439453e+00 1.349016904830932617e+00 1.522332191467285156e+00 nan 1.465997934341430664e+00 1.303484916687011719e+00 1.176605224609375000e+00 1.045124769210815430e+00 9.342793226242065430e-01 0.000000000000000000e+00 0.000000000000000000e+00 0.000000000000000000e+00 0.000000000000000000e+00 0.000000000000000000e+00 0.000000000000000000e+00
7.042180299758911133e-01 7.782145738601684570e-01 8.332421779632568359e-01 8.636993169784545898e-01 8.996548652648925781e-01 9.512952566146850586e-01 1.032602787017822266e+00 1.136523723602294922e+00 1.233167171478271484e+00 1.317706584930419922e+00 1.496908426284790039e+00 nan 1.428707838058471680e+00 1.253126621246337891e+00 1.101787328720092773e+00 9.896892309188842773e-01 0.000000000000000000e+00 0.000000000000000000e+00 0.000000000000000000e+00 0.000000000000000000e+00 0.000000000000000000e+00 0.000000000000000000e+00
7.186111211776733398e-01 7.544109821319580078e-01 8.062846660614013672e-01 8.343082666397094727e-01 8.656297922134399414e-01 8.974862098693847656e-01 9.575362205505371094e-01 1.034826993942260742e+00 1.111857652664184570e+00 1.191804409027099609e+00 1.274777650833129883e+00 1.472797870635986328e+00 nan 1.391981363296508789e+00 1.176495552062988281e+00 1.046685934066772461e+00 0.000000000000000000e+00 0.000000000000000000e+00 0.000000000000000000e+00 0.000000000000000000e+00 0.000000000000000000e+00 0.000000000000000000e+00
7.322597503662109375e-01 7.537826299667358398e-01 7.653427124023437500e-01 7.957336902618408203e-01 8.322144746780395508e-01 8.635003566741943359e-01 8.865644931793212891e-01 9.242919683456420898e-01 9.971383810043334961e-01 1.072741985321044922e+00 1.151208162307739258e+00 1.241112947463989258e+00 1.448920488357543945e+00 nan 1.322140216827392578e+00 1.122581720352172852e+00 0.000000000000000000e+00 0.000000000000000000e+00 0.000000000000000000e+00 0.000000000000000000e+00 0.000000000000000000e+00 0.000000000000000000e+00
7.554008960723876953e-01 7.527104616165161133e-01 7.527648210525512695e-01 7.562069892883300781e-01 7.946803569793701172e-01 8.252296447753906250e-01 8.265761137008666992e-01 8.314312696456909180e-01 8.886506557464599609e-01 9.601475000381469727e-01 1.034351110458374023e+00 1.111363649368286133e+00 1.219008684158325195e+00 1.425274610519409180e+00 nan 1.280158758163452148e+00 0.000000000000000000e+00 0.000000000000000000e+00 0.000000000000000000e+00 0.000000000000000000e+00 0.000000000000000000e+00 0.000000000000000000e+00
7.798556089401245117e-01 7.629600763320922852e-01 7.464963197708129883e-01 7.500803470611572266e-01 7.549095153808593750e-01 7.583364248275756836e-01 7.630014419555664062e-01 7.679038047790527344e-01 7.988369464874267578e-01 8.564063310623168945e-01 9.287749528884887695e-01 1.003964662551879883e+00 1.082085847854614258e+00 1.210404157638549805e+00 1.389680385589599609e+00 nan 0.000000000000000000e+00 0.000000000000000000e+00 0.000000000000000000e+00 0.000000000000000000e+00 0.000000000000000000e+00 0.000000000000000000e+00
7.537729740142822266e-01 7.507821321487426758e-01 7.411057949066162109e-01 7.513740062713623047e-01 7.292115688323974609e-01 7.048732042312622070e-01 7.064768075942993164e-01 7.128623723983764648e-01 7.423896789550781250e-01 7.753753662109375000e-01 8.350616693496704102e-01 9.102475643157958984e-01 9.854838848114013672e-01 1.081674575805664062e+00 1.194977521896362305e+00 1.380744457244873047e+00 nan 0.000000000000000000e+00 0.000000000000000000e+00 0.000000000000000000e+00 0.000000000000000000e+00 0.000000000000000000e+00
5.999256372451782227e-01 7.138545513153076172e-01 7.112377882003784180e-01 6.982568502426147461e-01 6.823441982269287109e-01 6.665806770324707031e-01 6.509647369384765625e-01 6.573857069015502930e-01 6.895761489868164062e-01 7.234010696411132812e-01 7.579033374786376953e-01 8.183101415634155273e-01 8.948318958282470703e-01 9.745736122131347656e-01 1.075440406799316406e+00 1.189538955688476562e+00 0.000000000000000000e+00 nan 0.000000000000000000e+00 0.000000000000000000e+00 0.000000000000000000e+00 0.000000000000000000e+00
5.682510137557983398e-01 5.630803108215332031e-01 6.468265056610107422e-01 6.602151393890380859e-01 6.446590423583984375e-01 6.292486190795898438e-01 6.139824390411376953e-01 5.988595485687255859e-01 6.238893270492553711e-01 6.610141992568969727e-01 6.989878416061401367e-01 7.378296852111816406e-01 8.002169132232666016e-01 8.812342882156372070e-01 9.574398994445800781e-01 1.067903518676757812e+00 0.000000000000000000e+00 0.000000000000000000e+00 nan 0.000000000000000000e+00 0.000000000000000000e+00 0.000000000000000000e+00
5.503094196319580078e-01 5.415458679199218750e-01 5.383713245391845703e-01 5.661934614181518555e-01 6.078180074691772461e-01 5.927528142929077148e-01 5.778287649154663086e-01 5.630444288253784180e-01 5.695016384124755859e-01 5.957770347595214844e-01 6.322592496871948242e-01 6.695755720138549805e-01 7.077449560165405273e-01 7.588214874267578125e-01 8.377518653869628906e-01 9.252851009368896484e-01 0.000000000000000000e+00 0.000000000000000000e+00 0.000000000000000000e+00 nan 0.000000000000000000e+00 0.000000000000000000e+00
5.245047807693481445e-01 5.189458131790161133e-01 5.162833929061889648e-01 5.121854543685913086e-01 5.109834671020507812e-01 5.570745468139648438e-01 5.424846410751342773e-01 5.282330513000488281e-01 5.359233617782592773e-01 5.436522960662841797e-01 5.681513547897338867e-01 6.040021181106567383e-01 6.406723260879516602e-01 6.781809329986572266e-01 7.183886766433715820e-01 7.966541051864624023e-01 0.000000000000000000e+00 0.000000000000000000e+00 0.000000000000000000e+00 0.000000000000000000e+00 nan 0.000000000000000000e+00
4.932229518890380859e-01 4.947932958602905273e-01 4.939895868301391602e-01 4.901320934295654297e-01 4.879727363586425781e-01 4.880174398422241211e-01 5.079324245452880859e-01 4.955376386642456055e-01 5.030634403228759766e-01 5.106270313262939453e-01 5.182287693023681641e-01 5.410040616989135742e-01 5.762341022491455078e-01 6.122322082519531250e-01 6.508246660232543945e-01 6.942046880722045898e-01 0.000000000000000000e+00 0.000000000000000000e+00 0.000000000000000000e+00 0.000000000000000000e+00 0.000000000000000000e+00 nan
