nan 9.519419670104980469e-01 9.225239753723144531e-01 8.935493230819702148e-01 8.675473928451538086e-01 8.733323812484741211e-01 8.653417825698852539e-01 8.517383337020874023e-01 8.382341861724853516e-01 8.248281478881835938e-01 8.084595203399658203e-01 7.873209714889526367e-01 7.847343683242797852e-01 8.030523061752319336e-01 8.137944936752319336e-01 8.191595077514648438e-01 0.000000000000000000e+00 0.000000000000000000e+00 0.000000000000000000e+00 0.000000000000000000e+00 0.000000000000000000e+00 0.000000000000000000e+00
9.206482172012329102e-01 nan 9.904197454452514648e-01 9.604219198226928711e-01 9.308761358261108398e-01 8.926427364349365234e-01 8.809996843338012695e-01 8.672820329666137695e-01 8.536642789840698242e-01 8.401459455490112305e-01 8.215663433074951172e-01 8.002746105194091797e-01 7.832859754562377930e-01 7.830855846405029297e-01 7.917978763580322266e-01 7.977350950241088867e-01 0.000000000000000000e+00 0.000000000000000000e+00 0.000000000000000000e+00 0.000000000000000000e+00 0.000000000000000000e+00 0.000000000000000000e+00
8.705061674118041992e-01 9.615063667297363281e-01 nan 1.029656410217285156e+00 9.966638088226318359e-01 9.492924213409423828e-01 9.005439281463623047e-01 8.829559087753295898e-01 8.692239522933959961e-01 8.555920124053955078e-01 8.347679376602172852e-01 8.152861595153808594e-01 7.937791347503662109e-01 7.683857679367065430e-01 7.700679302215576172e-01 7.765629291534423828e-01 0.000000000000000000e+00 0.000000000000000000e+00 0.000000000000000000e+00 0.000000000000000000e+00 0.000000000000000000e+00 0.000000000000000000e+00
8.319209814071655273e-01 9.080765247344970703e-01 1.004495859146118164e+00 nan 1.062284469604492188e+00 1.012589454650878906e+00 9.622579813003540039e-01 9.131852388381958008e-01 8.849143981933593750e-01 8.699223995208740234e-01 8.480653762817382812e-01 8.273700475692749023e-01 8.015010356903076172e-01 7.759982347488403320e-01 7.508563995361328125e-01 7.556400299072265625e-01 0.000000000000000000e+00 0.000000000000000000e+00 0.000000000000000000e+00 0.000000000000000000e+00 0.000000000000000000e+00 0.000000000000000000e+00
7.924402952194213867e-01 8.673789501190185547e-01 9.510823488235473633e-01 1.050338983535766602e+00 nan 1.079607725143432617e+00 1.027467489242553711e+00 9.766346216201782227e-01 9.270761013031005859e-01 8.843102455139160156e-01 8.607212305068969727e-01 8.344982862472534180e-01 8.086450099945068359e-01 7.831560373306274414e-01 7.580262422561645508e-01 7.348085641860961914e-01 0.000000000000000000e+00 0.000000000000000000e+00 0.000000000000000000e+00 0.000000000000000000e+00 0.000000000000000000e+00 0.000000000000000000e+00
7.693604230880737305e-01 8.259788751602172852e-01 9.026468992233276367e-01 9.979630708694458008e-01 1.082221269607543945e+00 nan 1.097765207290649414e+00 1.045169830322265625e+00 9.890033006668090820e-01 9.242947101593017578e-01 8.648175001144409180e-01 8.385369777679443359e-01 8.126267194747924805e-01 7.870815992355346680e-01 7.618964910507202148e-01 7.365399599075317383e-01 0.000000000000000000e+00 0.000000000000000000e+00 0.000000000000000000e+00 0.000000000000000000e+00 0.000000000000000000e+00 0.000000000000000000e+00
7.587025165557861328e-01 8.025388717651367188e-01 8.600348234176635742e-01 9.430178403854370117e-01 1.023804426193237305e+00 1.098361730575561523e+00 nan 1.111162185668945312e+00 1.045519590377807617e+00 9.612522125244140625e-01 8.933408260345458984e-01 8.425843715667724609e-01 8.166171312332153320e-01 7.910157442092895508e-01 7.657752037048339844e-01 7.405973672866821289e-01 0.000000000000000000e+00 0.000000000000000000e+00 0.000000000000000000e+00 0.000000000000000000e+00 0.000000000000000000e+00 0.000000000000000000e+00
7.438367605209350586e-01 7.930985689163208008e-01 8.360563516616821289e-01 8.838577270507812500e-01 9.575300216674804688e-01 1.028868436813354492e+00 1.101432561874389648e+00 nan 1.092898845672607422e+00 1.007285356521606445e+00 9.371651411056518555e-01 8.694943189620971680e-01 8.207615613937377930e-01 7.949584722518920898e-01 7.696624994277954102e-01 7.446641921997070312e-01 0.000000000000000000e+00 0.000000000000000000e+00 0.000000000000000000e+00 0.000000000000000000e+00 0.000000000000000000e+00 0.000000000000000000e+00
7.290967702865600586e-01 7.837077379226684570e-01 8.264406919479370117e-01 8.602757453918457031e-01 8.946045637130737305e-01 9.616765975952148438e-01 1.033166170120239258e+00 1.097594499588012695e+00 nan 1.077864646911621094e+00 1.005278587341308594e+00 9.352287054061889648e-01 8.676254749298095703e-01 8.220531940460205078e-01 7.941060066223144531e-01 7.624230384826660156e-01 0.000000000000000000e+00 0.000000000000000000e+00 0.000000000000000000e+00 0.000000000000000000e+00 0.000000000000000000e+00 0.000000000000000000e+00
7.136065959930419922e-01 7.699338197708129883e-01 8.162387609481811523e-01 8.470795154571533203e-01 8.657792806625366211e-01 9.037009477615356445e-01 9.546495676040649414e-01 1.019268512725830078e+00 1.090100526809692383e+00 nan 1.075787067413330078e+00 1.003274202346801758e+00 9.332939386367797852e-01 8.657584190368652344e-01 8.216840028762817383e-01 7.895267009735107422e-01 0.000000000000000000e+00 0.000000000000000000e+00 0.000000000000000000e+00 0.000000000000000000e+00 0.000000000000000000e+00 0.000000000000000000e+00
7.131344079971313477e-01 7.549730539321899414e-01 8.033549785614013672e-01 8.315216302871704102e-01 8.490154743194580078e-01 8.587591648101806641e-01 8.847922086715698242e-01 9.437599182128906250e-01 1.022219896316528320e+00 1.088709115982055664e+00 nan 1.073712110519409180e+00 1.001271486282348633e+00 9.313614368438720703e-01 8.610842227935791016e-01 8.170472383499145508e-01 0.000000000000000000e+00 0.000000000000000000e+00 0.000000000000000000e+00 0.000000000000000000e+00 0.000000000000000000e+00 0.000000000000000000e+00
7.275295257568359375e-01 7.437089681625366211e-01 7.871237993240356445e-01 8.150657415390014648e-01 8.260318040847778320e-01 8.317755460739135742e-01 8.375375270843505859e-01 8.710747957229614258e-01 9.466010332107543945e-01 1.025175571441650391e+00 1.087318897247314453e+00 nan 1.071639060974121094e+00 9.992707967758178711e-01 9.253740310668945312e-01 8.473401069641113281e-01 0.000000000000000000e+00 0.000000000000000000e+00 0.000000000000000000e+00 0.000000000000000000e+00 0.000000000000000000e+00 0.000000000000000000e+00
7.418715953826904297e-01 7.605500221252441406e-01 7.678196430206298828e-01 7.875783443450927734e-01 7.956176996231079102e-01 8.007061481475830078e-01 8.058089017868041992e-01 8.160680532455444336e-01 8.674198389053344727e-01 9.421947002410888672e-01 1.019963741302490234e+00 1.078538656234741211e+00 nan 1.069568157196044922e+00 9.918848276138305664e-01 9.108033180236816406e-01 0.000000000000000000e+00 0.000000000000000000e+00 0.000000000000000000e+00 0.000000000000000000e+00 0.000000000000000000e+00 0.000000000000000000e+00
7.556200027465820312e-01 7.748056650161743164e-01 7.681504487991333008e-01 7.452678680419921875e-01 7.515313625335693359e-01 7.598707675933837891e-01 7.682498693466186523e-01 7.786555290222167969e-01 8.118252754211425781e-01 8.623594045639038086e-01 9.369317293167114258e-01 1.014489889144897461e+00 1.069140195846557617e+00 nan 1.060692787170410156e+00 9.773173332214355469e-01 0.000000000000000000e+00 0.000000000000000000e+00 0.000000000000000000e+00 0.000000000000000000e+00 0.000000000000000000e+00 0.000000000000000000e+00
7.694770097732543945e-01 7.782372236251831055e-01 7.596353292465209961e-01 7.367075681686401367e-01 7.140786647796630859e-01 7.162113189697265625e-01 7.243826389312744141e-01 7.325927019119262695e-01 7.661539316177368164e-01 8.014460802078247070e-01 8.545550107955932617e-01 9.316830635070800781e-01 1.009031057357788086e+00 1.074734926223754883e+00 nan 1.046640634536743164e+00 0.000000000000000000e+00 0.000000000000000000e+00 0.000000000000000000e+00 0.000000000000000000e+00 0.000000000000000000e+00 0.000000000000000000e+00
7.824014425277709961e-01 7.699261903762817383e-01 7.510044574737548828e-01 7.281892299652099609e-01 7.056711912155151367e-01 6.834466457366943359e-01 6.816034317016601562e-01 6.896098852157592773e-01 7.193827629089355469e-01 7.537403106689453125e-01 7.887843847274780273e-01 8.408303260803222656e-01 9.182201623916625977e-01 1.009293079376220703e+00 1.077606678009033203e+00 nan 0.000000000000000000e+00 0.000000000000000000e+00 0.000000000000000000e+00 0.000000000000000000e+00 0.000000000000000000e+00 0.000000000000000000e+00
7.517684698104858398e-01 7.435746192932128906e-01 7.305959463119506836e-01 7.146819829940795898e-01 6.973050832748413086e-01 6.751896142959594727e-01 6.533621549606323242e-01 6.476936340332031250e-01 6.738501787185668945e-01 7.072978019714355469e-01 7.414139509201049805e-01 7.762116193771362305e-01 8.272073268890380859e-01 9.040244817733764648e-01 1.011850118637084961e+00 1.049266576766967773e+00 nan 0.000000000000000000e+00 0.000000000000000000e+00 0.000000000000000000e+00 0.000000000000000000e+00 0.000000000000000000e+00
5.893112421035766602e-01 7.047369480133056641e-01 6.911021471023559570e-01 6.762105226516723633e-01 6.604907512664794922e-01 6.449183225631713867e-01 6.294918060302734375e-01 6.142102479934692383e-01 6.267759799957275391e-01 6.620851755142211914e-01 6.952978372573852539e-01 7.291740179061889648e-01 7.637273073196411133e-01 8.136850595474243164e-01 8.934955596923828125e-01 9.909021854400634766e-01 0.000000000000000000e+00 nan 0.000000000000000000e+00 0.000000000000000000e+00 0.000000000000000000e+00 0.000000000000000000e+00
5.416026115417480469e-01 5.415453910827636719e-01 6.220287084579467773e-01 6.386022567749023438e-01 6.232351064682006836e-01 6.080120801925659180e-01 5.929318666458129883e-01 5.779930353164672852e-01 5.800710916519165039e-01 5.982948541641235352e-01 6.347748041152954102e-01 6.720874309539794922e-01 7.102518081665039062e-01 7.492871284484863281e-01 8.002628087997436523e-01 8.735498189926147461e-01 0.000000000000000000e+00 0.000000000000000000e+00 nan 0.000000000000000000e+00 0.000000000000000000e+00 0.000000000000000000e+00
5.196735858917236328e-01 5.189990997314453125e-01 5.159696340560913086e-01 5.425859689712524414e-01 5.868154764175415039e-01 5.719341039657592773e-01 5.571920871734619141e-01 5.425884723663330078e-01 5.463213920593261719e-01 5.541150569915771484e-01 5.703122615814208984e-01 6.061536073684692383e-01 6.428128480911254883e-01 6.803090572357177734e-01 7.186609506607055664e-01 7.605209350585937500e-01 0.000000000000000000e+00 0.000000000000000000e+00 0.000000000000000000e+00 nan 0.000000000000000000e+00 0.000000000000000000e+00
4.963909387588500977e-01 4.967826604843139648e-01 4.942561388015747070e-01 4.902296066284179688e-01 4.888762235641479492e-01 5.366654396057128906e-01 5.222542285919189453e-01 5.079783201217651367e-01 5.132925510406494141e-01 5.209197998046875000e-01 5.285854339599609375e-01 5.428196191787719727e-01 5.780334472656250000e-01 6.140509843826293945e-01 6.508907079696655273e-01 6.911258697509765625e-01 0.000000000000000000e+00 0.000000000000000000e+00 0.000000000000000000e+00 0.000000000000000000e+00 nan 0.000000000000000000e+00
4.665603637695312500e-01 4.730503559112548828e-01 4.724024534225463867e-01 4.686124324798583984e-01 4.663180112838745117e-01 4.663097858428955078e-01 4.872877597808837891e-01 4.741445779800415039e-01 4.809691905975341797e-01 4.884334802627563477e-01 4.959354400634765625e-01 5.034751892089843750e-01 5.158082246780395508e-01 5.504056215286254883e-01 5.857925415039062500e-01 6.244663000106811523e-01 0.000000000000000000e+00 0.000000000000000000e+00 0.000000000000000000e+00 0.000000000000000000e+00 0.000000000000000000e+00 nan
