nan 1.048169851303100586e+00 1.017317295074462891e+00 9.869140386581420898e-01 9.569690227508544922e-01 9.195563793182373047e-01 9.087500572204589844e-01 8.948299884796142578e-01 8.797453641891479492e-01 8.577735424041748047e-01 8.360586166381835938e-01 8.145974874496459961e-01 7.933870553970336914e-01 8.014751672744750977e-01 7.956271171569824219e-01 8.073574304580688477e-01 0.000000000000000000e+00 0.000000000000000000e+00 0.000000000000000000e+00 0.000000000000000000e+00 0.000000000000000000e+00 0.000000000000000000e+00
9.685126543045043945e-01 nan 1.088561058044433594e+00 1.057084083557128906e+00 1.021630287170410156e+00 9.738750457763671875e-01 9.247722625732421875e-01 9.107352495193481445e-01 8.933687210083007812e-01 8.712377548217773438e-01 8.493653535842895508e-01 8.277486562728881836e-01 8.063845634460449219e-01 7.844167947769165039e-01 7.802720069885253906e-01 7.891846895217895508e-01 0.000000000000000000e+00 0.000000000000000000e+00 0.000000000000000000e+00 0.000000000000000000e+00 0.000000000000000000e+00 0.000000000000000000e+00
9.138751029968261719e-01 1.011355876922607422e+00 nan 1.129732131958007812e+00 1.088071346282958984e+00 1.037969827651977539e+00 9.870038032531738281e-01 9.373121261596679688e-01 9.070909023284912109e-01 8.847994804382324219e-01 8.627686500549316406e-01 8.409951925277709961e-01 8.194763660430908203e-01 7.918211221694946289e-01 7.631593942642211914e-01 7.681132555007934570e-01 0.000000000000000000e+00 0.000000000000000000e+00 0.000000000000000000e+00 0.000000000000000000e+00 0.000000000000000000e+00 0.000000000000000000e+00
8.610035181045532227e-01 9.558058977127075195e-01 1.055437564849853516e+00 nan 1.156695842742919922e+00 1.104146003723144531e+00 1.051524877548217773e+00 1.000219821929931641e+00 9.422447681427001953e-01 8.984594345092773438e-01 8.762688636779785156e-01 8.543376922607421875e-01 8.322999477386474609e-01 8.020521402359008789e-01 7.633779048919677734e-01 7.472897768020629883e-01 0.000000000000000000e+00 0.000000000000000000e+00 0.000000000000000000e+00 0.000000000000000000e+00 0.000000000000000000e+00 0.000000000000000000e+00
8.178275823593139648e-01 9.040377140045166016e-01 1.000901222229003906e+00 1.101357698440551758e+00 nan 1.174468040466308594e+00 1.119949340820312500e+00 1.062824010848999023e+00 1.002388477325439453e+00 9.437235593795776367e-01 8.907859325408935547e-01 8.685845136642456055e-01 8.407154083251953125e-01 8.082652091979980469e-01 7.708747386932373047e-01 7.435586452484130859e-01 0.000000000000000000e+00 0.000000000000000000e+00 0.000000000000000000e+00 0.000000000000000000e+00 0.000000000000000000e+00 0.000000000000000000e+00
7.777513265609741211e-01 8.537788391113281250e-01 9.497882127761840820e-01 1.042830705642700195e+00 1.127991914749145508e+00 nan 1.191399335861206055e+00 1.125369787216186523e+00 1.063101768493652344e+00 1.002658128738403320e+00 9.439853429794311523e-01 8.870315551757812500e-01 8.434761762619018555e-01 8.111654520034790039e-01 7.750123739242553711e-01 7.476325035095214844e-01 0.000000000000000000e+00 0.000000000000000000e+00 0.000000000000000000e+00 0.000000000000000000e+00 0.000000000000000000e+00 0.000000000000000000e+00
7.679710388183593750e-01 8.108080625534057617e-01 8.944995403289794922e-01 9.813058376312255859e-01 1.060461044311523438e+00 1.135550498962402344e+00 nan 1.204307794570922852e+00 1.129791021347045898e+00 1.063379764556884766e+00 1.002927780151367188e+00 9.241386651992797852e-01 8.464330434799194336e-01 8.140704631805419922e-01 7.791595458984375000e-01 7.517156600952148438e-01 0.000000000000000000e+00 0.000000000000000000e+00 0.000000000000000000e+00 0.000000000000000000e+00 0.000000000000000000e+00 0.000000000000000000e+00
7.530269622802734375e-01 8.013244867324829102e-01 8.506199121475219727e-01 9.182050228118896484e-01 9.922226667404174805e-01 1.064825534820556641e+00 1.150414705276489258e+00 nan 1.217291831970214844e+00 1.142336368560791016e+00 1.057701349258422852e+00 9.690008163452148438e-01 8.899699449539184570e-01 8.219348192214965820e-01 7.875980138778686523e-01 7.558084726333618164e-01 0.000000000000000000e+00 0.000000000000000000e+00 0.000000000000000000e+00 0.000000000000000000e+00 0.000000000000000000e+00 0.000000000000000000e+00
7.382092475891113281e-01 7.918905019760131836e-01 8.327370882034301758e-01 8.739262819290161133e-01 9.262443780899047852e-01 9.964426755905151367e-01 1.069199323654174805e+00 1.168704509735107422e+00 nan 1.219501733779907227e+00 1.126048803329467773e+00 1.033189058303833008e+00 9.552574157714843750e-01 8.803818225860595703e-01 8.154829740524291992e-01 7.823994159698486328e-01 0.000000000000000000e+00 0.000000000000000000e+00 0.000000000000000000e+00 0.000000000000000000e+00 0.000000000000000000e+00 0.000000000000000000e+00
7.222558259963989258e-01 7.792613506317138672e-01 8.197362422943115234e-01 8.506920337677001953e-01 8.728603124618530273e-01 9.303245544433593750e-01 1.000671625137329102e+00 1.086472272872924805e+00 1.177449226379394531e+00 nan 1.196666240692138672e+00 1.103347301483154297e+00 1.022800445556640625e+00 9.453383684158325195e-01 8.699657917022705078e-01 8.102034330368041992e-01 0.000000000000000000e+00 0.000000000000000000e+00 0.000000000000000000e+00 0.000000000000000000e+00 0.000000000000000000e+00 0.000000000000000000e+00
7.135363817214965820e-01 7.642220258712768555e-01 8.068275451660156250e-01 8.325209617614746094e-01 8.500244617462158203e-01 8.687578439712524414e-01 9.302370548248291016e-01 9.934412240982055664e-01 1.071034908294677734e+00 1.151648759841918945e+00 nan 1.176005601882934570e+00 1.092676639556884766e+00 1.012538671493530273e+00 9.346264600753784180e-01 8.561607599258422852e-01 0.000000000000000000e+00 0.000000000000000000e+00 0.000000000000000000e+00 0.000000000000000000e+00 0.000000000000000000e+00 0.000000000000000000e+00
7.279349565505981445e-01 7.493096590042114258e-01 7.904995679855346680e-01 8.160561323165893555e-01 8.286358118057250977e-01 8.409233093261718750e-01 8.565402030944824219e-01 9.034038782119750977e-01 9.796196222305297852e-01 1.058887243270874023e+00 1.141328811645507812e+00 nan 1.164966583251953125e+00 1.082060337066650391e+00 1.001513242721557617e+00 9.203439950942993164e-01 0.000000000000000000e+00 0.000000000000000000e+00 0.000000000000000000e+00 0.000000000000000000e+00 0.000000000000000000e+00 0.000000000000000000e+00
7.424545288085937500e-01 7.596701383590698242e-01 7.666522264480590820e-01 7.878340482711791992e-01 8.012564182281494141e-01 8.127785921096801758e-01 8.179156780242919922e-01 8.270144462585449219e-01 8.982459306716918945e-01 9.742550849914550781e-01 1.053308010101318359e+00 1.146707773208618164e+00 nan 1.163911581039428711e+00 1.070618391036987305e+00 9.867465496063232422e-01 0.000000000000000000e+00 0.000000000000000000e+00 0.000000000000000000e+00 0.000000000000000000e+00 0.000000000000000000e+00 0.000000000000000000e+00
7.565183639526367188e-01 7.700659036636352539e-01 7.627149820327758789e-01 7.537748813629150391e-01 7.739608287811279297e-01 7.795743942260742188e-01 7.846173048019409180e-01 7.896746397018432617e-01 8.202173709869384766e-01 8.931020498275756836e-01 9.689053297042846680e-01 1.047743797302246094e+00 1.159597158432006836e+00 nan 1.162122964859008789e+00 1.055445432662963867e+00 0.000000000000000000e+00 0.000000000000000000e+00 0.000000000000000000e+00 0.000000000000000000e+00 0.000000000000000000e+00 0.000000000000000000e+00
7.703824043273925781e-01 7.719435691833496094e-01 7.641751766204833984e-01 7.526004314422607422e-01 7.315545082092285156e-01 7.386274337768554688e-01 7.469052076339721680e-01 7.552226781845092773e-01 7.806231975555419922e-01 8.152848482131958008e-01 8.879722356796264648e-01 9.635701179504394531e-01 1.046081066131591797e+00 1.172564268112182617e+00 nan 1.146542787551879883e+00 0.000000000000000000e+00 0.000000000000000000e+00 0.000000000000000000e+00 0.000000000000000000e+00 0.000000000000000000e+00 0.000000000000000000e+00
7.778897285461425781e-01 7.738232612609863281e-01 7.656365633010864258e-01 7.458089590072631836e-01 7.230613231658935547e-01 7.006101608276367188e-01 7.035675048828125000e-01 7.116785049438476562e-01 7.351486682891845703e-01 7.698212862014770508e-01 8.070635795593261719e-01 8.828561305999755859e-01 9.582490921020507812e-01 1.058366298675537109e+00 1.178501129150390625e+00 nan 0.000000000000000000e+00 0.000000000000000000e+00 0.000000000000000000e+00 0.000000000000000000e+00 0.000000000000000000e+00 0.000000000000000000e+00
7.569538354873657227e-01 7.597892284393310547e-01 7.504628896713256836e-01 7.344383001327514648e-01 7.146098613739013672e-01 6.922688484191894531e-01 6.702189445495605469e-01 6.692146062850952148e-01 6.891986131668090820e-01 7.229528427124023438e-01 7.573817968368530273e-01 7.936903238296508789e-01 8.690983057022094727e-01 9.476766586303710938e-01 1.061839818954467773e+00 1.168731927871704102e+00 nan 0.000000000000000000e+00 0.000000000000000000e+00 0.000000000000000000e+00 0.000000000000000000e+00 0.000000000000000000e+00
5.810774564743041992e-01 7.015370130538940430e-01 7.105157375335693359e-01 6.955237388610839844e-01 6.796227693557739258e-01 6.638709306716918945e-01 6.482666730880737305e-01 6.328090429306030273e-01 6.433166265487670898e-01 6.773257255554199219e-01 7.108428478240966797e-01 7.450296878814697266e-01 7.804161310195922852e-01 8.552660942077636719e-01 9.403058290481567383e-01 1.044241428375244141e+00 0.000000000000000000e+00 nan 0.000000000000000000e+00 0.000000000000000000e+00 0.000000000000000000e+00 0.000000000000000000e+00
5.553485155105590820e-01 5.548335313796997070e-01 6.182003021240234375e-01 6.574820280075073242e-01 6.419379711151123047e-01 6.265394687652587891e-01 6.112854480743408203e-01 5.961745977401733398e-01 5.918053388595581055e-01 6.145457029342651367e-01 6.513966321945190430e-01 6.890885829925537109e-01 7.276409864425659180e-01 7.670731544494628906e-01 8.402783870697021484e-01 9.218119382858276367e-01 0.000000000000000000e+00 0.000000000000000000e+00 nan 0.000000000000000000e+00 0.000000000000000000e+00 0.000000000000000000e+00
5.332241058349609375e-01 5.320929288864135742e-01 5.287802219390869141e-01 5.389450788497924805e-01 6.050987243652343750e-01 5.900456905364990234e-01 5.751340389251708984e-01 5.603621006011962891e-01 5.578049421310424805e-01 5.656565427780151367e-01 5.862786769866943359e-01 6.224843263626098633e-01 6.595164537429809570e-01 6.973938941955566406e-01 7.369791269302368164e-01 8.014816045761108398e-01 0.000000000000000000e+00 0.000000000000000000e+00 0.000000000000000000e+00 nan 0.000000000000000000e+00 0.000000000000000000e+00
5.094319581985473633e-01 5.096849203109741211e-01 5.068832635879516602e-01 5.028227567672729492e-01 5.013346672058105469e-01 5.543707609176635742e-01 5.397936105728149414e-01 5.253530740737915039e-01 5.245307683944702148e-01 5.322146415710449219e-01 5.399372577667236328e-01 5.585064888000488281e-01 5.940783023834228516e-01 6.304620504379272461e-01 6.685119867324829102e-01 7.097165584564208984e-01 0.000000000000000000e+00 0.000000000000000000e+00 0.000000000000000000e+00 0.000000000000000000e+00 nan 0.000000000000000000e+00
4.788049459457397461e-01 4.853490591049194336e-01 4.847431182861328125e-01 4.809212684631347656e-01 4.784864187240600586e-01 4.785614013671875000e-01 4.838390350341796875e-01 4.911295175552368164e-01 4.919674396514892578e-01 4.994870424270629883e-01 5.070447921752929688e-01 5.146404504776000977e-01 5.312204360961914062e-01 5.661695003509521484e-01 6.027436256408691406e-01 6.420568227767944336e-01 0.000000000000000000e+00 0.000000000000000000e+00 0.000000000000000000e+00 0.000000000000000000e+00 0.000000000000000000e+00 nan
