nan 1.085322380065917969e+00 1.038427591323852539e+00 9.853596687316894531e-01 9.323210716247558594e-01 9.123166799545288086e-01 8.861677646636962891e-01 8.545467853546142578e-01 8.234558105468750000e-01 8.087128400802612305e-01 7.939195632934570312e-01 7.967462539672851562e-01 7.674018144607543945e-01 7.106677293777465820e-01 6.541382074356079102e-01 5.955067873001098633e-01
9.901530742645263672e-01 nan 1.144876718521118164e+00 1.081897258758544922e+00 1.007893085479736328e+00 9.369789361953735352e-01 9.065932035446166992e-01 8.746298551559448242e-01 8.562848567962646484e-01 8.159390687942504883e-01 7.758967876434326172e-01 7.664455175399780273e-01 7.447456121444702148e-01 6.887388229370117188e-01 6.345298290252685547e-01 5.820608139038085938e-01
9.127247333526611328e-01 1.055401563644409180e+00 nan 1.182398557662963867e+00 1.104367733001708984e+00 1.027204513549804688e+00 9.420579671859741211e-01 9.084897041320800781e-01 8.976819515228271484e-01 8.373920917510986328e-01 7.522137165069580078e-01 7.366559505462646484e-01 7.223801612854003906e-01 6.670911312103271484e-01 6.135768890380859375e-01 5.617805719375610352e-01
8.431049585342407227e-01 9.804013967514038086e-01 1.122915506362915039e+00 nan 1.214490175247192383e+00 1.118258476257324219e+00 1.031852006912231445e+00 9.691163301467895508e-01 9.126563072204589844e-01 8.312977552413940430e-01 7.535941600799560547e-01 7.057411670684814453e-01 7.017928361892700195e-01 6.470717191696166992e-01 5.941101312637329102e-01 5.428515672683715820e-01
7.896084785461425781e-01 9.077404737472534180e-01 1.039612531661987305e+00 1.153791189193725586e+00 nan 1.234735965728759766e+00 1.134022474288940430e+00 1.051469802856445312e+00 9.211530685424804688e-01 8.199664354324340820e-01 7.508674860000610352e-01 7.121410369873046875e-01 6.807677745819091797e-01 6.289441585540771484e-01 5.765655040740966797e-01 5.258711576461791992e-01
7.617049217224121094e-01 8.520561456680297852e-01 9.478305578231811523e-01 1.052284955978393555e+00 1.175924062728881836e+00 nan 1.265457153320312500e+00 1.126378536224365234e+00 9.867844581604003906e-01 8.558422327041625977e-01 7.823779582977294922e-01 7.357643842697143555e-01 6.903697252273559570e-01 6.137149333953857422e-01 5.592141151428222656e-01 5.090774297714233398e-01
7.350993156433105469e-01 8.293348550796508789e-01 8.848013877868652344e-01 9.555624723434448242e-01 1.059503316879272461e+00 1.203426361083984375e+00 nan 1.219938516616821289e+00 1.075825929641723633e+00 9.470138549804687500e-01 8.363629579544067383e-01 7.755185365676879883e-01 7.290842533111572266e-01 6.508177518844604492e-01 5.675874948501586914e-01 5.109230279922485352e-01
7.135425806045532227e-01 7.969671487808227539e-01 8.474302291870117188e-01 8.796229362487792969e-01 9.571447372436523438e-01 1.055738687515258789e+00 1.172435760498046875e+00 nan 1.174819946289062500e+00 1.045555591583251953e+00 9.293963909149169922e-01 8.175199031829833984e-01 7.686854600906372070e-01 7.018762826919555664e-01 5.974581241607666016e-01 5.227783918380737305e-01
7.345005273818969727e-01 7.618491649627685547e-01 8.047447204589843750e-01 8.287510871887207031e-01 8.398523330688476562e-01 9.126898050308227539e-01 1.021266222000122070e+00 1.136006355285644531e+00 nan 1.149084329605102539e+00 1.027143239974975586e+00 9.095987081527709961e-01 8.091936111450195312e-01 7.545137405395507812e-01 6.468662023544311523e-01 5.455673933029174805e-01
7.557147741317749023e-01 7.591159343719482422e-01 7.504270076751708984e-01 7.702195644378662109e-01 7.800201177597045898e-01 8.010288476943969727e-01 8.961002826690673828e-01 1.006879091262817383e+00 1.132170200347900391e+00 nan 1.133710384368896484e+00 1.006143808364868164e+00 8.896821737289428711e-01 8.018381595611572266e-01 6.964843273162841797e-01 5.921154022216796875e-01
7.696189880371093750e-01 7.613869905471801758e-01 7.376683950424194336e-01 7.077164649963378906e-01 7.196044921875000000e-01 7.402074337005615234e-01 7.906731367111206055e-01 8.891695737838745117e-01 9.994008541107177734e-01 1.150554180145263672e+00 nan 1.114906311035156250e+00 9.847861528396606445e-01 8.695644140243530273e-01 7.475773096084594727e-01 6.400651931762695312e-01
7.422773838043212891e-01 7.372486591339111328e-01 7.147976160049438477e-01 6.916168928146362305e-01 6.612838506698608398e-01 6.740490198135375977e-01 7.225818634033203125e-01 7.725217342376708984e-01 8.691744804382324219e-01 9.837331771850585938e-01 1.150840997695922852e+00 nan 1.096267700195312500e+00 9.636561870574951172e-01 8.147479295730590820e-01 6.894589662551879883e-01
5.591913461685180664e-01 6.650284528732299805e-01 6.595023870468139648e-01 6.370692253112792969e-01 6.149393320083618164e-01 5.971300601959228516e-01 6.439951658248901367e-01 6.984689235687255859e-01 7.545543909072875977e-01 8.492265939712524414e-01 9.691501855850219727e-01 1.142180204391479492e+00 nan 1.077793359756469727e+00 9.200735092163085938e-01 7.397793531417846680e-01
5.271927118301391602e-01 5.238640308380126953e-01 5.482420921325683594e-01 5.842803716659545898e-01 5.628640651702880859e-01 5.480890274047851562e-01 5.593720674514770508e-01 6.025824546813964844e-01 6.556838750839233398e-01 7.105450630187988281e-01 7.967351675033569336e-01 9.232821464538574219e-01 1.110990285873413086e+00 nan 1.038250446319580078e+00 8.278802633285522461e-01
4.920388460159301758e-01 4.924373626708984375e-01 4.866318702697753906e-01 4.853603839874267578e-01 5.124680995941162109e-01 5.005538463592529297e-01 5.114903450012207031e-01 5.225067138671875000e-01 5.622130632400512695e-01 6.139769554138183594e-01 6.705615520477294922e-01 7.400020360946655273e-01 8.625534772872924805e-01 1.004080295562744141e+00 nan 9.353693723678588867e-01
4.451726675033569336e-01 4.544417858123779297e-01 4.519520998001098633e-01 4.493385553359985352e-01 4.494448900222778320e-01 4.512213468551635742e-01 4.620537757873535156e-01 4.729669094085693359e-01 4.839615821838378906e-01 5.010752677917480469e-01 5.557887554168701172e-01 6.199097633361816406e-01 6.868188381195068359e-01 7.723472118377685547e-01 8.980537652969360352e-01 nan
