nan 1.085120916366577148e+00 1.039881706237792969e+00 9.853568077087402344e-01 9.433227777481079102e-01 9.181590080261230469e-01 8.858578205108642578e-01 8.541004657745361328e-01 8.318804502487182617e-01 8.487383127212524414e-01 8.018572330474853516e-01 8.013422489166259766e-01 7.785024642944335938e-01 7.211778163909912109e-01 6.657007932662963867e-01 6.120117902755737305e-01
1.001866340637207031e+00 nan 1.144752025604248047e+00 1.080289125442504883e+00 1.006261825561523438e+00 9.382717609405517578e-01 9.056317806243896484e-01 8.823814392089843750e-01 8.714286088943481445e-01 8.265901803970336914e-01 7.713307142257690430e-01 7.707792520523071289e-01 7.546404600143432617e-01 6.980848312377929688e-01 6.433522701263427734e-01 5.903836488723754883e-01
9.209227561950683594e-01 1.065578937530517578e+00 nan 1.179321527481079102e+00 1.101037263870239258e+00 1.013956546783447266e+00 9.378832578659057617e-01 9.230198860168457031e-01 8.914065361022949219e-01 8.210947513580322266e-01 7.421439886093139648e-01 7.407348155975341797e-01 7.310985326766967773e-01 6.753017902374267578e-01 6.213035583496093750e-01 5.690456628799438477e-01
8.410266637802124023e-01 9.824879169464111328e-01 1.127407312393188477e+00 nan 1.195849895477294922e+00 1.103533029556274414e+00 1.033583641052246094e+00 9.557591676712036133e-01 8.776825666427612305e-01 8.090467453002929688e-01 7.427861690521240234e-01 7.094558477401733398e-01 7.094815969467163086e-01 6.542881727218627930e-01 6.008768081665039062e-01 5.491899251937866211e-01
7.865078449249267578e-01 8.997249603271484375e-01 1.030237436294555664e+00 1.143973112106323242e+00 nan 1.213646650314331055e+00 1.123111009597778320e+00 9.924923181533813477e-01 8.669420480728149414e-01 7.964179515838623047e-01 7.486709356307983398e-01 7.098429203033447266e-01 6.842128038406372070e-01 6.350899934768676758e-01 5.822985172271728516e-01 5.312114953994750977e-01
7.559455633163452148e-01 8.484945297241210938e-01 9.375058412551879883e-01 1.042171478271484375e+00 1.166289806365966797e+00 nan 1.205071449279785156e+00 1.071928024291992188e+00 9.405525922775268555e-01 8.251661062240600586e-01 7.759083509445190430e-01 7.293527126312255859e-01 6.840175390243530273e-01 6.161148548126220703e-01 5.639359951019287109e-01 5.134416818618774414e-01
7.317061424255371094e-01 8.241271972656250000e-01 8.811477422714233398e-01 9.452034235000610352e-01 1.048649072647094727e+00 1.168950796127319336e+00 nan 1.172063827514648438e+00 1.032587051391601562e+00 9.169316291809082031e-01 8.160614967346191406e-01 7.684532403945922852e-01 7.220929861068725586e-01 6.452518701553344727e-01 5.685690641403198242e-01 5.116989612579345703e-01
7.176769971847534180e-01 7.886877059936523438e-01 8.432222604751586914e-01 8.684190511703491211e-01 9.153696298599243164e-01 1.017929553985595703e+00 1.132360219955444336e+00 nan 1.130127429962158203e+00 1.013310909271240234e+00 8.981736898422241211e-01 8.084379434585571289e-01 7.610294818878173828e-01 6.948020458221435547e-01 5.905367136001586914e-01 5.227965116500854492e-01
7.385638952255249023e-01 7.525599002838134766e-01 7.891207933425903320e-01 8.024793863296508789e-01 8.070542812347412109e-01 8.787415027618408203e-01 9.883642196655273438e-01 1.104383468627929688e+00 nan 1.114535808563232422e+00 9.937051534652709961e-01 8.779655694961547852e-01 8.008462190628051758e-01 7.458442449569702148e-01 6.384388208389282227e-01 5.376408100128173828e-01
7.597049474716186523e-01 7.550137042999267578e-01 7.303829193115234375e-01 7.398630380630493164e-01 7.518413066864013672e-01 7.883403301239013672e-01 8.713921308517456055e-01 9.805861711502075195e-01 1.101053476333618164e+00 nan 1.094044685363769531e+00 9.724800586700439453e-01 8.579727411270141602e-01 7.932864427566528320e-01 6.877837181091308594e-01 5.839500427246093750e-01
7.653229236602783203e-01 7.508462667465209961e-01 7.181367874145507812e-01 6.858938932418823242e-01 6.894129514694213867e-01 7.203377485275268555e-01 7.702125310897827148e-01 8.548799753189086914e-01 9.685627222061157227e-01 1.119299888610839844e+00 nan 1.071751356124877930e+00 9.514807462692260742e-01 8.381925821304321289e-01 7.386146783828735352e-01 6.316540241241455078e-01
7.306195497512817383e-01 7.148461341857910156e-01 6.927711963653564453e-01 6.698882579803466797e-01 6.425486803054809570e-01 6.549210548400878906e-01 7.028993368148803711e-01 7.522685527801513672e-01 8.350846767425537109e-01 9.475542306900024414e-01 1.089134931564331055e+00 nan 1.049695014953613281e+00 9.307054281234741211e-01 7.909766435623168945e-01 6.807944774627685547e-01
5.487878322601318359e-01 6.504086256027221680e-01 6.381862163543701172e-01 6.160411834716796875e-01 5.941954851150512695e-01 5.869936943054199219e-01 6.232690811157226562e-01 6.770560741424560547e-01 7.326253652572631836e-01 8.155006170272827148e-01 9.208528995513916016e-01 1.076411724090576172e+00 nan 1.025801181793212891e+00 8.793025016784667969e-01 7.184733152389526367e-01
5.170660018920898438e-01 5.139183998107910156e-01 5.347263813018798828e-01 5.639303922653198242e-01 5.427892208099365234e-01 5.382637977600097656e-01 5.494751930236816406e-01 5.823785066604614258e-01 6.348105669021606445e-01 6.889799833297729492e-01 7.572776079177856445e-01 8.778223991394042969e-01 1.038693904876708984e+00 nan 9.716550111770629883e-01 7.838801145553588867e-01
4.816714525222778320e-01 4.826968908309936523e-01 4.769293069839477539e-01 4.755170345306396484e-01 4.930405616760253906e-01 4.910302162170410156e-01 5.018974542617797852e-01 5.128438472747802734e-01 5.425180196762084961e-01 5.936293601989746094e-01 6.499967575073242188e-01 7.127842903137207031e-01 8.185291290283203125e-01 9.413831233978271484e-01 nan 8.782289028167724609e-01
4.349395036697387695e-01 4.441207647323608398e-01 4.422613382339477539e-01 4.395198822021484375e-01 4.396253824234008789e-01 4.417964220046997070e-01 4.525583982467651367e-01 4.634007215499877930e-01 4.743239879608154297e-01 4.853286743164062500e-01 5.349806547164916992e-01 5.953590869903564453e-01 6.612540483474731445e-01 7.298707962036132812e-01 8.391613960266113281e-01 nan
