nan 9.924521446228027344e-01 9.492235183715820312e-01 9.030836820602416992e-01 8.924511671066284180e-01 8.725483417510986328e-01 8.527185916900634766e-01 8.215193748474121094e-01 7.908453941345214844e-01 8.052773475646972656e-01 8.045772314071655273e-01 8.119055032730102539e-01 7.898939847946166992e-01 7.322020530700683594e-01 6.763696670532226562e-01 6.223368644714355469e-01
9.358155727386474609e-01 nan 1.049432992935180664e+00 9.924203157424926758e-01 9.217109680175781250e-01 8.952947854995727539e-01 8.721450567245483398e-01 8.406186103820800781e-01 8.096230030059814453e-01 7.690718173980712891e-01 7.739593982696533203e-01 7.811633348464965820e-01 7.658790349960327148e-01 7.089611291885375977e-01 6.538780927658081055e-01 6.005702018737792969e-01
8.590670824050903320e-01 9.973955154418945312e-01 nan 1.087477445602416992e+00 1.012492179870605469e+00 9.402008056640625000e-01 8.917752504348754883e-01 8.599182367324829102e-01 8.140859603881835938e-01 7.771081924438476562e-01 7.438608407974243164e-01 7.509425878524780273e-01 7.421864271163940430e-01 6.860322952270507812e-01 6.316881179809570312e-01 5.790954828262329102e-01
7.992182970046997070e-01 9.228993654251098633e-01 1.064553976058959961e+00 nan 1.112119197845458984e+00 1.032846212387084961e+00 9.473824501037597656e-01 8.651654720306396484e-01 8.221780061721801758e-01 7.852016687393188477e-01 7.422028779983520508e-01 7.196643352508544922e-01 7.202509641647338867e-01 6.647096872329711914e-01 6.109617948532104492e-01 5.589493513107299805e-01
7.726472616195678711e-01 8.485763072967529297e-01 9.810433387756347656e-01 1.092741250991821289e+00 nan 1.122473716735839844e+00 1.014368772506713867e+00 8.956086635589599609e-01 8.279752731323242188e-01 7.908812761306762695e-01 7.480856180191040039e-01 7.092707157135009766e-01 6.942703723907470703e-01 6.453906297683715820e-01 5.922665596008300781e-01 5.408576726913452148e-01
7.522513866424560547e-01 8.204547166824340820e-01 8.905590772628784180e-01 9.933722019195556641e-01 1.100066423416137695e+00 nan 1.097677469253540039e+00 9.764744043350219727e-01 8.775235414505004883e-01 8.124023675918579102e-01 7.647752761840820312e-01 7.185114622116088867e-01 6.769608259201049805e-01 6.262960433959960938e-01 5.737882852554321289e-01 5.229760408401489258e-01
7.308977842330932617e-01 8.066992759704589844e-01 8.531972169876098633e-01 8.987214565277099609e-01 9.894449710845947266e-01 1.092212915420532227e+00 nan 1.077636480331420898e+00 9.736210107803344727e-01 8.728872537612915039e-01 8.046767711639404297e-01 7.573668956756591797e-01 7.112973928451538086e-01 6.354711055755615234e-01 5.690805912017822266e-01 5.121917724609375000e-01
7.206259965896606445e-01 7.871065139770507812e-01 8.278913497924804688e-01 8.504112958908081055e-01 8.758387565612792969e-01 9.709074497222900391e-01 1.086844682693481445e+00 nan 1.074637174606323242e+00 9.670522212982177734e-01 8.568183183670043945e-01 7.971009016036987305e-01 7.499896287918090820e-01 6.847264766693115234e-01 5.810807943344116211e-01 5.232930183410644531e-01
7.415487766265869141e-01 7.592899799346923828e-01 7.985872030258178711e-01 8.059539794921875000e-01 8.133509159088134766e-01 8.577212095260620117e-01 9.661173820495605469e-01 1.080838441848754883e+00 nan 1.065951347351074219e+00 9.502683877944946289e-01 8.377331495285034180e-01 7.895567417144775391e-01 7.354654073715209961e-01 6.286983489990234375e-01 5.344756841659545898e-01
7.626659870147705078e-01 7.694783210754394531e-01 7.383702993392944336e-01 7.468478679656982422e-01 7.588741779327392578e-01 7.870565652847290039e-01 8.504540920257568359e-01 9.584263563156127930e-01 1.074588775634765625e+00 nan 1.048349142074584961e+00 9.295057058334350586e-01 8.300186395645141602e-01 7.820444107055664062e-01 6.777499914169311523e-01 5.745334625244140625e-01
7.795209884643554688e-01 7.589989900588989258e-01 7.260675430297851562e-01 6.936758756637573242e-01 6.961953639984130859e-01 7.191027402877807617e-01 7.689417600631713867e-01 8.339077234268188477e-01 9.463050365447998047e-01 1.092605113983154297e+00 nan 1.026614189147949219e+00 9.089639186859130859e-01 8.223364353179931641e-01 7.282787561416625977e-01 6.219537258148193359e-01
7.409523725509643555e-01 7.254543304443359375e-01 7.031742334365844727e-01 6.801506280899047852e-01 6.501307487487792969e-01 6.537330150604248047e-01 7.016769647598266602e-01 7.510107755661010742e-01 8.143362998962402344e-01 9.255341291427612305e-01 1.078703403472900391e+00 nan 1.005038738250732422e+00 8.886412382125854492e-01 7.798757553100585938e-01 6.697174310684204102e-01
5.500048398971557617e-01 6.634401082992553711e-01 6.482537984848022461e-01 6.259726285934448242e-01 6.039927005767822266e-01 5.888367891311645508e-01 6.239641904830932617e-01 6.777741909027099609e-01 7.332614660263061523e-01 7.949737310409545898e-01 9.040627479553222656e-01 1.060909032821655273e+00 nan 9.811426401138305664e-01 8.435142040252685547e-01 7.141534090042114258e-01
5.182579755783081055e-01 5.153818130493164062e-01 5.467821359634399414e-01 5.735416412353515625e-01 5.522705316543579102e-01 5.400503873825073242e-01 5.512748956680297852e-01 5.830560922622680664e-01 6.355105638504028320e-01 6.897032260894775391e-01 7.477291822433471680e-01 8.604735136032104492e-01 1.030596971511840820e+00 nan 9.359867572784423828e-01 7.516089677810668945e-01
4.834563732147216797e-01 4.840412139892578125e-01 4.783568382263183594e-01 4.770607948303222656e-01 5.022161006927490234e-01 4.927619695663452148e-01 5.036418437957763672e-01 5.146008729934692383e-01 5.431785583496093750e-01 5.943117141723632812e-01 6.490983963012695312e-01 7.106891870498657227e-01 8.017280101776123047e-01 9.270560741424560547e-01 nan 8.436033725738525391e-01
4.370504617691040039e-01 4.462453126907348633e-01 4.440395832061767578e-01 4.414094686508178711e-01 4.415150880813598633e-01 4.438551664352416992e-01 4.546325206756591797e-01 4.654903411865234375e-01 4.764291048049926758e-01 4.874496459960937500e-01 5.379614830017089844e-01 5.973716974258422852e-01 6.633498668670654297e-01 7.320530414581298828e-01 8.327429294586181641e-01 nan
