nan 1.101462125778198242e+00 1.060601472854614258e+00 1.029545783996582031e+00 9.989583492279052734e-01 9.562659263610839844e-01 9.469810724258422852e-01 9.315873384475708008e-01 9.090095758438110352e-01 8.866957426071166992e-01 8.646427392959594727e-01 8.531283140182495117e-01 8.487693071365356445e-01 8.741762638092041016e-01 8.636796474456787109e-01 8.205102682113647461e-01 0.000000000000000000e+00 0.000000000000000000e+00 0.000000000000000000e+00 0.000000000000000000e+00 0.000000000000000000e+00 0.000000000000000000e+00
1.039617538452148438e+00 nan 1.133373737335205078e+00 1.101221561431884766e+00 1.068366050720214844e+00 1.019597053527832031e+00 9.693537950515747070e-01 9.455864429473876953e-01 9.228451251983642578e-01 9.003695249557495117e-01 8.883478641510009766e-01 8.807343244552612305e-01 8.731515407562255859e-01 8.663181066513061523e-01 8.360251188278198242e-01 7.978496551513671875e-01 0.000000000000000000e+00 0.000000000000000000e+00 0.000000000000000000e+00 0.000000000000000000e+00 0.000000000000000000e+00 0.000000000000000000e+00
9.821615219116210938e-01 1.084478855133056641e+00 nan 1.175428390502929688e+00 1.136343240737915039e+00 1.085455417633056641e+00 1.033301591873168945e+00 9.767237901687622070e-01 9.367808103561401367e-01 9.242367744445800781e-01 9.164785146713256836e-01 9.087516069412231445e-01 9.009001255035400391e-01 8.619366884231567383e-01 8.058999776840209961e-01 7.767074108123779297e-01 0.000000000000000000e+00 0.000000000000000000e+00 0.000000000000000000e+00 0.000000000000000000e+00 0.000000000000000000e+00 0.000000000000000000e+00
9.263237714767456055e-01 1.026909589767456055e+00 1.130163431167602539e+00 nan 1.206554412841796875e+00 1.153173685073852539e+00 1.099326610565185547e+00 1.038590908050537109e+00 9.889410734176635742e-01 9.529020786285400391e-01 9.450283050537109375e-01 9.371864795684814453e-01 9.074321985244750977e-01 8.580569028854370117e-01 7.939380407333374023e-01 7.558138370513916016e-01 0.000000000000000000e+00 0.000000000000000000e+00 0.000000000000000000e+00 0.000000000000000000e+00 0.000000000000000000e+00 0.000000000000000000e+00
8.711342811584472656e-01 9.695316553115844727e-01 1.073103427886962891e+00 1.176126718521118164e+00 nan 1.224831581115722656e+00 1.165219306945800781e+00 1.108198881149291992e+00 1.062684059143066406e+00 1.018151998519897461e+00 9.745812416076660156e-01 9.491362571716308594e-01 9.021110534667968750e-01 8.531382083892822266e-01 7.993863821029663086e-01 7.480649948120117188e-01 0.000000000000000000e+00 0.000000000000000000e+00 0.000000000000000000e+00 0.000000000000000000e+00 0.000000000000000000e+00 0.000000000000000000e+00
8.167014122009277344e-01 9.122364521026611328e-01 1.012795209884643555e+00 1.115137338638305664e+00 1.193177223205566406e+00 nan 1.239303827285766602e+00 1.175013065338134766e+00 1.128055572509765625e+00 1.082112312316894531e+00 1.024359703063964844e+00 9.391378164291381836e-01 8.893494606018066406e-01 8.407051563262939453e-01 7.924118041992187500e-01 7.412893772125244141e-01 0.000000000000000000e+00 0.000000000000000000e+00 0.000000000000000000e+00 0.000000000000000000e+00 0.000000000000000000e+00 0.000000000000000000e+00
7.783818244934082031e-01 8.566079139709472656e-01 9.542412757873535156e-01 1.047774314880371094e+00 1.130894184112548828e+00 1.218403816223144531e+00 nan 1.265390872955322266e+00 1.206189632415771484e+00 1.141901016235351562e+00 1.049968957901000977e+00 9.636687040328979492e-01 8.766734600067138672e-01 8.283555507659912109e-01 7.854641675949096680e-01 7.395737171173095703e-01 0.000000000000000000e+00 0.000000000000000000e+00 0.000000000000000000e+00 0.000000000000000000e+00 0.000000000000000000e+00 0.000000000000000000e+00
7.572635412216186523e-01 8.241230249404907227e-01 8.973907232284545898e-01 9.825565814971923828e-01 1.060323476791381836e+00 1.135407924652099609e+00 1.242456197738647461e+00 nan 1.297624349594116211e+00 1.198811292648315430e+00 1.104247570037841797e+00 1.013494014739990234e+00 9.201883077621459961e-01 8.356547355651855469e-01 7.916495800018310547e-01 7.514957189559936523e-01 0.000000000000000000e+00 0.000000000000000000e+00 0.000000000000000000e+00 0.000000000000000000e+00 0.000000000000000000e+00 0.000000000000000000e+00
7.363961935043334961e-01 8.078432083129882812e-01 8.674182891845703125e-01 9.194160699844360352e-01 9.920898675918579102e-01 1.064687728881835938e+00 1.160916805267333984e+00 1.282758951187133789e+00 nan 1.257232904434204102e+00 1.160156488418579102e+00 1.065759420394897461e+00 9.700316190719604492e-01 8.804264068603515625e-01 8.118009567260742188e-01 7.788174152374267578e-01 0.000000000000000000e+00 0.000000000000000000e+00 0.000000000000000000e+00 0.000000000000000000e+00 0.000000000000000000e+00 0.000000000000000000e+00
7.169936895370483398e-01 7.863751649856567383e-01 8.468549251556396484e-01 8.894131183624267578e-01 9.261157512664794922e-01 9.963095188140869141e-01 1.082342624664306641e+00 1.168635368347167969e+00 1.251219034194946289e+00 nan 1.218301057815551758e+00 1.122095108032226562e+00 1.025662899017333984e+00 9.389939308166503906e-01 8.630967140197753906e-01 8.065654039382934570e-01 0.000000000000000000e+00 0.000000000000000000e+00 0.000000000000000000e+00 0.000000000000000000e+00 0.000000000000000000e+00 0.000000000000000000e+00
7.010616064071655273e-01 7.651618719100952148e-01 8.261533975601196289e-01 8.631836175918579102e-01 8.855016231536865234e-01 9.284950494766235352e-01 9.808509349822998047e-01 1.054255485534667969e+00 1.134216308593750000e+00 1.217289447784423828e+00 nan 1.191273927688598633e+00 1.091698169708251953e+00 1.005975008010864258e+00 9.274228811264038086e-01 8.494437932968139648e-01 0.000000000000000000e+00 0.000000000000000000e+00 0.000000000000000000e+00 0.000000000000000000e+00 0.000000000000000000e+00 0.000000000000000000e+00
7.153551578521728516e-01 7.442007064819335938e-01 7.997612953186035156e-01 8.346673250198364258e-01 8.514350652694702148e-01 8.604986667633056641e-01 8.860911130905151367e-01 9.538615942001342773e-01 1.029914617538452148e+00 1.108927965164184570e+00 1.191016674041748047e+00 nan 1.159886121749877930e+00 1.075269937515258789e+00 9.939697980880737305e-01 9.133949279785156250e-01 0.000000000000000000e+00 0.000000000000000000e+00 0.000000000000000000e+00 0.000000000000000000e+00 0.000000000000000000e+00 0.000000000000000000e+00
7.296577692031860352e-01 7.477058172225952148e-01 7.667070627212524414e-01 7.946035861968994141e-01 8.084527254104614258e-01 8.116291761398315430e-01 8.148111104965209961e-01 8.583739995956420898e-01 9.307101964950561523e-01 1.005861997604370117e+00 1.083939075469970703e+00 1.171218156814575195e+00 nan 1.146958589553833008e+00 1.062814474105834961e+00 9.795570373535156250e-01 0.000000000000000000e+00 0.000000000000000000e+00 0.000000000000000000e+00 0.000000000000000000e+00 0.000000000000000000e+00 0.000000000000000000e+00
7.433098554611206055e-01 7.563967704772949219e-01 7.495363950729370117e-01 7.461689710617065430e-01 7.544828653335571289e-01 7.628363370895385742e-01 7.712296247482299805e-01 7.940337657928466797e-01 8.468655347824096680e-01 9.208173751831054688e-01 9.977303743362426758e-01 1.077723026275634766e+00 1.184254646301269531e+00 nan 1.134036064147949219e+00 1.048007488250732422e+00 0.000000000000000000e+00 0.000000000000000000e+00 0.000000000000000000e+00 0.000000000000000000e+00 0.000000000000000000e+00 0.000000000000000000e+00
7.570697069168090820e-01 7.582600116729736328e-01 7.485607862472534180e-01 7.257773876190185547e-01 7.109571695327758789e-01 7.191033363342285156e-01 7.272882461547851562e-01 7.476997375488281250e-01 7.826231718063354492e-01 8.379572629928588867e-01 9.152264595031738281e-01 9.923169612884521484e-01 1.072092771530151367e+00 1.197369575500488281e+00 nan 1.118824481964111328e+00 0.000000000000000000e+00 0.000000000000000000e+00 0.000000000000000000e+00 0.000000000000000000e+00 0.000000000000000000e+00 0.000000000000000000e+00
7.633626461029052734e-01 7.590730190277099609e-01 7.399842739105224609e-01 7.173126935958862305e-01 6.949363946914672852e-01 6.764551401138305664e-01 6.844371557235717773e-01 7.014172077178955078e-01 7.354156970977783203e-01 7.700936794281005859e-01 8.243556022644042969e-01 9.010527133941650391e-01 9.809743165969848633e-01 1.079629421234130859e+00 1.195713520050048828e+00 nan 0.000000000000000000e+00 0.000000000000000000e+00 0.000000000000000000e+00 0.000000000000000000e+00 0.000000000000000000e+00 0.000000000000000000e+00
7.374812364578247070e-01 7.294542789459228516e-01 7.163072824478149414e-01 7.005188465118408203e-01 6.845710277557373047e-01 6.646465063095092773e-01 6.429564952850341797e-01 6.563603878021240234e-01 6.894586086273193359e-01 7.232182025909423828e-01 7.576524019241333008e-01 8.108544349670410156e-01 8.869839906692504883e-01 9.663141965866088867e-01 1.067435026168823242e+00 1.173813581466674805e+00 nan 0.000000000000000000e+00 0.000000000000000000e+00 0.000000000000000000e+00 0.000000000000000000e+00 0.000000000000000000e+00
5.843955278396606445e-01 6.906865835189819336e-01 6.771396398544311523e-01 6.623653173446655273e-01 6.467753648757934570e-01 6.313314437866210938e-01 6.160324811935424805e-01 6.058470010757446289e-01 6.394972801208496094e-01 6.769175529479980469e-01 7.111063003540039062e-01 7.452983856201171875e-01 7.974532842636108398e-01 8.730194568634033203e-01 9.491879940032958984e-01 1.043623924255371094e+00 0.000000000000000000e+00 nan 0.000000000000000000e+00 0.000000000000000000e+00 0.000000000000000000e+00 0.000000000000000000e+00
5.406723022460937500e-01 5.404555797576904297e-01 6.167305707931518555e-01 6.250677108764648438e-01 6.098275184631347656e-01 5.947302579879760742e-01 5.797744989395141602e-01 5.715466737747192383e-01 5.794675350189208984e-01 6.107932329177856445e-01 6.475585699081420898e-01 6.851629018783569336e-01 7.236256599426269531e-01 7.769817113876342773e-01 8.566644191741943359e-01 9.300460815429687500e-01 0.000000000000000000e+00 0.000000000000000000e+00 nan 0.000000000000000000e+00 0.000000000000000000e+00 0.000000000000000000e+00
5.187566280364990234e-01 5.179252624511718750e-01 5.148650407791137695e-01 5.375472307205200195e-01 5.737086534500122070e-01 5.589501857757568359e-01 5.443300008773803711e-01 5.379791259765625000e-01 5.457307100296020508e-01 5.535213947296142578e-01 5.825918912887573242e-01 6.187134981155395508e-01 6.556595563888549805e-01 6.934489011764526367e-01 7.337282896041870117e-01 8.094750642776489258e-01 0.000000000000000000e+00 0.000000000000000000e+00 0.000000000000000000e+00 nan 0.000000000000000000e+00 0.000000000000000000e+00
4.952698945999145508e-01 4.957244396209716797e-01 4.931672811508178711e-01 4.891438484191894531e-01 4.878011941909790039e-01 5.239728689193725586e-01 5.096807479858398438e-01 5.051283836364746094e-01 5.127145051956176758e-01 5.203387737274169922e-01 5.280015468597412109e-01 5.548843145370483398e-01 5.903735160827636719e-01 6.266726255416870117e-01 6.653894186019897461e-01 7.062391042709350586e-01 0.000000000000000000e+00 0.000000000000000000e+00 0.000000000000000000e+00 0.000000000000000000e+00 nan 0.000000000000000000e+00
4.648329019546508789e-01 4.713152647018432617e-01 4.708508253097534180e-01 4.670647382736206055e-01 4.647823572158813477e-01 4.648566246032714844e-01 4.740388393402099609e-01 4.729391336441040039e-01 4.804034233093261719e-01 4.878648519515991211e-01 4.953639507293701172e-01 5.029008388519287109e-01 5.276616811752319336e-01 5.625295639038085938e-01 5.997442007064819336e-01 6.389837265014648438e-01 0.000000000000000000e+00 0.000000000000000000e+00 0.000000000000000000e+00 0.000000000000000000e+00 0.000000000000000000e+00 nan
