nan 1.002332925796508789e+00 9.721555709838867188e-01 9.424328804016113281e-01 9.131582975387573242e-01 8.971152305603027344e-01 8.884143829345703125e-01 8.746427297592163086e-01 8.580077886581420898e-01 8.362901210784912109e-01 8.148262500762939453e-01 7.936131954193115234e-01 7.829170227050781250e-01 7.992060184478759766e-01 8.067320585250854492e-01 8.185348510742187500e-01 0.000000000000000000e+00 0.000000000000000000e+00 0.000000000000000000e+00 0.000000000000000000e+00 0.000000000000000000e+00 0.000000000000000000e+00
9.801646471023559570e-01 nan 1.041804313659667969e+00 1.011032104492187500e+00 9.768837690353393555e-01 9.302716255187988281e-01 9.042658805847167969e-01 8.903784751892089844e-01 8.714736700057983398e-01 8.495985269546508789e-01 8.279790878295898438e-01 8.066123723983764648e-01 7.875667810440063477e-01 7.844128608703613281e-01 7.912819385528564453e-01 8.029837608337402344e-01 0.000000000000000000e+00 0.000000000000000000e+00 0.000000000000000000e+00 0.000000000000000000e+00 0.000000000000000000e+00 0.000000000000000000e+00
9.252035617828369141e-01 1.022046566009521484e+00 nan 1.082053661346435547e+00 1.041853904724121094e+00 9.932813644409179688e-01 9.434328079223632812e-01 9.062463045120239258e-01 8.850369453430175781e-01 8.630033731460571289e-01 8.412272930145263672e-01 8.197057247161865234e-01 8.053398132324218750e-01 7.832392454147338867e-01 7.759639024734497070e-01 7.856186628341674805e-01 0.000000000000000000e+00 0.000000000000000000e+00 0.000000000000000000e+00 0.000000000000000000e+00 0.000000000000000000e+00 0.000000000000000000e+00
8.799173831939697266e-01 9.662016630172729492e-01 1.066362857818603516e+00 nan 1.108959913253784180e+00 1.058006525039672852e+00 1.006539344787597656e+00 9.552470445632934570e-01 8.986988067626953125e-01 8.765053749084472656e-01 8.545714616775512695e-01 8.377356529235839844e-01 8.213491439819335938e-01 7.962350845336914062e-01 7.704807519912719727e-01 7.645891904830932617e-01 0.000000000000000000e+00 0.000000000000000000e+00 0.000000000000000000e+00 0.000000000000000000e+00 0.000000000000000000e+00 0.000000000000000000e+00
8.410173654556274414e-01 9.176986217498779297e-01 1.009294271469116211e+00 1.110856771469116211e+00 nan 1.124833345413208008e+00 1.071694850921630859e+00 1.016441583633422852e+00 9.573078155517578125e-01 8.999083042144775391e-01 8.707128763198852539e-01 8.560076951980590820e-01 8.346226215362548828e-01 8.089554309844970703e-01 7.786288261413574219e-01 7.510714530944824219e-01 0.000000000000000000e+00 0.000000000000000000e+00 0.000000000000000000e+00 0.000000000000000000e+00 0.000000000000000000e+00 0.000000000000000000e+00
7.977749109268188477e-01 8.751829862594604492e-01 9.578642845153808594e-01 1.051823377609252930e+00 1.137580394744873047e+00 nan 1.140647649765014648e+00 1.077932357788085938e+00 1.017054319381713867e+00 9.579596519470214844e-01 9.030891656875610352e-01 8.708772659301757812e-01 8.452081680297851562e-01 8.133419752120971680e-01 7.843698263168334961e-01 7.568455934524536133e-01 0.000000000000000000e+00 0.000000000000000000e+00 0.000000000000000000e+00 0.000000000000000000e+00 0.000000000000000000e+00 0.000000000000000000e+00
7.766433954238891602e-01 8.278232812881469727e-01 9.076757431030273438e-01 9.928351640701293945e-01 1.073955774307250977e+00 1.151697635650634766e+00 nan 1.146538257598876953e+00 1.078212022781372070e+00 1.017325639724731445e+00 9.584892988204956055e-01 9.025204181671142578e-01 8.486520051956176758e-01 8.162505626678466797e-01 7.885390520095825195e-01 7.609503269195556641e-01 0.000000000000000000e+00 0.000000000000000000e+00 0.000000000000000000e+00 0.000000000000000000e+00 0.000000000000000000e+00 0.000000000000000000e+00
7.668917179107666016e-01 8.096795082092285156e-01 8.585946559906005859e-01 9.293673038482666016e-01 1.005270481109619141e+00 1.078348875045776367e+00 1.169998407363891602e+00 nan 1.159182310104370117e+00 1.086191177368164062e+00 1.017499446868896484e+00 9.438804388046264648e-01 8.712149858474731445e-01 8.191636800765991211e-01 7.927179336547851562e-01 7.650647163391113281e-01 0.000000000000000000e+00 0.000000000000000000e+00 0.000000000000000000e+00 0.000000000000000000e+00 0.000000000000000000e+00 0.000000000000000000e+00
7.519568204879760742e-01 8.002018928527832031e-01 8.416135311126708984e-01 8.730777502059936523e-01 9.388601779937744141e-01 1.009518384933471680e+00 1.087717294692993164e+00 1.188454866409301758e+00 nan 1.171901226043701172e+00 1.085220575332641602e+00 1.004905223846435547e+00 9.281282424926757812e-01 8.542916774749755859e-01 8.057936429977416992e-01 7.729675769805908203e-01 0.000000000000000000e+00 0.000000000000000000e+00 0.000000000000000000e+00 0.000000000000000000e+00 0.000000000000000000e+00 0.000000000000000000e+00
7.360305786132812500e-01 7.907737493515014648e-01 8.285497426986694336e-01 8.595995903015136719e-01 8.829009532928466797e-01 9.468399286270141602e-01 1.013774871826171875e+00 1.105473279953002930e+00 1.206454992294311523e+00 nan 1.156754732131958008e+00 1.074163198471069336e+00 9.947340488433837891e-01 9.183467626571655273e-01 8.433769941329956055e-01 8.006243705749511719e-01 0.000000000000000000e+00 0.000000000000000000e+00 0.000000000000000000e+00 0.000000000000000000e+00 0.000000000000000000e+00 0.000000000000000000e+00
7.177556753158569336e-01 7.781752347946166992e-01 8.155785799026489258e-01 8.433387279510498047e-01 8.609454631805419922e-01 8.919411897659301758e-01 9.547798633575439453e-01 1.023078441619873047e+00 1.107834339141845703e+00 1.194825172424316406e+00 nan 1.145813465118408203e+00 1.063640832901000977e+00 9.846147298812866211e-01 9.070222377777099609e-01 8.298809528350830078e-01 0.000000000000000000e+00 0.000000000000000000e+00 0.000000000000000000e+00 0.000000000000000000e+00 0.000000000000000000e+00 0.000000000000000000e+00
7.253502607345581055e-01 7.631448507308959961e-01 8.026994466781616211e-01 8.267766237258911133e-01 8.420844078063964844e-01 8.544622659683227539e-01 8.881795406341552734e-01 9.442392587661743164e-01 1.021190404891967773e+00 1.102122545242309570e+00 1.208003520965576172e+00 nan 1.134927511215209961e+00 1.053171634674072266e+00 9.728648662567138672e-01 8.931554555892944336e-01 0.000000000000000000e+00 0.000000000000000000e+00 0.000000000000000000e+00 0.000000000000000000e+00 0.000000000000000000e+00 0.000000000000000000e+00
7.398480176925659180e-01 7.571210861206054688e-01 7.848240137100219727e-01 8.023923635482788086e-01 8.145035505294799805e-01 8.266960382461547852e-01 8.383443355560302734e-01 8.675249814987182617e-01 9.381078481674194336e-01 1.015713214874267578e+00 1.096426010131835938e+00 1.221260786056518555e+00 nan 1.130561351776123047e+00 1.040980815887451172e+00 9.586179256439208984e-01 0.000000000000000000e+00 0.000000000000000000e+00 0.000000000000000000e+00 0.000000000000000000e+00 0.000000000000000000e+00 0.000000000000000000e+00
7.537972927093505859e-01 7.704441547393798828e-01 7.644656896591186523e-01 7.729209661483764648e-01 7.873357534408569336e-01 7.993457317352294922e-01 8.046718835830688477e-01 8.097858428955078125e-01 8.584406375885009766e-01 9.328559637069702148e-01 1.010251045227050781e+00 1.104503393173217773e+00 1.234597921371459961e+00 nan 1.122336626052856445e+00 1.026344060897827148e+00 0.000000000000000000e+00 0.000000000000000000e+00 0.000000000000000000e+00 0.000000000000000000e+00 0.000000000000000000e+00 0.000000000000000000e+00
7.676398754119873047e-01 7.731194496154785156e-01 7.659273147583007812e-01 7.543411254882812500e-01 7.591632604598999023e-01 7.666097879409790039e-01 7.716159820556640625e-01 7.766364812850952148e-01 7.985650300979614258e-01 8.534046411514282227e-01 9.276183843612670898e-01 1.004803657531738281e+00 1.117139339447021484e+00 1.248015165328979492e+00 nan 1.103571176528930664e+00 0.000000000000000000e+00 0.000000000000000000e+00 0.000000000000000000e+00 0.000000000000000000e+00 0.000000000000000000e+00 0.000000000000000000e+00
7.790302038192749023e-01 7.750003337860107422e-01 7.673901319503784180e-01 7.557944059371948242e-01 7.360186576843261719e-01 7.254575490951538086e-01 7.336727380752563477e-01 7.419270277023315430e-01 7.625910043716430664e-01 7.943632602691650391e-01 8.483823537826538086e-01 9.223948717117309570e-01 1.005854845046997070e+00 1.129851341247558594e+00 1.241670608520507812e+00 nan 0.000000000000000000e+00 0.000000000000000000e+00 0.000000000000000000e+00 0.000000000000000000e+00 0.000000000000000000e+00 0.000000000000000000e+00
7.690435647964477539e-01 7.719376087188720703e-01 7.684841156005859375e-01 7.503099441528320312e-01 7.275036573410034180e-01 7.049945592880249023e-01 6.906632184982299805e-01 6.987128257751464844e-01 7.170758247375488281e-01 7.513873577117919922e-01 7.863844633102416992e-01 8.430095911026000977e-01 9.171856641769409180e-01 1.017898559570312500e+00 1.128936290740966797e+00 1.220630884170532227e+00 nan 0.000000000000000000e+00 0.000000000000000000e+00 0.000000000000000000e+00 0.000000000000000000e+00 0.000000000000000000e+00
6.004585027694702148e-01 7.284387350082397461e-01 7.341538667678833008e-01 7.189259529113769531e-01 7.028055191040039062e-01 6.868362426757812500e-01 6.710168123245239258e-01 6.565705537796020508e-01 6.716043949127197266e-01 7.050071954727172852e-01 7.390774488449096680e-01 7.738285064697265625e-01 8.293703794479370117e-01 9.062782526016235352e-01 1.014068126678466797e+00 1.114782333374023438e+00 0.000000000000000000e+00 nan 0.000000000000000000e+00 0.000000000000000000e+00 0.000000000000000000e+00 0.000000000000000000e+00
5.696067810058593750e-01 5.722625255584716797e-01 6.493237018585205078e-01 6.803593635559082031e-01 6.646006107330322266e-01 6.489896774291992188e-01 6.335250139236450195e-01 6.182056665420532227e-01 6.121002435684204102e-01 6.488952636718750000e-01 6.865301132202148438e-01 7.250241041183471680e-01 7.613608837127685547e-01 8.158321380615234375e-01 8.953500986099243164e-01 9.896776676177978516e-01 0.000000000000000000e+00 0.000000000000000000e+00 nan 0.000000000000000000e+00 0.000000000000000000e+00 0.000000000000000000e+00
5.500620603561401367e-01 5.492670536041259766e-01 5.459672212600708008e-01 5.685440301895141602e-01 6.272528171539306641e-01 6.119921207427978516e-01 5.968745946884155273e-01 5.818988084793090820e-01 5.759387016296386719e-01 5.838816165924072266e-01 6.200268268585205078e-01 6.570028066635131836e-01 6.948229074478149414e-01 7.335060834884643555e-01 7.835266590118408203e-01 8.618432283401489258e-01 0.000000000000000000e+00 0.000000000000000000e+00 0.000000000000000000e+00 nan 0.000000000000000000e+00 0.000000000000000000e+00
5.254895687103271484e-01 5.266078710556030273e-01 5.238240957260131836e-01 5.197179317474365234e-01 5.182627439498901367e-01 5.758247375488281250e-01 5.610464811325073242e-01 5.464066267013549805e-01 5.422772169113159180e-01 5.500506162643432617e-01 5.578629970550537109e-01 5.916637182235717773e-01 6.279925107955932617e-01 6.651502847671508789e-01 7.046846151351928711e-01 7.464982271194458008e-01 0.000000000000000000e+00 0.000000000000000000e+00 0.000000000000000000e+00 0.000000000000000000e+00 nan 0.000000000000000000e+00
4.955667257308959961e-01 5.021849870681762695e-01 5.019981861114501953e-01 4.979507923126220703e-01 4.953559637069702148e-01 4.952510595321655273e-01 5.123533010482788086e-01 5.117106437683105469e-01 5.093348026275634766e-01 5.169420242309570312e-01 5.245876312255859375e-01 5.322717428207397461e-01 5.637973546981811523e-01 5.994899272918701172e-01 6.374905109405517578e-01 6.776560544967651367e-01 0.000000000000000000e+00 0.000000000000000000e+00 0.000000000000000000e+00 0.000000000000000000e+00 0.000000000000000000e+00 nan
