nan 9.828687906265258789e-01 9.398483037948608398e-01 9.019577503204345703e-01 8.923860788345336914e-01 8.724840879440307617e-01 8.524142503738403320e-01 8.212200403213500977e-01 7.922779321670532227e-01 8.098164796829223633e-01 8.079379796981811523e-01 8.152797222137451172e-01 7.945579290390014648e-01 7.367156744003295898e-01 6.807378530502319336e-01 6.265643835067749023e-01
9.541960954666137695e-01 nan 1.039575576782226562e+00 9.850362539291381836e-01 9.153735637664794922e-01 8.952296972274780273e-01 8.718376159667968750e-01 8.403162956237792969e-01 8.093259334564208984e-01 7.713750600814819336e-01 7.772629261016845703e-01 7.844800949096679688e-01 7.704806327819824219e-01 7.134144306182861328e-01 6.581876277923583984e-01 6.047408580780029297e-01
8.767188787460327148e-01 1.016360759735107422e+00 nan 1.079953432083129883e+00 1.005258321762084961e+00 9.332267045974731445e-01 8.914644718170166016e-01 8.596128225326538086e-01 8.117661476135253906e-01 7.748355865478515625e-01 7.471084594726562500e-01 7.542030811309814453e-01 7.467261552810668945e-01 6.904257535934448242e-01 6.359398365020751953e-01 5.832102298736572266e-01
8.120453357696533203e-01 9.402526617050170898e-01 1.084424734115600586e+00 nan 1.103546619415283203e+00 1.025696516036987305e+00 9.405331611633300781e-01 8.655844926834106445e-01 8.206830024719238281e-01 7.837370634078979492e-01 7.421066761016845703e-01 7.233562469482421875e-01 7.242538928985595703e-01 6.685836315155029297e-01 6.147105693817138672e-01 5.625770092010498047e-01
7.749774456024169922e-01 8.670617341995239258e-01 1.002117156982421875e+00 1.117298126220703125e+00 nan 1.115008831024169922e+00 1.009226799011230469e+00 8.907696008682250977e-01 8.264755010604858398e-01 7.894119024276733398e-01 7.479891777038574219e-01 7.091763019561767578e-01 6.979078054428100586e-01 6.492196321487426758e-01 5.959719419479370117e-01 5.444432497024536133e-01
7.560305595397949219e-01 8.228476047515869141e-01 9.120054244995117188e-01 1.016762971878051758e+00 1.128356218338012695e+00 nan 1.088619947433471680e+00 9.658840894699096680e-01 8.674634695053100586e-01 8.080109357833862305e-01 7.608975172042846680e-01 7.149474620819091797e-01 6.768683195114135742e-01 6.300803422927856445e-01 5.774506330490112305e-01 5.265200138092041016e-01
7.346308231353759766e-01 8.090740442276000977e-01 8.629032373428344727e-01 9.210013151168823242e-01 1.014737844467163086e+00 1.121832609176635742e+00 nan 1.066504240036010742e+00 9.630460739135742188e-01 8.632646799087524414e-01 8.007112741470336914e-01 7.535053491592407227e-01 7.075370550155639648e-01 6.321705579757690430e-01 5.693626403808593750e-01 5.124636888504028320e-01
7.150857448577880859e-01 7.929484844207763672e-01 8.329204320907592773e-01 8.564288616180419922e-01 8.944720029830932617e-01 9.933224916458129883e-01 1.110578060150146484e+00 nan 1.063520908355712891e+00 9.569456577301025391e-01 8.473674058914184570e-01 7.931519746780395508e-01 7.461441755294799805e-01 6.813267469406127930e-01 5.808835029602050781e-01 5.235668420791625977e-01
7.359412908554077148e-01 7.650409936904907227e-01 8.073233366012573242e-01 8.148602247238159180e-01 8.222936391830444336e-01 8.819942474365234375e-01 9.918068647384643555e-01 1.108026981353759766e+00 nan 1.055336713790893555e+00 9.403296709060668945e-01 8.336950540542602539e-01 7.856243848800659180e-01 7.319633960723876953e-01 6.254118680953979492e-01 5.347515344619750977e-01
7.567862272262573242e-01 7.682350873947143555e-01 7.459334135055541992e-01 7.579535245895385742e-01 7.700561285018920898e-01 8.002759218215942383e-01 8.746322393417358398e-01 9.840153455734252930e-01 1.108424186706542969e+00 nan 1.037834644317626953e+00 9.196848869323730469e-01 8.259973526000976562e-01 7.781286239624023438e-01 6.743644475936889648e-01 5.713561773300170898e-01
7.768502235412597656e-01 7.590551376342773438e-01 7.260562181472778320e-01 6.953073740005493164e-01 7.069789171218872070e-01 7.324980497360229492e-01 7.827253341674804688e-01 8.605057001113891602e-01 9.745332002639770508e-01 1.126734495162963867e+00 nan 1.016299009323120117e+00 8.992476463317871094e-01 8.183319568634033203e-01 7.247911691665649414e-01 6.186808347702026367e-01
7.430727481842041016e-01 7.279566526412963867e-01 7.055784463882446289e-01 6.816784143447875977e-01 6.501196622848510742e-01 6.666189432144165039e-01 7.149364948272705078e-01 7.646545171737670898e-01 8.406504392623901367e-01 9.534610509872436523e-01 1.115674257278442383e+00 nan 9.946665763854980469e-01 8.781300783157348633e-01 7.751866579055786133e-01 6.653187274932861328e-01
5.528584718704223633e-01 6.712872982025146484e-01 6.505804061889648438e-01 6.282678842544555664e-01 6.062569618225097656e-01 5.929896831512451172e-01 6.383665800094604492e-01 6.926538944244384766e-01 7.467669248580932617e-01 8.210070133209228516e-01 9.379276037216186523e-01 1.092868566513061523e+00 nan 9.698414802551269531e-01 8.333276510238647461e-01 7.099361419677734375e-01
5.210531949996948242e-01 5.184603929519653320e-01 5.605446100234985352e-01 5.757628679275512695e-01 5.544617176055908203e-01 5.440757274627685547e-01 5.553295612335205078e-01 5.970956087112426758e-01 6.500154733657836914e-01 7.046886682510375977e-01 7.710366249084472656e-01 8.898215293884277344e-01 1.058740854263305664e+00 nan 9.256255626678466797e-01 7.466230392456054688e-01
4.864464998245239258e-01 4.869511127471923828e-01 4.813601970672607422e-01 4.801740646362304688e-01 5.043365955352783203e-01 4.966636896133422852e-01 5.075719356536865234e-01 5.185596942901611328e-01 5.568643808364868164e-01 6.084511280059814453e-01 6.637166738510131836e-01 7.254433631896972656e-01 8.301494121551513672e-01 9.456588029861450195e-01 nan 8.331369161605834961e-01
4.401365518569946289e-01 4.493510723114013672e-01 4.471637010574340820e-01 4.446375370025634766e-01 4.447433948516845703e-01 4.478195905685424805e-01 4.586265087127685547e-01 4.695141315460205078e-01 4.804829359054565430e-01 4.994170665740966797e-01 5.535017251968383789e-01 6.131287813186645508e-01 6.797577142715454102e-01 7.505477666854858398e-01 8.534702062606811523e-01 nan
