nan 1.252371788024902344e+00 1.157756328582763672e+00 1.110164642333984375e+00 1.078553676605224609e+00 1.029787540435791016e+00 9.935241937637329102e-01 9.857016801834106445e-01 9.779096841812133789e-01 9.701485633850097656e-01 9.624176025390625000e-01 9.547171592712402344e-01 9.470467567443847656e-01 9.390420913696289062e-01 9.219977855682373047e-01 9.048980474472045898e-01 0.000000000000000000e+00 0.000000000000000000e+00 0.000000000000000000e+00 0.000000000000000000e+00 0.000000000000000000e+00 0.000000000000000000e+00
1.130013465881347656e+00 nan 1.282663106918334961e+00 1.187027692794799805e+00 1.148011922836303711e+00 1.108001470565795898e+00 1.066150665283203125e+00 1.021326065063476562e+00 1.008342504501342773e+00 1.000461816787719727e+00 9.926121234893798828e-01 9.847929477691650391e-01 9.721605777740478516e-01 9.400613307952880859e-01 9.178265333175659180e-01 8.953742980957031250e-01 0.000000000000000000e+00 0.000000000000000000e+00 0.000000000000000000e+00 0.000000000000000000e+00 0.000000000000000000e+00 0.000000000000000000e+00
1.038855075836181641e+00 1.167771577835083008e+00 nan 1.317213058471679688e+00 1.231939792633056641e+00 1.194693565368652344e+00 1.148080825805664062e+00 1.101478576660156250e+00 1.055887222290039062e+00 1.031242132186889648e+00 1.023271560668945312e+00 1.015332221984863281e+00 9.972181320190429688e-01 9.685734510421752930e-01 9.132517576217651367e-01 8.647830486297607422e-01 0.000000000000000000e+00 0.000000000000000000e+00 0.000000000000000000e+00 0.000000000000000000e+00 0.000000000000000000e+00 0.000000000000000000e+00
9.819298982620239258e-01 1.086213350296020508e+00 1.205241203308105469e+00 nan 1.370762586593627930e+00 1.282784938812255859e+00 1.233260154724121094e+00 1.184809923171997070e+00 1.137410640716552734e+00 1.091039896011352539e+00 1.054402828216552734e+00 1.042773246765136719e+00 1.022594451904296875e+00 9.975049495697021484e-01 9.139513969421386719e-01 8.346858024597167969e-01 0.000000000000000000e+00 0.000000000000000000e+00 0.000000000000000000e+00 0.000000000000000000e+00 0.000000000000000000e+00 0.000000000000000000e+00
9.257071018218994141e-01 1.027091264724731445e+00 1.137190580368041992e+00 1.264528751373291016e+00 nan 1.426487922668457031e+00 1.326108694076538086e+00 1.267039537429809570e+00 1.218346595764160156e+00 1.170699357986450195e+00 1.124075412750244141e+00 1.069301605224609375e+00 1.047184705734252930e+00 9.994806051254272461e-01 9.141622781753540039e-01 8.399637937545776367e-01 0.000000000000000000e+00 0.000000000000000000e+00 0.000000000000000000e+00 0.000000000000000000e+00 0.000000000000000000e+00 0.000000000000000000e+00
8.701672554016113281e-01 9.686274528503417969e-01 1.080823183059692383e+00 1.201880931854248047e+00 1.305286645889282227e+00 nan 1.472331285476684570e+00 1.363413333892822266e+00 1.301255702972412109e+00 1.241334676742553711e+00 1.189807176589965820e+00 1.129975318908691406e+00 1.045057535171508789e+00 9.881750345230102539e-01 9.059860706329345703e-01 8.337805271148681641e-01 0.000000000000000000e+00 0.000000000000000000e+00 0.000000000000000000e+00 0.000000000000000000e+00 0.000000000000000000e+00 0.000000000000000000e+00
8.136109113693237305e-01 9.118497371673583984e-01 1.025942564010620117e+00 1.135926723480224609e+00 1.233962059020996094e+00 1.356095552444458008e+00 nan 1.520248413085937500e+00 1.408065319061279297e+00 1.337534666061401367e+00 1.267506599426269531e+00 1.176475763320922852e+00 1.075813055038452148e+00 9.798061847686767578e-01 8.978453874588012695e-01 8.276181221008300781e-01 0.000000000000000000e+00 0.000000000000000000e+00 0.000000000000000000e+00 0.000000000000000000e+00 0.000000000000000000e+00 0.000000000000000000e+00
7.902004718780517578e-01 8.575569391250610352e-01 9.725093841552734375e-01 1.071948289871215820e+00 1.168460369110107422e+00 1.278765916824340820e+00 1.415053129196166992e+00 nan 1.580729961395263672e+00 1.451483011245727539e+00 1.342239379882812500e+00 1.233910560607910156e+00 1.130591392517089844e+00 1.031883955001831055e+00 9.126756191253662109e-01 8.380960226058959961e-01 0.000000000000000000e+00 0.000000000000000000e+00 0.000000000000000000e+00 0.000000000000000000e+00 0.000000000000000000e+00 0.000000000000000000e+00
7.692956924438476562e-01 8.446692228317260742e-01 9.201109409332275391e-01 1.009885549545288086e+00 1.101095199584960938e+00 1.196854352951049805e+00 1.320947408676147461e+00 1.475270748138427734e+00 nan 1.610090970993041992e+00 1.420408010482788086e+00 1.292141675949096680e+00 1.185923337936401367e+00 1.084626913070678711e+00 9.582706689834594727e-01 8.551983833312988281e-01 0.000000000000000000e+00 0.000000000000000000e+00 0.000000000000000000e+00 0.000000000000000000e+00 0.000000000000000000e+00 0.000000000000000000e+00
7.467826604843139648e-01 8.280519247055053711e-01 9.022623300552368164e-01 9.583328962326049805e-01 1.035643339157104492e+00 1.126195669174194336e+00 1.236917495727539062e+00 1.357863664627075195e+00 1.521043062210083008e+00 nan 1.534466981887817383e+00 1.367686271667480469e+00 1.242664337158203125e+00 1.138738870620727539e+00 1.011681318283081055e+00 8.925406932830810547e-01 0.000000000000000000e+00 0.000000000000000000e+00 0.000000000000000000e+00 0.000000000000000000e+00 0.000000000000000000e+00 0.000000000000000000e+00
7.229378223419189453e-01 8.108882904052734375e-01 8.839199542999267578e-01 9.340834617614746094e-01 9.724342823028564453e-01 1.053683519363403320e+00 1.143872261047363281e+00 1.255300283432006836e+00 1.340456485748291016e+00 1.462287187576293945e+00 nan 1.479261159896850586e+00 1.316112518310546875e+00 1.194255828857421875e+00 1.066549301147460938e+00 9.458460807800292969e-01 0.000000000000000000e+00 0.000000000000000000e+00 0.000000000000000000e+00 0.000000000000000000e+00 0.000000000000000000e+00 0.000000000000000000e+00
7.298630475997924805e-01 7.932643890380859375e-01 8.593436479568481445e-01 9.042174816131591797e-01 9.365280866622924805e-01 9.768649339675903320e-01 1.059010267257690430e+00 1.131892681121826172e+00 1.212389469146728516e+00 1.295925140380859375e+00 1.418585777282714844e+00 nan 1.426494121551513672e+00 1.265662670135498047e+00 1.122913360595703125e+00 1.000653028488159180e+00 0.000000000000000000e+00 0.000000000000000000e+00 0.000000000000000000e+00 0.000000000000000000e+00 0.000000000000000000e+00 0.000000000000000000e+00
7.535773515701293945e-01 7.788670063018798828e-01 8.237907886505126953e-01 8.653038740158081055e-01 9.009473323822021484e-01 9.332023859024047852e-01 9.507426023483276367e-01 1.015237808227539062e+00 1.091329574584960938e+00 1.170294523239135742e+00 1.252240896224975586e+00 1.390579462051391602e+00 nan 1.390985012054443359e+00 1.186787128448486328e+00 1.057003736495971680e+00 0.000000000000000000e+00 0.000000000000000000e+00 0.000000000000000000e+00 0.000000000000000000e+00 0.000000000000000000e+00 0.000000000000000000e+00
7.792322635650634766e-01 7.829829454421997070e-01 7.941107749938964844e-01 8.234518766403198242e-01 8.632161617279052734e-01 8.753850460052490234e-01 8.765702247619628906e-01 9.049664735794067383e-01 9.768944978713989258e-01 1.051538467407226562e+00 1.129001140594482422e+00 1.209388017654418945e+00 1.368668317794799805e+00 nan 1.306322813034057617e+00 1.116128683090209961e+00 0.000000000000000000e+00 0.000000000000000000e+00 0.000000000000000000e+00 0.000000000000000000e+00 0.000000000000000000e+00 0.000000000000000000e+00
8.042126893997192383e-01 7.869534492492675781e-01 7.893979549407958984e-01 7.957544326782226562e-01 8.004242181777954102e-01 8.050245046615600586e-01 8.096363544464111328e-01 8.271222114562988281e-01 8.687213659286499023e-01 9.392808675765991211e-01 1.012504816055297852e+00 1.088493347167968750e+00 1.173732042312622070e+00 1.346957921981811523e+00 nan 1.244301795959472656e+00 0.000000000000000000e+00 0.000000000000000000e+00 0.000000000000000000e+00 0.000000000000000000e+00 0.000000000000000000e+00 0.000000000000000000e+00
8.180481195449829102e-01 8.002028465270996094e-01 7.846972942352294922e-01 7.746063470840454102e-01 7.476376295089721680e-01 7.352552413940429688e-01 7.399039268493652344e-01 7.555872201919555664e-01 7.886581420898437500e-01 8.312224149703979492e-01 9.060666561126708984e-01 9.839693307876586914e-01 1.062267780303955078e+00 1.167520046234130859e+00 1.290965080261230469e+00 nan 0.000000000000000000e+00 0.000000000000000000e+00 0.000000000000000000e+00 0.000000000000000000e+00 0.000000000000000000e+00 0.000000000000000000e+00
7.760730981826782227e-01 7.727593183517456055e-01 7.509452104568481445e-01 7.349419593811035156e-01 7.227131128311157227e-01 7.004894018173217773e-01 6.863080263137817383e-01 6.985880136489868164e-01 7.305850982666015625e-01 7.631851434707641602e-01 8.044673204421997070e-01 8.782176971435546875e-01 9.549823999404907227e-01 1.034884452819824219e+00 1.121472597122192383e+00 1.270940303802490234e+00 nan 0.000000000000000000e+00 0.000000000000000000e+00 0.000000000000000000e+00 0.000000000000000000e+00 0.000000000000000000e+00
6.186678409576416016e-01 7.182867527008056641e-01 6.852887868881225586e-01 6.704496145248413086e-01 6.547837257385253906e-01 6.392649412155151367e-01 6.238914728164672852e-01 6.231297254562377930e-01 6.640808582305908203e-01 7.059394121170043945e-01 7.380750179290771484e-01 7.781032323837280273e-01 8.507761955261230469e-01 9.264192581176757812e-01 9.993227720260620117e-01 1.109893560409545898e+00 0.000000000000000000e+00 nan 0.000000000000000000e+00 0.000000000000000000e+00 0.000000000000000000e+00 0.000000000000000000e+00
5.864858627319335938e-01 5.540502071380615234e-01 6.184192895889282227e-01 6.329705715179443359e-01 6.176562309265136719e-01 6.024855375289916992e-01 5.874571800231933594e-01 5.791515111923217773e-01 5.919940471649169922e-01 6.283302307128906250e-01 6.654957532882690430e-01 7.035094499588012695e-01 7.444075345993041992e-01 8.254160881042480469e-01 9.044194221496582031e-01 9.845025539398193359e-01 0.000000000000000000e+00 0.000000000000000000e+00 nan 0.000000000000000000e+00 0.000000000000000000e+00 0.000000000000000000e+00
5.519835948944091797e-01 5.257848501205444336e-01 5.226002931594848633e-01 5.391533374786376953e-01 5.813618898391723633e-01 5.665315389633178711e-01 5.518401861190795898e-01 5.454213619232177734e-01 5.532106161117553711e-01 5.641217231750488281e-01 5.998216867446899414e-01 6.363365650177001953e-01 6.736847162246704102e-01 7.118855714797973633e-01 7.791025638580322266e-01 8.609448671340942383e-01 0.000000000000000000e+00 0.000000000000000000e+00 0.000000000000000000e+00 nan 0.000000000000000000e+00 0.000000000000000000e+00
5.180054903030395508e-01 5.034689903259277344e-01 5.007917881011962891e-01 4.967477321624755859e-01 4.953861236572265625e-01 5.313841104507446289e-01 5.170224905014038086e-01 5.124118328094482422e-01 5.200345516204833984e-01 5.276957750320434570e-01 5.367374420166015625e-01 5.718123912811279297e-01 6.076880693435668945e-01 6.443823575973510742e-01 6.845002174377441406e-01 7.362921237945556641e-01 0.000000000000000000e+00 0.000000000000000000e+00 0.000000000000000000e+00 0.000000000000000000e+00 nan 0.000000000000000000e+00
4.881821870803833008e-01 4.786919355392456055e-01 4.782402515411376953e-01 4.744352102279663086e-01 4.721294641494750977e-01 4.722042083740234375e-01 4.802263975143432617e-01 4.799455404281616211e-01 4.875671863555908203e-01 4.950647354125976562e-01 5.026000738143920898e-01 5.101734399795532227e-01 5.442935228347778320e-01 5.795409679412841797e-01 6.181017160415649414e-01 6.590095758438110352e-01 0.000000000000000000e+00 0.000000000000000000e+00 0.000000000000000000e+00 0.000000000000000000e+00 0.000000000000000000e+00 nan
