nan 1.012936592102050781e+00 9.692636728286743164e-01 9.219734668731689453e-01 9.109896421432495117e-01 8.908919095993041992e-01 8.624045848846435547e-01 8.310421705245971680e-01 8.002079725265502930e-01 8.174500465393066406e-01 8.095713853836059570e-01 8.169199228286743164e-01 8.023483753204345703e-01 7.442551851272583008e-01 6.880342960357666016e-01 6.336256265640258789e-01
9.977958202362060547e-01 nan 1.070503234863281250e+00 1.013875246047973633e+00 9.426680803298950195e-01 9.138611555099487305e-01 8.819324970245361328e-01 8.502413034439086914e-01 8.190838098526000977e-01 7.869819402694702148e-01 7.788687944412231445e-01 7.860925197601318359e-01 7.781665325164794922e-01 7.208527326583862305e-01 6.653860807418823242e-01 6.117073297500610352e-01
9.185899496078491211e-01 1.061347484588623047e+00 nan 1.110171556472778320e+00 1.034439325332641602e+00 9.584513902664184570e-01 9.016655683517456055e-01 8.696419000625610352e-01 8.381576538085937500e-01 7.814258337020874023e-01 7.486869096755981445e-01 7.557880878448486328e-01 7.543090581893920898e-01 6.977641582489013672e-01 6.430417299270629883e-01 5.900832414627075195e-01
8.453909158706665039e-01 9.825143814086914062e-01 1.129587173461914062e+00 nan 1.133053064346313477e+00 1.046615123748779297e+00 9.605724811553955078e-01 8.906320333480834961e-01 8.367271423339843750e-01 7.900525331497192383e-01 7.475041151046752930e-01 7.254577875137329102e-01 7.312043905258178711e-01 6.753097772598266602e-01 6.212195158004760742e-01 5.688757896423339844e-01
7.813714742660522461e-01 9.056273698806762695e-01 1.043364763259887695e+00 1.159584999084472656e+00 nan 1.136849880218505859e+00 1.047013521194458008e+00 9.361671209335327148e-01 8.402165174484252930e-01 7.942012548446655273e-01 7.534048557281494141e-01 7.144715785980224609e-01 6.999783515930175781e-01 6.558675765991210938e-01 6.024053096771240234e-01 5.506689548492431641e-01
7.647083997726440430e-01 8.387991189956665039e-01 9.500336647033691406e-01 1.057042121887207031e+00 1.180855751037597656e+00 nan 1.138389348983764648e+00 1.009561538696289062e+00 8.951435089111328125e-01 8.109683990478515625e-01 7.642017602920532227e-01 7.202607393264770508e-01 6.820634603500366211e-01 6.366512775421142578e-01 5.838093757629394531e-01 5.326734781265258789e-01
7.432029247283935547e-01 8.158140182495117188e-01 8.802087306976318359e-01 9.593681097030639648e-01 1.063338994979858398e+00 1.194727897644042969e+00 nan 1.106683254241943359e+00 9.904273748397827148e-01 8.812720775604248047e-01 8.040901422500610352e-01 7.567956447601318359e-01 7.107411623001098633e-01 6.398253440856933594e-01 5.737695693969726562e-01 5.167108774185180664e-01
7.199736833572387695e-01 8.000607490539550781e-01 8.423020839691162109e-01 8.742624521255493164e-01 9.530715942382812500e-01 1.052920341491699219e+00 1.169579505920410156e+00 nan 1.090502023696899414e+00 9.758584499359130859e-01 8.640718460083007812e-01 7.965167760848999023e-01 7.494207620620727539e-01 6.892118453979492188e-01 5.853228569030761719e-01 5.278452634811401367e-01
7.309434413909912109e-01 7.726522684097290039e-01 8.125714063644409180e-01 8.278238773345947266e-01 8.353102207183837891e-01 9.217698574066162109e-01 1.033903360366821289e+00 1.152579784393310547e+00 nan 1.075200319290161133e+00 9.578871726989746094e-01 8.442269563674926758e-01 7.889751195907592773e-01 7.400860786437988281e-01 6.330347061157226562e-01 5.390613079071044922e-01
7.517515420913696289e-01 7.622243165969848633e-01 7.659986019134521484e-01 7.781566381454467773e-01 7.869507074356079102e-01 8.141329288482666016e-01 9.142522811889648438e-01 1.025947093963623047e+00 1.168356657028198242e+00 nan 1.056423902511596680e+00 9.370434284210205078e-01 8.294236660003662109e-01 7.814651727676391602e-01 6.822168827056884766e-01 5.787255764007568359e-01
7.717580795288085938e-01 7.655330896377563477e-01 7.325570583343505859e-01 7.147907018661499023e-01 7.265963554382324219e-01 7.533729076385498047e-01 8.042054176330566406e-01 9.067641496658325195e-01 1.018022060394287109e+00 1.187187433242797852e+00 nan 1.034531116485595703e+00 9.164212942123413086e-01 8.217439651489257812e-01 7.328801155090332031e-01 6.262720823287963867e-01
7.517632246017456055e-01 7.387639284133911133e-01 7.162280082702636719e-01 6.880122423171997070e-01 6.650676727294921875e-01 6.867001056671142578e-01 7.355996370315551758e-01 7.859169244766235352e-01 8.876694440841674805e-01 1.016273975372314453e+00 1.176913499832153320e+00 nan 1.012871265411376953e+00 8.960191011428833008e-01 7.850693464279174805e-01 6.752506494522094727e-01
5.625336170196533203e-01 6.817401647567749023e-01 6.608867645263671875e-01 6.384347677230834961e-01 6.162865161895751953e-01 6.079117059707641602e-01 6.611899137496948242e-01 7.162333726882934570e-01 7.678138017654418945e-01 8.675241470336914062e-01 9.940220117568969727e-01 1.159979581832885742e+00 nan 9.914420843124389648e-01 8.593695163726806641e-01 7.257041931152343750e-01
5.305300951004028320e-01 5.279475450515747070e-01 5.734149217605590820e-01 5.856019258499145508e-01 5.641677379608154297e-01 5.539642572402954102e-01 5.674079656600952148e-01 6.193439960479736328e-01 6.730009317398071289e-01 7.284357547760009766e-01 8.201351165771484375e-01 9.497585296630859375e-01 1.147383689880371094e+00 nan 9.593281745910644531e-01 7.727273702621459961e-01
4.955075979232788086e-01 4.962533712387084961e-01 4.906156063079833984e-01 4.894523620605468750e-01 5.137296915054321289e-01 5.062484741210937500e-01 5.172266960144042969e-01 5.282847881317138672e-01 5.785523653030395508e-01 6.308575868606567383e-01 6.876945495605468750e-01 7.583695650100708008e-01 8.822146654129028320e-01 1.030963659286499023e+00 nan 8.641598224639892578e-01
4.490921497344970703e-01 4.583638906478881836e-01 4.563828706741333008e-01 4.538705348968505859e-01 4.539771080017089844e-01 4.572691917419433594e-01 4.681466817855834961e-01 4.791053533554077148e-01 4.901458024978637695e-01 5.220366716384887695e-01 5.776863098144531250e-01 6.389834880828857422e-01 7.066802978515625000e-01 8.049179315567016602e-01 9.203422069549560547e-01 nan
