nan 1.075572729110717773e+00 1.044291496276855469e+00 1.013481855392456055e+00 9.818212985992431641e-01 9.397071599960327148e-01 9.301570653915405273e-01 9.101400375366210938e-01 8.878129720687866211e-01 8.657468557357788086e-01 8.439385890960693359e-01 8.223855495452880859e-01 8.037711381912231445e-01 8.096213340759277344e-01 7.974396944046020508e-01 8.072376251220703125e-01 0.000000000000000000e+00 0.000000000000000000e+00 0.000000000000000000e+00 0.000000000000000000e+00 0.000000000000000000e+00 0.000000000000000000e+00
1.032045125961303711e+00 nan 1.116487979888916016e+00 1.084589958190917969e+00 1.046953916549682617e+00 9.986896514892578125e-01 9.488966464996337891e-01 9.239835739135742188e-01 9.014947414398193359e-01 8.792687654495239258e-01 8.573024272918701172e-01 8.355931043624877930e-01 8.138779401779174805e-01 7.884519100189208984e-01 7.801541090011596680e-01 7.917832136154174805e-01 0.000000000000000000e+00 0.000000000000000000e+00 0.000000000000000000e+00 0.000000000000000000e+00 0.000000000000000000e+00 0.000000000000000000e+00
9.745577573776245117e-01 1.076428174972534180e+00 nan 1.158209562301635742e+00 1.114227056503295898e+00 1.063792228698730469e+00 1.010284662246704102e+00 9.513314962387084961e-01 9.152758121490478516e-01 8.928886651992797852e-01 8.707631826400756836e-01 8.488965034484863281e-01 8.222211599349975586e-01 7.938818931579589844e-01 7.660516500473022461e-01 7.744476795196533203e-01 0.000000000000000000e+00 0.000000000000000000e+00 0.000000000000000000e+00 0.000000000000000000e+00 0.000000000000000000e+00 0.000000000000000000e+00
9.189344644546508789e-01 1.019081354141235352e+00 1.121936559677124023e+00 nan 1.183711528778076172e+00 1.130807161331176758e+00 1.073201894760131836e+00 1.012403726577758789e+00 9.533884525299072266e-01 9.066073894500732422e-01 8.843215703964233398e-01 8.622963428497314453e-01 8.341288566589355469e-01 8.158195018768310547e-01 7.797242403030395508e-01 7.535496950149536133e-01 0.000000000000000000e+00 0.000000000000000000e+00 0.000000000000000000e+00 0.000000000000000000e+00 0.000000000000000000e+00 0.000000000000000000e+00
8.645877838134765625e-01 9.626410007476806641e-01 1.063783884048461914e+00 1.165590047836303711e+00 nan 1.200046539306640625e+00 1.138088226318359375e+00 1.075387239456176758e+00 1.014524936676025391e+00 9.554474353790283203e-01 8.981022834777832031e-01 8.752790689468383789e-01 8.565587997436523438e-01 8.360979557037353516e-01 7.879462242126464844e-01 7.482936382293701172e-01 0.000000000000000000e+00 0.000000000000000000e+00 0.000000000000000000e+00 0.000000000000000000e+00 0.000000000000000000e+00 0.000000000000000000e+00
8.103454113006591797e-01 9.055460691452026367e-01 1.005753040313720703e+00 1.101526260375976562e+00 1.189134597778320312e+00 nan 1.213201522827148438e+00 1.138417482376098633e+00 1.075767278671264648e+00 1.014952659606933594e+00 9.559195041656494141e-01 8.974336385726928711e-01 8.723338842391967773e-01 8.279147148132324219e-01 7.850511074066162109e-01 7.535549402236938477e-01 0.000000000000000000e+00 0.000000000000000000e+00 0.000000000000000000e+00 0.000000000000000000e+00 0.000000000000000000e+00 0.000000000000000000e+00
7.764334678649902344e-01 8.501121997833251953e-01 9.474040269851684570e-01 1.034596681594848633e+00 1.116920709609985352e+00 1.207096099853515625e+00 nan 1.226238489151000977e+00 1.150980472564697266e+00 1.078266382217407227e+00 1.011965751647949219e+00 9.521070718765258789e-01 8.695656061172485352e-01 8.190709352493286133e-01 7.851890325546264648e-01 7.576519250869750977e-01 0.000000000000000000e+00 0.000000000000000000e+00 0.000000000000000000e+00 0.000000000000000000e+00 0.000000000000000000e+00 0.000000000000000000e+00
7.642644643783569336e-01 8.131761550903320312e-01 8.907525539398193359e-01 9.697988033294677734e-01 1.046812772750854492e+00 1.123408317565917969e+00 1.225867986679077148e+00 nan 1.239352226257324219e+00 1.163650751113891602e+00 1.081306457519531250e+00 9.915997982025146484e-01 8.999024629592895508e-01 8.225369453430175781e-01 7.893599271774291992e-01 7.617585659027099609e-01 0.000000000000000000e+00 0.000000000000000000e+00 0.000000000000000000e+00 0.000000000000000000e+00 0.000000000000000000e+00 0.000000000000000000e+00
7.493518590927124023e-01 7.999891042709350586e-01 8.516491651535034180e-01 9.070645570755004883e-01 9.790263175964355469e-01 1.051148176193237305e+00 1.141468286514282227e+00 1.244799613952636719e+00 nan 1.249802827835083008e+00 1.153071403503417969e+00 1.055232048034667969e+00 9.618381261825561523e-01 8.854949474334716797e-01 8.141404390335083008e-01 7.810814380645751953e-01 0.000000000000000000e+00 0.000000000000000000e+00 0.000000000000000000e+00 0.000000000000000000e+00 0.000000000000000000e+00 0.000000000000000000e+00
7.333041429519653320e-01 7.905621528625488281e-01 8.308939933776855469e-01 8.728122711181640625e-01 9.134851694107055664e-01 9.832184314727783203e-01 1.060268640518188477e+00 1.157448768615722656e+00 1.255206823348999023e+00 nan 1.223260164260864258e+00 1.122231006622314453e+00 1.028300762176513672e+00 9.506281614303588867e-01 8.731250762939453125e-01 8.088647127151489258e-01 0.000000000000000000e+00 0.000000000000000000e+00 0.000000000000000000e+00 0.000000000000000000e+00 0.000000000000000000e+00 0.000000000000000000e+00
7.150579690933227539e-01 7.755311727523803711e-01 8.138008117675781250e-01 8.465906381607055664e-01 8.687099218368530273e-01 9.147094488143920898e-01 9.789203405380249023e-01 1.063102245330810547e+00 1.152080297470092773e+00 1.235848665237426758e+00 nan 1.191414117813110352e+00 1.098366975784301758e+00 1.018011093139648438e+00 9.378530979156494141e-01 8.592966794967651367e-01 0.000000000000000000e+00 0.000000000000000000e+00 0.000000000000000000e+00 0.000000000000000000e+00 0.000000000000000000e+00 0.000000000000000000e+00
7.213354110717773438e-01 7.592715024948120117e-01 8.004735708236694336e-01 8.208700418472290039e-01 8.338556289672851562e-01 8.506159782409667969e-01 9.018217325210571289e-01 9.702159166336059570e-01 1.046905517578125000e+00 1.126579999923706055e+00 1.226961374282836914e+00 nan 1.171740770339965820e+00 1.087721824645996094e+00 1.004760026931762695e+00 9.235885143280029297e-01 0.000000000000000000e+00 0.000000000000000000e+00 0.000000000000000000e+00 0.000000000000000000e+00 0.000000000000000000e+00 0.000000000000000000e+00
7.357995510101318359e-01 7.523807287216186523e-01 7.735093832015991211e-01 7.936068773269653320e-01 8.056589365005493164e-01 8.177919387817382812e-01 8.292992115020751953e-01 8.763405084609985352e-01 9.514726400375366211e-01 1.029613256454467773e+00 1.110882520675659180e+00 1.232235670089721680e+00 nan 1.176512241363525391e+00 1.073977231979370117e+00 9.901032447814941406e-01 0.000000000000000000e+00 0.000000000000000000e+00 0.000000000000000000e+00 0.000000000000000000e+00 0.000000000000000000e+00 0.000000000000000000e+00
7.497800588607788086e-01 7.597743272781372070e-01 7.528748512268066406e-01 7.613264322280883789e-01 7.786234617233276367e-01 7.905749082565307617e-01 7.957923412322998047e-01 8.028262853622436523e-01 8.712561130523681641e-01 9.461845159530639648e-01 1.024113178253173828e+00 1.114901542663574219e+00 1.245638847351074219e+00 nan 1.158494949340820312e+00 1.058917999267578125e+00 0.000000000000000000e+00 0.000000000000000000e+00 0.000000000000000000e+00 0.000000000000000000e+00 0.000000000000000000e+00 0.000000000000000000e+00
7.635908126831054688e-01 7.616409063339233398e-01 7.543269395828247070e-01 7.428168058395385742e-01 7.476587295532226562e-01 7.576407194137573242e-01 7.628991603851318359e-01 7.678948640823364258e-01 7.986145019531250000e-01 8.661853075027465820e-01 9.409108161926269531e-01 1.018628358840942383e+00 1.127599954605102539e+00 1.259122371673583984e+00 nan 1.141431808471679688e+00 0.000000000000000000e+00 0.000000000000000000e+00 0.000000000000000000e+00 0.000000000000000000e+00 0.000000000000000000e+00 0.000000000000000000e+00
7.675402164459228516e-01 7.635097503662109375e-01 7.557802200317382812e-01 7.442605495452880859e-01 7.244803905487060547e-01 7.140365839004516602e-01 7.221974134445190430e-01 7.303971052169799805e-01 7.608215808868408203e-01 7.944124937057495117e-01 8.611284494400024414e-01 9.356513023376464844e-01 1.015765666961669922e+00 1.140374898910522461e+00 1.248402118682861328e+00 nan 0.000000000000000000e+00 0.000000000000000000e+00 0.000000000000000000e+00 0.000000000000000000e+00 0.000000000000000000e+00 0.000000000000000000e+00
7.531776428222656250e-01 7.560193538665771484e-01 7.539889812469482422e-01 7.386766672134399414e-01 7.160220146179199219e-01 6.936625242233276367e-01 6.794725656509399414e-01 6.874688863754272461e-01 7.141915559768676758e-01 7.484453916549682617e-01 7.833836078643798828e-01 8.525505065917968750e-01 9.304059743881225586e-01 1.027868986129760742e+00 1.129966974258422852e+00 1.236743211746215820e+00 nan 0.000000000000000000e+00 0.000000000000000000e+00 0.000000000000000000e+00 0.000000000000000000e+00 0.000000000000000000e+00
5.885303020477294922e-01 7.153391838073730469e-01 7.182490825653076172e-01 7.031875848770141602e-01 6.872147321701049805e-01 6.713917255401611328e-01 6.557171344757080078e-01 6.442047357559204102e-01 6.687964200973510742e-01 7.021431922912597656e-01 7.361561059951782227e-01 7.708488702774047852e-01 8.388406038284301758e-01 9.161466360092163086e-01 1.011218547821044922e+00 1.116107225418090820e+00 0.000000000000000000e+00 nan 0.000000000000000000e+00 0.000000000000000000e+00 0.000000000000000000e+00 0.000000000000000000e+00
5.636830329895019531e-01 5.661622285842895508e-01 6.366961002349853516e-01 6.649740934371948242e-01 6.493597030639648438e-01 6.338915824890136719e-01 6.185686588287353516e-01 6.033893823623657227e-01 6.063280105590820312e-01 6.429913043975830078e-01 6.804915666580200195e-01 7.188475131988525391e-01 7.580791711807250977e-01 8.252322673797607422e-01 8.979772329330444336e-01 9.893738031387329102e-01 0.000000000000000000e+00 0.000000000000000000e+00 nan 0.000000000000000000e+00 0.000000000000000000e+00 0.000000000000000000e+00
5.441601276397705078e-01 5.432559251785278320e-01 5.399348735809326172e-01 5.565350055694580078e-01 6.123539209365844727e-01 5.972329378128051758e-01 5.822538137435913086e-01 5.674151182174682617e-01 5.699032545089721680e-01 5.782048702239990234e-01 6.142262220382690430e-01 6.510698795318603516e-01 6.887544393539428711e-01 7.272992134094238281e-01 7.860921621322631836e-01 8.647259473800659180e-01 0.000000000000000000e+00 0.000000000000000000e+00 0.000000000000000000e+00 nan 0.000000000000000000e+00 0.000000000000000000e+00
5.195308923721313477e-01 5.206845998764038086e-01 5.178780555725097656e-01 5.137878656387329102e-01 5.122915506362915039e-01 5.613967180252075195e-01 5.467536449432373047e-01 5.322477817535400391e-01 5.363707542419433594e-01 5.441142320632934570e-01 5.518968105316162109e-01 5.859647989273071289e-01 6.221632957458496094e-01 6.591881513595581055e-01 6.995645761489868164e-01 7.412525415420532227e-01 0.000000000000000000e+00 0.000000000000000000e+00 0.000000000000000000e+00 0.000000000000000000e+00 nan 0.000000000000000000e+00
4.891968965530395508e-01 4.957870244979858398e-01 4.958488941192626953e-01 4.919984340667724609e-01 4.894747734069824219e-01 4.893702268600463867e-01 5.007979869842529297e-01 4.978696107864379883e-01 5.035543441772460938e-01 5.111324787139892578e-01 5.187488794326782227e-01 5.264036655426025391e-01 5.581980943679809570e-01 5.937628746032714844e-01 6.325722932815551758e-01 6.726170778274536133e-01 0.000000000000000000e+00 0.000000000000000000e+00 0.000000000000000000e+00 0.000000000000000000e+00 0.000000000000000000e+00 nan
