nan 1.058784484863281250e+00 9.937671422958374023e-01 9.639540910720825195e-01 9.345870018005371094e-01 9.038826227188110352e-01 8.940109014511108398e-01 8.804146051406860352e-01 8.669158220291137695e-01 8.535140752792358398e-01 8.402084112167358398e-01 8.269984722137451172e-01 8.091905117034912109e-01 8.132276535034179688e-01 7.967629432678222656e-01 7.927396297454833984e-01 0.000000000000000000e+00 0.000000000000000000e+00 0.000000000000000000e+00 0.000000000000000000e+00 0.000000000000000000e+00 0.000000000000000000e+00
9.833471775054931641e-01 nan 1.086713552474975586e+00 1.034399032592773438e+00 1.003978490829467773e+00 9.630404710769653320e-01 9.142197370529174805e-01 8.971704244613647461e-01 8.835513591766357422e-01 8.700301647186279297e-01 8.566060066223144531e-01 8.410212993621826172e-01 8.195984363555908203e-01 7.980763912200927734e-01 7.783463001251220703e-01 7.717542648315429688e-01 0.000000000000000000e+00 0.000000000000000000e+00 0.000000000000000000e+00 0.000000000000000000e+00 0.000000000000000000e+00 0.000000000000000000e+00
9.202413558959960938e-01 1.018303155899047852e+00 nan 1.115021705627441406e+00 1.075859308242797852e+00 1.027910470962524414e+00 9.774329662322998047e-01 9.282119274139404297e-01 9.003353118896484375e-01 8.866934776306152344e-01 8.731497526168823242e-01 8.548005819320678711e-01 8.332171440124511719e-01 8.057521581649780273e-01 7.536782026290893555e-01 7.510147094726562500e-01 0.000000000000000000e+00 0.000000000000000000e+00 0.000000000000000000e+00 0.000000000000000000e+00 0.000000000000000000e+00 0.000000000000000000e+00
8.682051897048950195e-01 9.636096954345703125e-01 1.063886404037475586e+00 nan 1.146796226501464844e+00 1.094878435134887695e+00 1.042733907699584961e+00 9.918873310089111328e-01 9.423065185546875000e-01 9.035055637359619141e-01 8.898410797119140625e-01 8.686829805374145508e-01 8.507544994354248047e-01 8.126959800720214844e-01 7.471410036087036133e-01 7.305177450180053711e-01 0.000000000000000000e+00 0.000000000000000000e+00 0.000000000000000000e+00 0.000000000000000000e+00 0.000000000000000000e+00 0.000000000000000000e+00
8.195098638534545898e-01 9.123023748397827148e-01 1.009827136993408203e+00 1.112325906753540039e+00 nan 1.165646791458129883e+00 1.111602544784545898e+00 1.058906793594360352e+00 1.007526159286499023e+00 9.574279785156250000e-01 9.056113958358764648e-01 8.852795362472534180e-01 8.586925268173217773e-01 8.120090961456298828e-01 7.552504539489746094e-01 7.184156179428100586e-01 0.000000000000000000e+00 0.000000000000000000e+00 0.000000000000000000e+00 0.000000000000000000e+00 0.000000000000000000e+00 0.000000000000000000e+00
7.739772796630859375e-01 8.644477128982543945e-01 9.595320224761962891e-01 1.059465646743774414e+00 1.150651216506958008e+00 nan 1.188644647598266602e+00 1.131432056427001953e+00 1.078241586685180664e+00 1.023051977157592773e+00 9.638949632644653320e-01 8.962374925613403320e-01 8.520343303680419922e-01 8.101580142974853516e-01 7.596905231475830078e-01 7.228968143463134766e-01 0.000000000000000000e+00 0.000000000000000000e+00 0.000000000000000000e+00 0.000000000000000000e+00 0.000000000000000000e+00 0.000000000000000000e+00
7.496050596237182617e-01 8.177907466888427734e-01 9.104955196380615234e-01 1.007777690887451172e+00 1.091071128845214844e+00 1.177075624465942383e+00 nan 1.228557586669921875e+00 1.151975870132446289e+00 1.084927797317504883e+00 1.016096830368041992e+00 9.331529140472412109e-01 8.536213636398315430e-01 8.128089904785156250e-01 7.641415596008300781e-01 7.273896932601928711e-01 0.000000000000000000e+00 0.000000000000000000e+00 0.000000000000000000e+00 0.000000000000000000e+00 0.000000000000000000e+00 0.000000000000000000e+00
7.361497879028320312e-01 7.958714962005615234e-01 8.626861572265625000e-01 9.528994560241699219e-01 1.033141374588012695e+00 1.115269660949707031e+00 1.216109514236450195e+00 nan 1.255123853683471680e+00 1.161501169204711914e+00 1.070576429367065430e+00 9.834762811660766602e-01 9.000401496887207031e-01 8.226253986358642578e-01 7.821036577224731445e-01 7.471950054168701172e-01 0.000000000000000000e+00 0.000000000000000000e+00 0.000000000000000000e+00 0.000000000000000000e+00 0.000000000000000000e+00 0.000000000000000000e+00
7.226195335388183594e-01 7.877174615859985352e-01 8.433612585067749023e-01 8.995209932327270508e-01 9.768162965774536133e-01 1.053782701492309570e+00 1.132846355438232422e+00 1.235854864120483398e+00 nan 1.249922037124633789e+00 1.139746427536010742e+00 1.049736976623535156e+00 9.635133743286132812e-01 8.801859617233276367e-01 8.102250099182128906e-01 7.748017311096191406e-01 0.000000000000000000e+00 0.000000000000000000e+00 0.000000000000000000e+00 0.000000000000000000e+00 0.000000000000000000e+00 0.000000000000000000e+00
7.096724510192871094e-01 7.755662202835083008e-01 8.349916934967041016e-01 8.792611360549926758e-01 9.163244962692260742e-01 9.862759113311767578e-01 1.058780908584594727e+00 1.151473283767700195e+00 1.236896276473999023e+00 nan 1.225502729415893555e+00 1.118210792541503906e+00 1.029106855392456055e+00 9.449083805084228516e-01 8.698549270629882812e-01 8.028447628021240234e-01 0.000000000000000000e+00 0.000000000000000000e+00 0.000000000000000000e+00 0.000000000000000000e+00 0.000000000000000000e+00 0.000000000000000000e+00
6.924906969070434570e-01 7.548323869705200195e-01 8.193497657775878906e-01 8.548012971878051758e-01 8.771181106567382812e-01 9.209883213043212891e-01 9.911098480224609375e-01 1.055446624755859375e+00 1.136206150054931641e+00 1.220138788223266602e+00 nan 1.201349258422851562e+00 1.096891880035400391e+00 1.012536525726318359e+00 9.349708557128906250e-01 8.587392568588256836e-01 0.000000000000000000e+00 0.000000000000000000e+00 0.000000000000000000e+00 0.000000000000000000e+00 0.000000000000000000e+00 0.000000000000000000e+00
7.053123712539672852e-01 7.362108230590820312e-01 7.982012033462524414e-01 8.292624950408935547e-01 8.512718677520751953e-01 8.735462427139282227e-01 9.088119268417358398e-01 9.629243612289428711e-01 1.040048599243164062e+00 1.120203018188476562e+00 1.204411745071411133e+00 nan 1.177457332611083984e+00 1.082516193389892578e+00 1.002353906631469727e+00 9.234348535537719727e-01 0.000000000000000000e+00 0.000000000000000000e+00 0.000000000000000000e+00 0.000000000000000000e+00 0.000000000000000000e+00 0.000000000000000000e+00
7.192866802215576172e-01 7.372415065765380859e-01 7.717589139938354492e-01 8.040751218795776367e-01 8.257815837860107422e-01 8.370143175125122070e-01 8.409100770950317383e-01 8.745665550231933594e-01 9.479601383209228516e-01 1.023861885070800781e+00 1.102721452713012695e+00 1.197522640228271484e+00 nan 1.163662433624267578e+00 1.072083950042724609e+00 9.903820753097534180e-01 0.000000000000000000e+00 0.000000000000000000e+00 0.000000000000000000e+00 0.000000000000000000e+00 0.000000000000000000e+00 0.000000000000000000e+00
7.329407930374145508e-01 7.530142068862915039e-01 7.588959932327270508e-01 7.707942724227905273e-01 7.869690656661987305e-01 7.910869121551513672e-01 7.962718009948730469e-01 8.030135631561279297e-01 8.596246242523193359e-01 9.341827630996704102e-01 1.011730432510375977e+00 1.092387199401855469e+00 1.208871603012084961e+00 nan 1.170393466949462891e+00 1.059659481048583984e+00 0.000000000000000000e+00 0.000000000000000000e+00 0.000000000000000000e+00 0.000000000000000000e+00 0.000000000000000000e+00 0.000000000000000000e+00
7.467032670974731445e-01 7.666807174682617188e-01 7.633981704711914062e-01 7.478325366973876953e-01 7.416234016418457031e-01 7.500081062316894531e-01 7.584329843521118164e-01 7.668987512588500977e-01 7.992383241653442383e-01 8.550850152969360352e-01 9.294613599777221680e-01 1.006819486618041992e+00 1.088706970214843750e+00 1.223384618759155273e+00 nan 1.173507452011108398e+00 0.000000000000000000e+00 0.000000000000000000e+00 0.000000000000000000e+00 0.000000000000000000e+00 0.000000000000000000e+00 0.000000000000000000e+00
7.605749368667602539e-01 7.732206583023071289e-01 7.622714042663574219e-01 7.393238544464111328e-01 7.166749238967895508e-01 7.069947719573974609e-01 7.152127027511596680e-01 7.234703302383422852e-01 7.531911134719848633e-01 7.882896661758422852e-01 8.466827869415283203e-01 9.243981838226318359e-01 1.001920461654663086e+00 1.100945234298706055e+00 1.240090847015380859e+00 nan 0.000000000000000000e+00 0.000000000000000000e+00 0.000000000000000000e+00 0.000000000000000000e+00 0.000000000000000000e+00 0.000000000000000000e+00
7.430456876754760742e-01 7.534574270248413086e-01 7.398231029510498047e-01 7.235970497131347656e-01 7.074470520019531250e-01 6.860728263854980469e-01 6.730548143386840820e-01 6.811093091964721680e-01 7.070415019989013672e-01 7.412160634994506836e-01 7.760748863220214844e-01 8.334306478500366211e-01 9.105885028839111328e-01 9.909936189651489258e-01 1.111071109771728516e+00 1.254480838775634766e+00 nan 0.000000000000000000e+00 0.000000000000000000e+00 0.000000000000000000e+00 0.000000000000000000e+00 0.000000000000000000e+00
6.083731651306152344e-01 7.137652635574340820e-01 7.001816034317016602e-01 6.849879026412963867e-01 6.691995859146118164e-01 6.535592079162597656e-01 6.380653381347656250e-01 6.290488243103027344e-01 6.577132940292358398e-01 6.953814029693603516e-01 7.293227910995483398e-01 7.639433145523071289e-01 8.202736377716064453e-01 8.968778848648071289e-01 9.864104986190795898e-01 1.119328260421752930e+00 0.000000000000000000e+00 nan 0.000000000000000000e+00 0.000000000000000000e+00 0.000000000000000000e+00 0.000000000000000000e+00
5.483187437057495117e-01 5.479040145874023438e-01 6.412314176559448242e-01 6.472434997558593750e-01 6.318088769912719727e-01 6.165188550949096680e-01 6.013720035552978516e-01 5.863672494888305664e-01 5.926057100296020508e-01 6.290154457092285156e-01 6.662575006484985352e-01 7.043511867523193359e-01 7.433155775070190430e-01 8.014016151428222656e-01 8.832656145095825195e-01 9.920967817306518555e-01 0.000000000000000000e+00 0.000000000000000000e+00 nan 0.000000000000000000e+00 0.000000000000000000e+00 0.000000000000000000e+00
5.262403488159179688e-01 5.252107381820678711e-01 5.223000049591064453e-01 5.607497692108154297e-01 5.952557325363159180e-01 5.803081989288330078e-01 5.655007362365722656e-01 5.508319139480590820e-01 5.538051128387451172e-01 5.650349855422973633e-01 6.008144617080688477e-01 6.374118328094482422e-01 6.748459339141845703e-01 7.131358385086059570e-01 7.599790096282958984e-01 8.450676202774047852e-01 0.000000000000000000e+00 0.000000000000000000e+00 0.000000000000000000e+00 nan 0.000000000000000000e+00 0.000000000000000000e+00
5.042536258697509766e-01 5.028501749038696289e-01 5.004427433013916016e-01 4.963876008987426758e-01 4.954297542572021484e-01 5.449086427688598633e-01 5.304328203201293945e-01 5.160926580429077148e-01 5.205626487731933594e-01 5.282143354415893555e-01 5.379415750503540039e-01 5.731016397476196289e-01 6.090655326843261719e-01 6.458514928817749023e-01 6.834787130355834961e-01 7.260487079620361328e-01 0.000000000000000000e+00 0.000000000000000000e+00 0.000000000000000000e+00 0.000000000000000000e+00 nan 0.000000000000000000e+00
4.737595319747924805e-01 4.800584316253662109e-01 4.783200025558471680e-01 4.745029211044311523e-01 4.725943803787231445e-01 4.726574420928955078e-01 4.961504936218261719e-01 4.821317195892333984e-01 4.880312681198120117e-01 4.955192804336547852e-01 5.030449628829956055e-01 5.113172531127929688e-01 5.458686351776123047e-01 5.812098979949951172e-01 6.173591613769531250e-01 6.578276157379150391e-01 0.000000000000000000e+00 0.000000000000000000e+00 0.000000000000000000e+00 0.000000000000000000e+00 0.000000000000000000e+00 nan
