nan 9.448901414871215820e-01 9.030228853225708008e-01 8.597650527954101562e-01 8.474117517471313477e-01 8.282864093780517578e-01 8.108042478561401367e-01 8.021194934844970703e-01 7.822599411010742188e-01 7.996996641159057617e-01 8.085153102874755859e-01 8.209476470947265625e-01 8.107230663299560547e-01 7.491766214370727539e-01 6.871764659881591797e-01 6.273740530014038086e-01
8.772542476654052734e-01 nan 1.002400875091552734e+00 9.440606832504272461e-01 8.749296665191650391e-01 8.518649339675903320e-01 8.413749933242797852e-01 8.292174339294433594e-01 8.086493015289306641e-01 7.887413501739501953e-01 7.829566001892089844e-01 7.902388572692871094e-01 7.875115871429443359e-01 7.301319837570190430e-01 6.745941638946533203e-01 6.208391189575195312e-01
8.231337070465087891e-01 9.344093799591064453e-01 nan 1.037879228591918945e+00 9.650158882141113281e-01 9.005537033081054688e-01 8.724616765975952148e-01 8.563020229339599609e-01 8.354294300079345703e-01 8.098620176315307617e-01 7.528884410858154297e-01 7.600480318069458008e-01 7.645976543426513672e-01 7.077733278274536133e-01 6.527284383773803711e-01 5.994577407836914062e-01
7.749620676040649414e-01 8.752363920211791992e-01 9.874120950698852539e-01 nan 1.063966035842895508e+00 9.963167905807495117e-01 9.314310550689697266e-01 8.802379369735717773e-01 8.571829795837402344e-01 8.188827037811279297e-01 7.585859298706054688e-01 7.286148071289062500e-01 7.357344627380371094e-01 6.862158775329589844e-01 6.317737102508544922e-01 5.790892839431762695e-01
7.722585201263427734e-01 8.299314975738525391e-01 9.210458993911743164e-01 1.025206327438354492e+00 nan 1.089824676513671875e+00 1.013519048690795898e+00 9.399995803833007812e-01 8.630915880203247070e-01 8.232796192169189453e-01 7.645239830017089844e-01 7.253440618515014648e-01 7.030886411666870117e-01 6.666473150253295898e-01 6.128369569778442383e-01 5.607638359069824219e-01
7.624044418334960938e-01 8.264173269271850586e-01 8.756309747695922852e-01 9.487923383712768555e-01 1.045097589492797852e+00 nan 1.104812622070312500e+00 1.001243591308593750e+00 9.019962549209594727e-01 8.275052309036254883e-01 7.721470594406127930e-01 7.311698198318481445e-01 6.927304267883300781e-01 6.473059654235839844e-01 5.941199064254760742e-01 5.426511764526367188e-01
7.409271001815795898e-01 8.126168251037597656e-01 8.534171581268310547e-01 8.790425062179565430e-01 9.623219966888427734e-01 1.063996315002441406e+00 nan 1.103673458099365234e+00 9.983546733856201172e-01 8.929582834243774414e-01 8.122152090072631836e-01 7.647076845169067383e-01 7.184456586837768555e-01 6.549059152603149414e-01 5.811220407485961914e-01 5.247486829757690430e-01
7.325996160507202148e-01 7.942672967910766602e-01 8.294115066528320312e-01 8.547049760818481445e-01 8.828969001770019531e-01 9.598702192306518555e-01 1.071125268936157227e+00 nan 1.100636482238769531e+00 9.881323575973510742e-01 8.777233362197875977e-01 8.046077489852905273e-01 7.572995424270629883e-01 7.047468423843383789e-01 5.998696088790893555e-01 5.349830389022827148e-01
7.536679506301879883e-01 7.705168724060058594e-01 8.057167530059814453e-01 8.252859115600585938e-01 8.377157449722290039e-01 8.491566181182861328e-01 9.492844343185424805e-01 1.063023328781127930e+00 nan 1.088091373443603516e+00 9.722255468368530273e-01 8.577330112457275391e-01 7.970321178436279297e-01 7.499226331710815430e-01 6.480529308319091797e-01 5.466634035110473633e-01
7.749925851821899414e-01 7.866520881652832031e-01 7.698370218276977539e-01 7.819939851760864258e-01 7.892926931381225586e-01 7.966214418411254883e-01 8.346114158630371094e-01 9.416592121124267578e-01 1.066643476486206055e+00 nan 1.082805156707763672e+00 9.512292146682739258e-01 8.379554748535156250e-01 7.894881963729858398e-01 6.976875066757202148e-01 5.932443141937255859e-01
7.949697971343994141e-01 7.887578010559082031e-01 7.673528194427490234e-01 7.341862916946411133e-01 7.330417633056640625e-01 7.449730634689331055e-01 7.790347337722778320e-01 8.274347782135009766e-01 9.340637922286987305e-01 1.084591150283813477e+00 nan 1.064449787139892578e+00 9.304561614990234375e-01 8.299485445022583008e-01 7.488166093826293945e-01 6.412281990051269531e-01
7.775521278381347656e-01 7.749174833297729492e-01 7.520422935485839844e-01 7.219133377075195312e-01 6.895995140075683594e-01 6.827895641326904297e-01 7.119123935699462891e-01 7.615430355072021484e-01 8.135112524032592773e-01 9.263441562652587891e-01 1.099630117416381836e+00 nan 1.046255826950073242e+00 9.099044799804687500e-01 8.014858961105346680e-01 6.906572580337524414e-01
5.719195604324340820e-01 6.734756231307983398e-01 6.955460309982299805e-01 6.726256608963012695e-01 6.500149965286254883e-01 6.277101039886474609e-01 6.394674777984619141e-01 6.937912702560424805e-01 7.436869144439697266e-01 7.942386865615844727e-01 9.260864257812500000e-01 1.092555522918701172e+00 nan 1.028222322463989258e+00 8.817366361618041992e-01 7.415747642517089844e-01
5.396364927291870117e-01 5.361542701721191406e-01 5.561523437500000000e-01 6.186902523040771484e-01 5.968087911605834961e-01 5.752230882644653320e-01 5.700924396514892578e-01 5.981688499450683594e-01 6.511241197586059570e-01 7.058341503143310547e-01 7.630832195281982422e-01 8.947654962539672852e-01 1.084914445877075195e+00 nan 1.010348081588745117e+00 8.073769807815551758e-01
5.042086839675903320e-01 5.044741630554199219e-01 4.986218214035034180e-01 4.972345829010009766e-01 5.453182458877563477e-01 5.244286060333251953e-01 5.218814611434936523e-01 5.329735279083251953e-01 5.579105615615844727e-01 6.095318794250488281e-01 6.635860204696655273e-01 7.286493778228759766e-01 8.172761201858520508e-01 9.811307191848754883e-01 nan 9.345957040786743164e-01
4.576812982559204102e-01 4.670237302780151367e-01 4.643797874450683594e-01 4.616408348083496094e-01 4.617480039596557617e-01 4.619144201278686523e-01 4.728264808654785156e-01 4.838200807571411133e-01 4.948956966400146484e-01 5.060540437698364258e-01 5.568805932998657227e-01 6.197683811187744141e-01 6.866716146469116211e-01 7.563381195068359375e-01 8.806236982345581055e-01 nan
