nan 1.014497280120849609e+00 9.843745231628417969e-01 9.547019004821777344e-01 9.254732131958007812e-01 9.108564853668212891e-01 9.020043611526489258e-01 8.881335258483886719e-01 8.743637800216674805e-01 8.579860925674438477e-01 8.362685441970825195e-01 8.148051500320434570e-01 8.017281293869018555e-01 8.139160871505737305e-01 8.061804771423339844e-01 8.092653751373291016e-01 0.000000000000000000e+00 0.000000000000000000e+00 0.000000000000000000e+00 0.000000000000000000e+00 0.000000000000000000e+00 0.000000000000000000e+00
9.728125333786010742e-01 nan 1.055094718933105469e+00 1.024121999740600586e+00 9.936163425445556641e-01 9.486644268035888672e-01 9.179699420928955078e-01 9.039826393127441406e-01 8.900972604751586914e-01 8.714517354965209961e-01 8.495769500732421875e-01 8.279577493667602539e-01 8.065913915634155273e-01 7.960710525512695312e-01 7.848060131072998047e-01 7.879574298858642578e-01 0.000000000000000000e+00 0.000000000000000000e+00 0.000000000000000000e+00 0.000000000000000000e+00 0.000000000000000000e+00 0.000000000000000000e+00
9.183607101440429688e-01 1.016084909439086914e+00 nan 1.095606088638305664e+00 1.061310052871704102e+00 1.012255907058715820e+00 9.619328975677490234e-01 9.199645519256591797e-01 9.059627056121826172e-01 8.850148916244506836e-01 8.629815578460693359e-01 8.412057161331176758e-01 8.196843862533569336e-01 7.815555334091186523e-01 7.636843919754028320e-01 7.669004201889038086e-01 0.000000000000000000e+00 0.000000000000000000e+00 0.000000000000000000e+00 0.000000000000000000e+00 0.000000000000000000e+00 0.000000000000000000e+00
8.653794527053833008e-01 9.604047536849975586e-01 1.060270786285400391e+00 nan 1.129055500030517578e+00 1.077597379684448242e+00 1.025640249252319336e+00 9.749825000762939453e-01 9.247604608535766602e-01 8.986765146255493164e-01 8.764834403991699219e-01 8.545498847961425781e-01 8.178466558456420898e-01 7.862838506698608398e-01 7.537580728530883789e-01 7.460913658142089844e-01 0.000000000000000000e+00 0.000000000000000000e+00 0.000000000000000000e+00 0.000000000000000000e+00 0.000000000000000000e+00 0.000000000000000000e+00
8.158835172653198242e-01 9.082624912261962891e-01 1.005340814590454102e+00 1.107357978820800781e+00 nan 1.146748304367065430e+00 1.092924833297729492e+00 1.040450572967529297e+00 9.844795465469360352e-01 9.263392686843872070e-01 8.907967805862426758e-01 8.554775714874267578e-01 8.191465139389038086e-01 7.935094833374023438e-01 7.613233327865600586e-01 7.321156263351440430e-01 0.000000000000000000e+00 0.000000000000000000e+00 0.000000000000000000e+00 0.000000000000000000e+00 0.000000000000000000e+00 0.000000000000000000e+00
7.732299566268920898e-01 8.595157861709594727e-01 9.541143178939819336e-01 1.053525447845458984e+00 1.139131307601928711e+00 nan 1.165492057800292969e+00 1.106360673904418945e+00 1.044649600982666016e+00 9.847466945648193359e-01 9.125068187713623047e-01 8.560662269592285156e-01 8.231513500213623047e-01 7.974579334259033203e-01 7.653008699417114258e-01 7.361627817153930664e-01 0.000000000000000000e+00 0.000000000000000000e+00 0.000000000000000000e+00 0.000000000000000000e+00 0.000000000000000000e+00 0.000000000000000000e+00
7.611578702926635742e-01 8.091386556625366211e-01 9.016269445419311523e-01 9.965401887893676758e-01 1.077744722366333008e+00 1.153464317321777344e+00 nan 1.172233819961547852e+00 1.106644392013549805e+00 1.032989501953125000e+00 9.492379426956176758e-01 8.689370155334472656e-01 8.271650075912475586e-01 8.014149665832519531e-01 7.692873477935791016e-01 7.402191162109375000e-01 0.000000000000000000e+00 0.000000000000000000e+00 0.000000000000000000e+00 0.000000000000000000e+00 0.000000000000000000e+00 0.000000000000000000e+00
7.462713718414306641e-01 7.961375713348388672e-01 8.520783185958862305e-01 9.329543113708496094e-01 1.008934259414672852e+00 1.082145929336547852e+00 1.167252779006958008e+00 nan 1.178365707397460938e+00 1.086644887924194336e+00 9.987858533859252930e-01 9.147487878799438477e-01 8.478610515594482422e-01 8.108252286911010742e-01 7.773798704147338867e-01 7.445605993270874023e-01 0.000000000000000000e+00 0.000000000000000000e+00 0.000000000000000000e+00 0.000000000000000000e+00 0.000000000000000000e+00 0.000000000000000000e+00
7.315107583999633789e-01 7.867307662963867188e-01 8.360197544097900391e-01 8.820166587829589844e-01 9.424026012420654297e-01 1.013189792633056641e+00 1.086556434631347656e+00 1.181288719177246094e+00 nan 1.155953645706176758e+00 1.065176248550415039e+00 9.820742607116699219e-01 9.128345251083374023e-01 8.445065021514892578e-01 8.047209978103637695e-01 7.717741727828979492e-01 0.000000000000000000e+00 0.000000000000000000e+00 0.000000000000000000e+00 0.000000000000000000e+00 0.000000000000000000e+00 0.000000000000000000e+00
7.162747383117675781e-01 7.724046707153320312e-01 8.191560506820678711e-01 8.609209060668945312e-01 8.837593793869018555e-01 9.465167522430419922e-01 1.014648675918579102e+00 1.082716703414916992e+00 1.164458036422729492e+00 nan 1.133771657943725586e+00 1.051766872406005859e+00 9.800926446914672852e-01 9.082236289978027344e-01 8.351491689682006836e-01 7.994122505187988281e-01 0.000000000000000000e+00 0.000000000000000000e+00 0.000000000000000000e+00 0.000000000000000000e+00 0.000000000000000000e+00 0.000000000000000000e+00
7.054530382156372070e-01 7.574231624603271484e-01 8.062516450881958008e-01 8.353993892669677734e-01 8.573845624923706055e-01 8.820521831512451172e-01 9.269145727157592773e-01 9.885995388031005859e-01 1.066647052764892578e+00 1.147757291793823242e+00 nan 1.123910188674926758e+00 1.049715995788574219e+00 9.741418361663818359e-01 8.985431194305419922e-01 8.274815082550048828e-01 0.000000000000000000e+00 0.000000000000000000e+00 0.000000000000000000e+00 0.000000000000000000e+00 0.000000000000000000e+00 0.000000000000000000e+00
7.197836637496948242e-01 7.425683736801147461e-01 7.894178628921508789e-01 8.173073530197143555e-01 8.346655368804931641e-01 8.419284820556640625e-01 8.488688468933105469e-01 9.062368869781494141e-01 9.825662374496459961e-01 1.061951637268066406e+00 1.144516229629516602e+00 nan 1.121786832809448242e+00 1.042336940765380859e+00 9.641268253326416016e-01 8.851013183593750000e-01 0.000000000000000000e+00 0.000000000000000000e+00 0.000000000000000000e+00 0.000000000000000000e+00 0.000000000000000000e+00 0.000000000000000000e+00
7.340254783630371094e-01 7.524887323379516602e-01 7.700887918472290039e-01 7.947235107421875000e-01 8.030805587768554688e-01 8.081902265548706055e-01 8.133141994476318359e-01 8.278799057006835938e-01 9.010715484619140625e-01 9.771937131881713867e-01 1.056364297866821289e+00 1.138704776763916016e+00 nan 1.112888097763061523e+00 1.031976222991943359e+00 9.502851963043212891e-01 0.000000000000000000e+00 0.000000000000000000e+00 0.000000000000000000e+00 0.000000000000000000e+00 0.000000000000000000e+00 0.000000000000000000e+00
7.477118968963623047e-01 7.667714357376098633e-01 7.635670900344848633e-01 7.531191110610961914e-01 7.614661455154418945e-01 7.698527574539184570e-01 7.782794237136840820e-01 7.903227806091308594e-01 8.229266405105590820e-01 8.959197998046875000e-01 9.718359708786010742e-01 1.050791740417480469e+00 1.151387929916381836e+00 nan 1.102169275283813477e+00 1.017723083496093750e+00 0.000000000000000000e+00 0.000000000000000000e+00 0.000000000000000000e+00 0.000000000000000000e+00 0.000000000000000000e+00 0.000000000000000000e+00
7.615065574645996094e-01 7.723413705825805664e-01 7.591594457626342773e-01 7.362378835678100586e-01 7.177670001983642578e-01 7.259458303451538086e-01 7.341632843017578125e-01 7.444751262664794922e-01 7.793341875076293945e-01 8.148895502090454102e-01 8.907823562622070312e-01 9.664926528930664062e-01 1.045234680175781250e+00 1.158004760742187500e+00 nan 1.087493181228637695e+00 0.000000000000000000e+00 0.000000000000000000e+00 0.000000000000000000e+00 0.000000000000000000e+00 0.000000000000000000e+00 0.000000000000000000e+00
7.754099369049072266e-01 7.697161436080932617e-01 7.505309581756591797e-01 7.277218103408813477e-01 7.052098512649536133e-01 6.831278800964355469e-01 6.911416053771972656e-01 6.991934776306152344e-01 7.322138547897338867e-01 7.668278217315673828e-01 8.021334409713745117e-01 8.768317699432373047e-01 9.557350873947143555e-01 1.048795938491821289e+00 1.163839578628540039e+00 nan 0.000000000000000000e+00 0.000000000000000000e+00 0.000000000000000000e+00 0.000000000000000000e+00 0.000000000000000000e+00 0.000000000000000000e+00
7.501281499862670898e-01 7.418839931488037109e-01 7.287074327468872070e-01 7.127590179443359375e-01 6.966965198516845703e-01 6.747366189956665039e-01 6.529151201248168945e-01 6.570392847061157227e-01 6.863415241241455078e-01 7.200386524200439453e-01 7.544094324111938477e-01 7.894668579101562500e-01 8.629422187805175781e-01 9.412617683410644531e-01 1.051403045654296875e+00 1.134917736053466797e+00 nan 0.000000000000000000e+00 0.000000000000000000e+00 0.000000000000000000e+00 0.000000000000000000e+00 0.000000000000000000e+00
5.920363664627075195e-01 7.028619050979614258e-01 6.892567873001098633e-01 6.743308305740356445e-01 6.586285829544067383e-01 6.430736780166625977e-01 6.276646852493286133e-01 6.124000549316406250e-01 6.378649473190307617e-01 6.744886636734008789e-01 7.079491615295410156e-01 7.420783042907714844e-01 7.768893241882324219e-01 8.491555452346801758e-01 9.307216405868530273e-01 1.027326345443725586e+00 0.000000000000000000e+00 nan 0.000000000000000000e+00 0.000000000000000000e+00 0.000000000000000000e+00 0.000000000000000000e+00
5.425531864166259766e-01 5.423738956451416016e-01 6.246263980865478516e-01 6.367647647857666016e-01 6.214148998260498047e-01 6.062089204788208008e-01 5.911456346511840820e-01 5.762234926223754883e-01 5.813229084014892578e-01 6.091896295547485352e-01 6.459182500839233398e-01 6.834851503372192383e-01 7.219096422195434570e-01 7.612110376358032227e-01 8.354709148406982422e-01 9.080606698989868164e-01 0.000000000000000000e+00 0.000000000000000000e+00 nan 0.000000000000000000e+00 0.000000000000000000e+00 0.000000000000000000e+00
5.206106901168823242e-01 5.198155641555786133e-01 5.168035030364990234e-01 5.450563430786132812e-01 5.850361585617065430e-01 5.701713562011718750e-01 5.554459095001220703e-01 5.408586263656616211e-01 5.475465059280395508e-01 5.553462505340576172e-01 5.810163021087646484e-01 6.171019077301025391e-01 6.540111303329467773e-01 6.917628049850463867e-01 7.303761243820190430e-01 7.911682128906250000e-01 0.000000000000000000e+00 0.000000000000000000e+00 0.000000000000000000e+00 nan 0.000000000000000000e+00 0.000000000000000000e+00
4.975552558898925781e-01 4.975870847702026367e-01 4.950780868530273438e-01 4.910492897033691406e-01 4.897838830947875977e-01 5.349422693252563477e-01 5.205472707748413086e-01 5.068963766098022461e-01 5.144914388656616211e-01 5.221246480941772461e-01 5.297963619232177734e-01 5.533361434936523438e-01 5.887900590896606445e-01 6.250530481338500977e-01 6.621675491333007812e-01 7.029381990432739258e-01 0.000000000000000000e+00 0.000000000000000000e+00 0.000000000000000000e+00 0.000000000000000000e+00 nan 0.000000000000000000e+00
4.674187898635864258e-01 4.739125967025756836e-01 4.730452299118041992e-01 4.692534208297729492e-01 4.670454263687133789e-01 4.671198129653930664e-01 4.864315986633300781e-01 4.747096300125122070e-01 4.821424484252929688e-01 4.896126985549926758e-01 4.971204996109008789e-01 5.046662092208862305e-01 5.261406898498535156e-01 5.609738826751708984e-01 5.966492891311645508e-01 6.358129978179931641e-01 0.000000000000000000e+00 0.000000000000000000e+00 0.000000000000000000e+00 0.000000000000000000e+00 0.000000000000000000e+00 nan
