nan 9.733837842941284180e-01 9.305686950683593750e-01 8.862649202346801758e-01 8.756054639816284180e-01 8.558797836303710938e-01 8.319885730743408203e-01 8.011382818222045898e-01 7.772694826126098633e-01 8.047101497650146484e-01 8.173346519470214844e-01 8.247148990631103516e-01 8.188279867172241211e-01 7.602034807205200195e-01 7.034686803817749023e-01 6.485488414764404297e-01
9.179400205612182617e-01 nan 1.029819250106811523e+00 9.681556224822998047e-01 8.983889818191528320e-01 8.784238100051879883e-01 8.511976003646850586e-01 8.227896690368652344e-01 8.021289110183715820e-01 7.811506986618041992e-01 7.865003347396850586e-01 7.937551736831665039e-01 7.944250106811523438e-01 7.365869283676147461e-01 6.806132793426513672e-01 6.264437437057495117e-01
8.609250783920288086e-01 9.779502153396606445e-01 nan 1.062028408050537109e+00 9.879572391510009766e-01 9.165471792221069336e-01 8.706083297729492188e-01 8.490254878997802734e-01 8.280671834945678711e-01 7.848259210586547852e-01 7.561891078948974609e-01 7.633208036422729492e-01 7.703493833541870117e-01 7.132873535156250000e-01 6.580647230148315430e-01 6.046218872070312500e-01
8.010796308517456055e-01 9.126954078674316406e-01 1.038359642028808594e+00 nan 1.085641860961914062e+00 1.003739833831787109e+00 9.208906888961791992e-01 8.728209733963012695e-01 8.374732732772827148e-01 7.922620773315429688e-01 7.540305852890014648e-01 7.321897745132446289e-01 7.393243312835693359e-01 6.912680864334106445e-01 6.366626024246215820e-01 5.838203430175781250e-01
7.779130935668945312e-01 8.449792861938476562e-01 9.517121315002441406e-01 1.061664104461669922e+00 nan 1.092084169387817383e+00 1.004129886627197266e+00 9.113366603851318359e-01 8.428896665573120117e-01 7.964159250259399414e-01 7.599533796310424805e-01 7.208747863769531250e-01 7.066109180450439453e-01 6.716408729553222656e-01 6.176692247390747070e-01 5.654400587081909180e-01
7.609087228775024414e-01 8.258625268936157227e-01 8.744336366653442383e-01 9.660859107971191406e-01 1.069557189941406250e+00 nan 1.089575052261352539e+00 9.849621057510375977e-01 8.835237026214599609e-01 8.093502521514892578e-01 7.658962011337280273e-01 7.266856431961059570e-01 6.883456707000732422e-01 6.522413492202758789e-01 5.988961458206176758e-01 5.472731590270996094e-01
7.394496202468872070e-01 8.106790781021118164e-01 8.534023761749267578e-01 8.865084648132324219e-01 9.797356128692626953e-01 1.090831995010375977e+00 nan 1.086558580398559570e+00 9.782233238220214844e-01 8.697372674942016602e-01 8.037905693054199219e-01 7.565039396286010742e-01 7.104568481445312500e-01 6.487380266189575195e-01 5.825861692428588867e-01 5.293170213699340820e-01
7.298485040664672852e-01 7.912032604217529297e-01 8.293968439102172852e-01 8.516410589218139648e-01 8.825628757476806641e-01 9.692654609680175781e-01 1.084170341491699219e+00 nan 1.077684402465820312e+00 9.637438058853149414e-01 8.524460792541503906e-01 7.962182760238647461e-01 7.491301298141479492e-01 6.983931064605712891e-01 5.942041873931884766e-01 5.364044904708862305e-01
7.508834600448608398e-01 7.672336101531982422e-01 7.942878007888793945e-01 8.093053102493286133e-01 8.167159557342529297e-01 8.534169197082519531e-01 9.615621566772460938e-01 1.076017379760742188e+00 nan 1.062476634979248047e+00 9.456014633178710938e-01 8.368307352066040039e-01 7.886779308319091797e-01 7.417874336242675781e-01 6.419104337692260742e-01 5.476834774017333984e-01
7.721742391586303711e-01 7.713940143585205078e-01 7.534251213073730469e-01 7.582645416259765625e-01 7.688463926315307617e-01 7.851228713989257812e-01 8.461667299270629883e-01 9.538887739181518555e-01 1.089599847793579102e+00 nan 1.043371438980102539e+00 9.249624013900756836e-01 8.291199207305908203e-01 7.811692953109741211e-01 6.913598775863647461e-01 5.873061418533325195e-01
7.818114757537841797e-01 7.740722894668579102e-01 7.410160303115844727e-01 7.083438634872436523e-01 7.072809934616088867e-01 7.234948873519897461e-01 7.734612226486206055e-01 8.382054567337036133e-01 9.462455511093139648e-01 1.107746839523315430e+00 nan 1.021842241287231445e+00 9.044690132141113281e-01 8.214414119720458984e-01 7.422986030578613281e-01 6.351112127304077148e-01
7.615182399749755859e-01 7.476514577865600586e-01 7.252150774002075195e-01 6.962536573410034180e-01 6.644214391708374023e-01 6.579582691192626953e-01 7.060245275497436523e-01 7.554843425750732422e-01 8.185881376266479492e-01 9.409693479537963867e-01 1.092307090759277344e+00 nan 1.000317335128784180e+00 8.841941356658935547e-01 7.947715520858764648e-01 6.843558549880981445e-01
5.644303560256958008e-01 6.665225028991699219e-01 6.695839166641235352e-01 6.470144987106323242e-01 6.247501373291015625e-01 6.027867794036865234e-01 6.333162784576416016e-01 6.874362230300903320e-01 7.376897335052490234e-01 7.991801500320434570e-01 9.165235757827758789e-01 1.071265220642089844e+00 nan 9.790217876434326172e-01 8.581246137619018555e-01 7.350835800170898438e-01
5.323880910873413086e-01 5.292561054229736328e-01 5.497654676437377930e-01 5.939049720764160156e-01 5.723586082458496094e-01 5.527677536010742188e-01 5.640848875045776367e-01 5.921726226806640625e-01 6.449291706085205078e-01 6.994339227676391602e-01 7.589681148529052734e-01 8.712012767791748047e-01 1.060863733291625977e+00 nan 9.579532146453857422e-01 7.867577075958251953e-01
4.963352680206298828e-01 4.977182149887084961e-01 4.918920993804931641e-01 4.903619289398193359e-01 5.216563940048217773e-01 5.050888061523437500e-01 5.160584449768066406e-01 5.271079540252685547e-01 5.520653724670410156e-01 6.034929752349853516e-01 6.597030162811279297e-01 7.209799289703369141e-01 8.117697238922119141e-01 9.498684406280517578e-01 nan 8.766454458236694336e-01
4.498611688613891602e-01 4.591380357742309570e-01 4.575971364974975586e-01 4.547252655029296875e-01 4.548318386077880859e-01 4.561141729354858398e-01 4.669830799102783203e-01 4.779330492019653320e-01 4.889646768569946289e-01 5.000787973403930664e-01 5.511912107467651367e-01 6.104480028152465820e-01 6.769663095474243164e-01 7.462319135665893555e-01 8.561410903930664062e-01 nan
