nan 1.015155315399169922e+00 9.847847223281860352e-01 9.548716545104980469e-01 9.238522052764892578e-01 9.041908979415893555e-01 8.956737518310546875e-01 8.808102607727050781e-01 8.588260412216186523e-01 8.370987176895141602e-01 8.156255483627319336e-01 7.944031953811645508e-01 7.854825258255004883e-01 7.964801788330078125e-01 8.072613477706909180e-01 8.190677165985107422e-01 0.000000000000000000e+00 0.000000000000000000e+00 0.000000000000000000e+00 0.000000000000000000e+00 0.000000000000000000e+00 0.000000000000000000e+00
9.967616796493530273e-01 nan 1.054879426956176758e+00 1.023910045623779297e+00 9.870797395706176758e-01 9.402271509170532227e-01 9.115860462188720703e-01 8.944413661956787109e-01 8.722977638244628906e-01 8.504130840301513672e-01 8.287839889526367188e-01 8.074079751968383789e-01 7.870588302612304688e-01 7.802150249481201172e-01 7.918068170547485352e-01 8.035120964050292969e-01 0.000000000000000000e+00 0.000000000000000000e+00 0.000000000000000000e+00 0.000000000000000000e+00 0.000000000000000000e+00 0.000000000000000000e+00
9.413399696350097656e-01 1.038811922073364258e+00 nan 1.095386743545532227e+00 1.052385091781616211e+00 1.003607988357543945e+00 9.535011053085327148e-01 9.081712961196899414e-01 8.858672380447387695e-01 8.638238906860351562e-01 8.420381546020507812e-01 8.205070495605468750e-01 8.021197319030761719e-01 7.772706747055053711e-01 7.764842510223388672e-01 7.880895137786865234e-01 0.000000000000000000e+00 0.000000000000000000e+00 0.000000000000000000e+00 0.000000000000000000e+00 0.000000000000000000e+00 0.000000000000000000e+00
8.932371139526367188e-01 9.825040102005004883e-01 1.083495855331420898e+00 nan 1.119837284088134766e+00 1.068668603897094727e+00 1.016934633255004883e+00 9.587124586105346680e-01 9.012717008590698242e-01 8.773320913314819336e-01 8.553884029388427734e-01 8.372135162353515625e-01 8.152530193328857422e-01 7.902228832244873047e-01 7.721705436706542969e-01 7.673571109771728516e-01 0.000000000000000000e+00 0.000000000000000000e+00 0.000000000000000000e+00 0.000000000000000000e+00 0.000000000000000000e+00 0.000000000000000000e+00
8.534535169601440430e-01 9.311335086822509766e-01 1.025953769683837891e+00 1.125723123550415039e+00 nan 1.135841131210327148e+00 1.081043720245361328e+00 1.020015239715576172e+00 9.607768058776855469e-01 9.032756090164184570e-01 8.701814413070678711e-01 8.540471792221069336e-01 8.284820318222045898e-01 8.032695055007934570e-01 7.815001010894775391e-01 7.538981437683105469e-01 0.000000000000000000e+00 0.000000000000000000e+00 0.000000000000000000e+00 0.000000000000000000e+00 0.000000000000000000e+00 0.000000000000000000e+00
8.058586120605468750e-01 8.843485116958618164e-01 9.725025892257690430e-01 1.065881490707397461e+00 1.152225971221923828e+00 nan 1.144623279571533203e+00 1.081791162490844727e+00 1.020800113677978516e+00 9.615956544876098633e-01 9.058969020843505859e-01 8.649911880493164062e-01 8.394027948379516602e-01 8.100425004959106445e-01 7.876105308532714844e-01 7.600362300872802734e-01 0.000000000000000000e+00 0.000000000000000000e+00 0.000000000000000000e+00 0.000000000000000000e+00 0.000000000000000000e+00 0.000000000000000000e+00
7.790160179138183594e-01 8.358676433563232422e-01 9.160714149475097656e-01 1.000518083572387695e+00 1.082115650177001953e+00 1.165845870971679688e+00 nan 1.155345916748046875e+00 1.082484245300292969e+00 1.021072149276733398e+00 9.612538814544677734e-01 8.995171785354614258e-01 8.452882766723632812e-01 8.129456043243408203e-01 7.917872667312622070e-01 7.641484737396240234e-01 0.000000000000000000e+00 0.000000000000000000e+00 0.000000000000000000e+00 0.000000000000000000e+00 0.000000000000000000e+00 0.000000000000000000e+00
7.696805000305175781e-01 8.120775222778320312e-01 8.666886091232299805e-01 9.368054866790771484e-01 1.013160228729248047e+00 1.086526155471801758e+00 1.184267044067382812e+00 nan 1.168041944503784180e+00 1.094751119613647461e+00 1.017668485641479492e+00 9.450609683990478516e-01 8.723512887954711914e-01 8.158534765243530273e-01 7.955868244171142578e-01 7.682702541351318359e-01 0.000000000000000000e+00 0.000000000000000000e+00 0.000000000000000000e+00 0.000000000000000000e+00 0.000000000000000000e+00 0.000000000000000000e+00
7.551231384277343750e-01 8.025871515274047852e-01 8.422541618347167969e-01 8.792101144790649414e-01 9.464884996414184570e-01 1.017424583435058594e+00 1.101444482803344727e+00 1.202844381332397461e+00 nan 1.180812835693359375e+00 1.091796398162841797e+00 1.008059501647949219e+00 9.311617612838745117e-01 8.572088479995727539e-01 8.056237697601318359e-01 7.732003927230834961e-01 0.000000000000000000e+00 0.000000000000000000e+00 0.000000000000000000e+00 0.000000000000000000e+00 0.000000000000000000e+00 0.000000000000000000e+00
7.388705015182495117e-01 7.931466102600097656e-01 8.291857242584228516e-01 8.602464199066162109e-01 8.891099691390991211e-01 9.532595872879028320e-01 1.021762609481811523e+00 1.118772983551025391e+00 1.214778184890747070e+00 nan 1.160148143768310547e+00 1.077426433563232422e+00 9.978723526000976562e-01 9.213649034500122070e-01 8.450894355773925781e-01 8.008606433868408203e-01 0.000000000000000000e+00 0.000000000000000000e+00 0.000000000000000000e+00 0.000000000000000000e+00 0.000000000000000000e+00 0.000000000000000000e+00
7.205657958984375000e-01 7.813889980316162109e-01 8.162101507186889648e-01 8.441910743713378906e-01 8.618061542510986328e-01 8.968536853790283203e-01 9.557644128799438477e-01 1.029421567916870117e+00 1.117924690246582031e+00 1.213165998458862305e+00 nan 1.149189472198486328e+00 1.066887378692626953e+00 9.877370595932006836e-01 9.087939262390136719e-01 8.316828012466430664e-01 0.000000000000000000e+00 0.000000000000000000e+00 0.000000000000000000e+00 0.000000000000000000e+00 0.000000000000000000e+00 0.000000000000000000e+00
7.265087366104125977e-01 7.648180723190307617e-01 8.033264875411987305e-01 8.255376815795898438e-01 8.378043174743652344e-01 8.501533269882202148e-01 8.891304731369018555e-01 9.505469799041748047e-01 1.029378652572631836e+00 1.110638618469238281e+00 1.226454496383666992e+00 nan 1.138286352157592773e+00 1.056401968002319336e+00 9.746975898742675781e-01 8.950196504592895508e-01 0.000000000000000000e+00 0.000000000000000000e+00 0.000000000000000000e+00 0.000000000000000000e+00 0.000000000000000000e+00 0.000000000000000000e+00
7.410163879394531250e-01 7.576369047164916992e-01 7.809879779815673828e-01 7.982045412063598633e-01 8.102875947952270508e-01 8.224517107009887695e-01 8.346977233886718750e-01 8.725563287734985352e-01 9.459595680236816406e-01 1.023879289627075195e+00 1.109423875808715820e+00 1.239822626113891602e+00 nan 1.141176700592041016e+00 1.042876958847045898e+00 9.605464935302734375e-01 0.000000000000000000e+00 0.000000000000000000e+00 0.000000000000000000e+00 0.000000000000000000e+00 0.000000000000000000e+00 0.000000000000000000e+00
7.550991773605346680e-01 7.668988704681396484e-01 7.602269649505615234e-01 7.692306041717529297e-01 7.831828594207763672e-01 7.951649427413940430e-01 8.028746843338012695e-01 8.079837560653686523e-01 8.659696578979492188e-01 9.406863451004028320e-01 1.018395185470581055e+00 1.122089624404907227e+00 1.253271102905273438e+00 nan 1.123546361923217773e+00 1.028339385986328125e+00 0.000000000000000000e+00 0.000000000000000000e+00 0.000000000000000000e+00 0.000000000000000000e+00 0.000000000000000000e+00 0.000000000000000000e+00
7.689520120620727539e-01 7.687731981277465820e-01 7.617214918136596680e-01 7.501629590988159180e-01 7.555016279220581055e-01 7.648506164550781250e-01 7.698519229888916016e-01 7.748672962188720703e-01 7.992060184478759766e-01 8.609132766723632812e-01 9.354275465011596680e-01 1.012925624847412109e+00 1.134831190109252930e+00 1.266730070114135742e+00 nan 1.103543758392333984e+00 0.000000000000000000e+00 0.000000000000000000e+00 0.000000000000000000e+00 0.000000000000000000e+00 0.000000000000000000e+00 0.000000000000000000e+00
7.747215032577514648e-01 7.706494331359863281e-01 7.631809711456298828e-01 7.516127824783325195e-01 7.357794046401977539e-01 7.258346080780029297e-01 7.340515851974487305e-01 7.423076629638671875e-01 7.632191181182861328e-01 7.950026988983154297e-01 8.558706045150756836e-01 9.301829338073730469e-01 1.022616624832153320e+00 1.147649288177490234e+00 1.248672485351562500e+00 nan 0.000000000000000000e+00 0.000000000000000000e+00 0.000000000000000000e+00 0.000000000000000000e+00 0.000000000000000000e+00 0.000000000000000000e+00
7.668193578720092773e-01 7.696579694747924805e-01 7.642155885696411133e-01 7.500686645507812500e-01 7.272655963897705078e-01 7.047597169876098633e-01 6.910327672958374023e-01 6.990840435028076172e-01 7.197756767272949219e-01 7.541409730911254883e-01 7.891931533813476562e-01 8.508415222167968750e-01 9.249525070190429688e-01 1.034761190414428711e+00 1.137301206588745117e+00 1.226269245147705078e+00 nan 0.000000000000000000e+00 0.000000000000000000e+00 0.000000000000000000e+00 0.000000000000000000e+00 0.000000000000000000e+00
5.965270996093750000e-01 7.242072820663452148e-01 7.358833551406860352e-01 7.206956148147583008e-01 7.045586109161376953e-01 6.885730028152465820e-01 6.727372407913208008e-01 6.569325923919677734e-01 6.742326021194458008e-01 7.076879739761352539e-01 7.418117523193359375e-01 7.766175270080566406e-01 8.390141725540161133e-01 9.243835210800170898e-01 1.024056434631347656e+00 1.122572422027587891e+00 0.000000000000000000e+00 nan 0.000000000000000000e+00 0.000000000000000000e+00 0.000000000000000000e+00 0.000000000000000000e+00
5.717864036560058594e-01 5.760158300399780273e-01 6.489864587783813477e-01 6.820893287658691406e-01 6.663143634796142578e-01 6.506873369216918945e-01 6.352068185806274414e-01 6.198716163635253906e-01 6.160548925399780273e-01 6.529402732849121094e-01 6.906675100326538086e-01 7.292557954788208008e-01 7.641303539276123047e-01 8.254045248031616211e-01 9.047496318817138672e-01 9.995450973510742188e-01 0.000000000000000000e+00 0.000000000000000000e+00 nan 0.000000000000000000e+00 0.000000000000000000e+00 0.000000000000000000e+00
5.532850027084350586e-01 5.529654026031494141e-01 5.495911836624145508e-01 5.682233572006225586e-01 6.289283037185668945e-01 6.136517524719238281e-01 5.985186100006103516e-01 5.835274457931518555e-01 5.794041156768798828e-01 5.877614021301269531e-01 6.240010261535644531e-01 6.610677242279052734e-01 6.989804506301879883e-01 7.377585172653198242e-01 7.938224077224731445e-01 8.725910186767578125e-01 0.000000000000000000e+00 0.000000000000000000e+00 0.000000000000000000e+00 nan 0.000000000000000000e+00 0.000000000000000000e+00
5.285867452621459961e-01 5.302520990371704102e-01 5.273962020874023438e-01 5.232803821563720703e-01 5.217254161834716797e-01 5.774471759796142578e-01 5.626535415649414062e-01 5.479986667633056641e-01 5.456686019897460938e-01 5.534590482711791992e-01 5.612887144088745117e-01 5.955682992935180664e-01 6.319861412048339844e-01 6.692349910736083984e-01 7.098461389541625977e-01 7.517862319946289062e-01 0.000000000000000000e+00 0.000000000000000000e+00 0.000000000000000000e+00 0.000000000000000000e+00 nan 0.000000000000000000e+00
4.986716508865356445e-01 5.053037405014038086e-01 5.055189132690429688e-01 5.014621019363403320e-01 4.987661838531494141e-01 4.986610412597656250e-01 5.120925903320312500e-01 5.132670402526855469e-01 5.126537084579467773e-01 5.202777385711669922e-01 5.279401540756225586e-01 5.356411933898925781e-01 5.676335096359252930e-01 6.034137010574340820e-01 6.424484252929687500e-01 6.827355623245239258e-01 0.000000000000000000e+00 0.000000000000000000e+00 0.000000000000000000e+00 0.000000000000000000e+00 0.000000000000000000e+00 nan
