nan 9.803700447082519531e-01 9.377390146255493164e-01 8.889552354812622070e-01 8.781406879425048828e-01 8.586971759796142578e-01 8.384107351303100586e-01 8.075903654098510742e-01 7.783741950988769531e-01 7.997411489486694336e-01 8.072215318679809570e-01 8.243421316146850586e-01 8.216730356216430664e-01 7.589228153228759766e-01 6.965774297714233398e-01 6.363347768783569336e-01
9.388595819473266602e-01 nan 1.038929939270019531e+00 9.801368713378906250e-01 9.100770950317382812e-01 8.826677799224853516e-01 8.583188056945800781e-01 8.271647691726684570e-01 8.047059774398803711e-01 7.801795005798339844e-01 7.851275205612182617e-01 7.938666343688964844e-01 7.978948354721069336e-01 7.399451732635498047e-01 6.838631629943847656e-01 6.282451152801513672e-01
8.738938570022583008e-01 1.002003431320190430e+00 nan 1.076081275939941406e+00 1.001852035522460938e+00 9.302768707275390625e-01 8.784142732620239258e-01 8.520518541336059570e-01 8.310594558715820312e-01 8.008456230163574219e-01 7.562984228134155273e-01 7.634304761886596680e-01 7.705916166305541992e-01 7.166004180908203125e-01 6.612709760665893555e-01 6.077247858047485352e-01
8.178397417068481445e-01 9.294728040695190430e-01 1.066556215286254883e+00 nan 1.099618196487426758e+00 1.021001100540161133e+00 9.360353946685791016e-01 8.769916296005249023e-01 8.558557033538818359e-01 8.130539655685424805e-01 7.611370086669921875e-01 7.329293489456176758e-01 7.400668859481811523e-01 6.939338445663452148e-01 6.392424106597900391e-01 5.863168239593505859e-01
7.859579324722290039e-01 8.681128025054931641e-01 9.839346408843994141e-01 1.102152347564697266e+00 nan 1.110106468200683594e+00 1.021394729614257812e+00 9.428788423538208008e-01 8.642688989639282227e-01 8.172558546066284180e-01 7.670837640762329102e-01 7.278468608856201172e-01 7.073395252227783203e-01 6.742756366729736328e-01 6.202189922332763672e-01 5.679075717926025391e-01
7.727084159851074219e-01 8.343781232833862305e-01 9.034870862960815430e-01 1.003460168838500977e+00 1.113104104995727539e+00 nan 1.124581098556518555e+00 1.019465208053588867e+00 9.122946262359619141e-01 8.214673995971679688e-01 7.730506658554077148e-01 7.336812019348144531e-01 6.951860189437866211e-01 6.548457145690917969e-01 6.014164686203002930e-01 5.497119426727294922e-01
7.513775825500488281e-01 8.205175399780273438e-01 8.636769056320190430e-01 9.172966480255126953e-01 1.012045383453369141e+00 1.139113426208496094e+00 nan 1.122827768325805664e+00 1.008440732955932617e+00 8.982975482940673828e-01 8.103255033493041992e-01 7.628674507141113281e-01 7.166537046432495117e-01 6.566121578216552734e-01 5.844042301177978516e-01 5.317275524139404297e-01
7.277201414108276367e-01 8.025262355804443359e-01 8.395384550094604492e-01 8.649718761444091797e-01 9.306075572967529297e-01 1.026635169982910156e+00 1.144887447357177734e+00 nan 1.109421014785766602e+00 9.937399625778198242e-01 8.813849687576293945e-01 8.027259111404418945e-01 7.554671764373779297e-01 7.065043449401855469e-01 6.015189886093139648e-01 5.381696224212646484e-01
7.414799928665161133e-01 7.779350280761718750e-01 8.157125711441040039e-01 8.345125913619995117e-01 8.523274660110473633e-01 9.074118137359619141e-01 1.018707513809204102e+00 1.143312692642211914e+00 nan 1.093980789184570312e+00 9.760714769363403320e-01 8.613556623458862305e-01 7.951581478118896484e-01 7.480978965759277344e-01 6.497520208358764648e-01 5.494613647460937500e-01
7.626564502716064453e-01 7.744007110595703125e-01 7.745474576950073242e-01 7.949699163436889648e-01 8.035194873809814453e-01 8.109065294265747070e-01 8.999503850936889648e-01 1.010810613632202148e+00 1.161925792694091797e+00 nan 1.075523376464843750e+00 9.550341367721557617e-01 8.415395021438598633e-01 7.876222133636474609e-01 6.994377374649047852e-01 5.948868989944458008e-01
7.824814319610595703e-01 7.771022319793701172e-01 7.603402137756347656e-01 7.418360710144042969e-01 7.538279294967651367e-01 7.631900310516357422e-01 8.034632205963134766e-01 8.925181627273559570e-01 1.002944707870483398e+00 1.180700778961181641e+00 nan 1.055030822753906250e+00 9.342205524444580078e-01 8.280403614044189453e-01 7.506196498870849609e-01 6.429201364517211914e-01
7.706282138824462891e-01 7.712233066558837891e-01 7.518373727798461914e-01 7.189620733261108398e-01 6.913288831710815430e-01 7.029728889465332031e-01 7.423800230026245117e-01 7.928938865661621094e-01 8.851149082183837891e-01 1.017083883285522461e+00 1.181643009185791016e+00 nan 1.036919832229614258e+00 9.136288166046142578e-01 8.033430576324462891e-01 6.924000978469848633e-01
5.771398544311523438e-01 6.978091001510620117e-01 6.977107524871826172e-01 6.747610569000244141e-01 6.521216630935668945e-01 6.299327611923217773e-01 6.724104881286621094e-01 7.247182130813598633e-01 7.747199535369873047e-01 8.655084371566772461e-01 1.007905483245849609e+00 1.174292087554931641e+00 nan 1.018968820571899414e+00 8.893200159072875977e-01 7.433701753616333008e-01
5.478729009628295898e-01 5.447088479995727539e-01 5.787183046340942383e-01 6.207568645477294922e-01 5.988473892211914062e-01 5.772341489791870117e-01 5.803626775741577148e-01 6.302819252014160156e-01 6.843012571334838867e-01 7.401105165481567383e-01 8.270717859268188477e-01 9.889500141143798828e-01 1.166965723037719727e+00 nan 1.001175880432128906e+00 8.146605491638183594e-01
5.121029615402221680e-01 5.128523111343383789e-01 5.069673061370849609e-01 5.056883096694946289e-01 5.472911596298217773e-01 5.263748168945312500e-01 5.318363904953002930e-01 5.430009365081787109e-01 5.892148017883300781e-01 6.418733596801757812e-01 6.983979940414428711e-01 7.684437036514282227e-01 8.929980993270874023e-01 1.079608201980590820e+00 nan 9.318231344223022461e-01
4.655792713165283203e-01 4.749566316604614258e-01 4.727680683135986328e-01 4.701267480850219727e-01 4.702345132827758789e-01 4.717103242874145508e-01 4.826955795288085938e-01 4.937628507614135742e-01 5.049126148223876953e-01 5.362958908081054688e-01 5.918145179748535156e-01 6.556867361068725586e-01 7.240735292434692383e-01 8.257687091827392578e-01 9.742656946182250977e-01 nan
