nan 9.138336181640625000e-01 8.723105192184448242e-01 8.511934280395507812e-01 8.414300680160522461e-01 8.220639228820800781e-01 8.116974830627441406e-01 7.947331666946411133e-01 7.831714153289794922e-01 8.107031583786010742e-01 8.280303478240966797e-01 8.354538679122924805e-01 8.351473808288574219e-01 7.759969234466552734e-01 7.187529802322387695e-01 6.609206199645996094e-01
9.021024703979492188e-01 nan 9.685661792755126953e-01 9.100455045700073242e-01 8.637984991073608398e-01 8.500025272369384766e-01 8.407961130142211914e-01 8.205649852752685547e-01 7.999294996261596680e-01 7.918123006820678711e-01 7.970144748687744141e-01 8.043119907379150391e-01 8.105254173278808594e-01 7.521685361862182617e-01 6.956926584243774414e-01 6.410369873046875000e-01
8.456877470016479492e-01 9.567911624908447266e-01 nan 1.001299381256103516e+00 9.321497678756713867e-01 8.797163963317871094e-01 8.679413795471191406e-01 8.467687368392944336e-01 8.257021903991699219e-01 7.875283956527709961e-01 7.665249109268188477e-01 7.736985683441162109e-01 7.809013128280639648e-01 7.286598682403564453e-01 6.729416847229003906e-01 6.190193891525268555e-01
7.884221076965332031e-01 8.963327407836914062e-01 1.008771419525146484e+00 nan 1.028707265853881836e+00 9.669344425201416016e-01 8.977048397064208984e-01 8.710111379623413086e-01 8.349428176879882812e-01 7.954677343368530273e-01 7.568989992141723633e-01 7.426588535308837891e-01 7.498363256454467773e-01 7.061799764633178711e-01 6.510931253433227539e-01 5.977849960327148438e-01
7.786319255828857422e-01 8.399100303649902344e-01 9.400640726089477539e-01 1.039279699325561523e+00 nan 1.052974700927734375e+00 9.780144691467285156e-01 8.871859312057495117e-01 8.407807350158691406e-01 7.996288537979125977e-01 7.628314495086669922e-01 7.236890792846679688e-01 7.169253826141357422e-01 6.863796710968017578e-01 6.319321393966674805e-01 5.792425870895385742e-01
7.631518840789794922e-01 8.260074853897094727e-01 8.755748271942138672e-01 9.567399024963378906e-01 1.053437709808349609e+00 nan 1.050384283065795898e+00 9.477332830429077148e-01 8.502212762832641602e-01 8.037996292114257812e-01 7.687839269638061523e-01 7.295092344284057617e-01 6.911066770553588867e-01 6.668092012405395508e-01 6.129935979843139648e-01 5.609153509140014648e-01
7.416114807128906250e-01 8.117815256118774414e-01 8.552377223968505859e-01 8.808882236480712891e-01 9.703246355056762695e-01 1.072598218917846680e+00 nan 1.047424316406250000e+00 9.449213743209838867e-01 8.414838314056396484e-01 7.957882881164550781e-01 7.488067150115966797e-01 7.029615640640258789e-01 6.474659442901611328e-01 5.942747592926025391e-01 5.428010225296020508e-01
7.338904142379760742e-01 7.932466268539428711e-01 8.312084674835205078e-01 8.565267324447631836e-01 8.767865896224975586e-01 9.565167427062988281e-01 1.070677757263183594e+00 nan 1.044468641281127930e+00 9.330213069915771484e-01 8.358504772186279297e-01 7.883472442626953125e-01 7.414653301239013672e-01 6.956117153167724609e-01 5.985985994338989258e-01 5.406397581100463867e-01
7.549744844436645508e-01 7.718055248260498047e-01 7.998454570770263672e-01 8.144559860229492188e-01 8.218877315521240234e-01 8.414181470870971680e-01 9.488632678985595703e-01 1.062996625900268555e+00 nan 1.030209302902221680e+00 9.158889055252075195e-01 8.287816047668457031e-01 7.808398008346557617e-01 7.341549396514892578e-01 6.392216682434082031e-01 5.519497394561767578e-01
7.763150930404663086e-01 7.801363468170166016e-01 7.615555524826049805e-01 7.653946876525878906e-01 7.738819122314453125e-01 7.840893268585205078e-01 8.342149257659912109e-01 9.412397146224975586e-01 1.080912590026855469e+00 nan 1.012165784835815430e+00 8.957934379577636719e-01 8.211045265197753906e-01 7.733640670776367188e-01 6.885902881622314453e-01 5.847067832946777344e-01
7.905957698822021484e-01 7.823299169540405273e-01 7.490887641906738281e-01 7.162650823593139648e-01 7.142043113708496094e-01 7.260059118270874023e-01 7.745701074600219727e-01 8.270398378372192383e-01 9.336459636688232422e-01 1.096422195434570312e+00 nan 9.912052154541015625e-01 8.756105899810791016e-01 8.134597539901733398e-01 7.394455671310424805e-01 6.324335336685180664e-01
7.741760015487670898e-01 7.597012519836425781e-01 7.367103099822998047e-01 7.041189670562744141e-01 6.721390485763549805e-01 6.644983291625976562e-01 7.070912122726440430e-01 7.565820217132568359e-01 8.089920282363891602e-01 9.352289438247680664e-01 1.078925371170043945e+00 nan 9.700064659118652344e-01 8.556427955627441406e-01 7.918324470520019531e-01 6.815977096557617188e-01
5.692362785339355469e-01 6.761465072631835938e-01 6.810907125473022461e-01 6.583657264709472656e-01 6.359478235244750977e-01 6.138330698013305664e-01 6.371006965637207031e-01 6.897870302200317383e-01 7.387762069702148438e-01 7.896865606307983398e-01 9.160281419754028320e-01 1.043041944503784180e+00 nan 9.490337371826171875e-01 8.457971811294555664e-01 7.322423458099365234e-01
5.370955467224121094e-01 5.340970754623413086e-01 5.587108135223388672e-01 6.048901081085205078e-01 5.831952095031738281e-01 5.617935657501220703e-01 5.689266920089721680e-01 5.958615541458129883e-01 6.487404108047485352e-01 7.033714056015014648e-01 7.624485492706298828e-01 8.759132623672485352e-01 1.022952079772949219e+00 nan 9.282842874526977539e-01 7.844123840332031250e-01
5.010315179824829102e-01 5.024594068527221680e-01 4.966149330139160156e-01 4.950883388519287109e-01 5.321435928344726562e-01 5.114320516586303711e-01 5.207515954971313477e-01 5.318354368209838867e-01 5.556614398956298828e-01 6.072082519531250000e-01 6.629869937896728516e-01 7.232528924942016602e-01 8.058601617813110352e-01 9.209457635879516602e-01 nan 8.615542650222778320e-01
4.547504186630249023e-01 4.640585184097290039e-01 4.625520706176757812e-01 4.596787691116333008e-01 4.597856998443603516e-01 4.609621763229370117e-01 4.718672037124633789e-01 4.828536510467529297e-01 4.939221143722534180e-01 5.050731897354125977e-01 5.576455593109130859e-01 6.160870790481567383e-01 6.828382015228271484e-01 7.523463964462280273e-01 8.392382860183715820e-01 nan
