nan 1.035928487777709961e+00 9.917564392089843750e-01 9.365921020507812500e-01 9.165776968002319336e-01 8.886359930038452148e-01 8.568320274353027344e-01 8.255634307861328125e-01 7.948216199874877930e-01 8.016139268875122070e-01 8.100957870483398438e-01 8.232353925704956055e-01 8.225015401840209961e-01 7.637586593627929688e-01 7.069091796875000000e-01 6.470211744308471680e-01
1.001024246215820312e+00 nan 1.094152688980102539e+00 1.029192924499511719e+00 9.572906494140625000e-01 9.084391593933105469e-01 8.763016462326049805e-01 8.447052240371704102e-01 8.131279945373535156e-01 7.714610099792480469e-01 7.850520610809326172e-01 7.923009395599365234e-01 7.980492115020751953e-01 7.400943040847778320e-01 6.840077638626098633e-01 6.297287940979003906e-01
9.200198650360107422e-01 1.065521001815795898e+00 nan 1.126126289367675781e+00 1.047724962234497070e+00 9.615526199340820312e-01 8.959753513336181641e-01 8.640476465225219727e-01 8.251867294311523438e-01 7.820900678634643555e-01 7.547652721405029297e-01 7.618913650512695312e-01 7.690460681915283203e-01 7.167476415634155273e-01 6.614134311676025391e-01 6.078628301620483398e-01
8.440860509872436523e-01 9.826500415802001953e-01 1.125046014785766602e+00 nan 1.139894008636474609e+00 1.049929380416870117e+00 9.637472629547119141e-01 8.848503828048706055e-01 8.374503850936889648e-01 7.910746335983276367e-01 7.580472230911254883e-01 7.315403223037719727e-01 7.386721372604370117e-01 6.939609050750732422e-01 6.392685174942016602e-01 5.863422155380249023e-01
7.860143184661865234e-01 8.998805284500122070e-01 1.027983903884887695e+00 1.143404960632324219e+00 nan 1.150315046310424805e+00 1.050328493118286133e+00 9.576050043106079102e-01 8.408724069595336914e-01 7.954277992248535156e-01 7.639834880828857422e-01 7.248156070709228516e-01 7.059710025787353516e-01 6.743024587631225586e-01 6.202449798583984375e-01 5.679327249526977539e-01
7.711129188537597656e-01 8.354637622833251953e-01 9.353555440902709961e-01 1.041007280349731445e+00 1.169787168502807617e+00 nan 1.168635129928588867e+00 1.033896684646606445e+00 9.112527370452880859e-01 8.129794597625732422e-01 7.699398994445800781e-01 7.306395769119262695e-01 6.922119855880737305e-01 6.548721790313720703e-01 6.014419794082641602e-01 5.497367382049560547e-01
7.495294809341430664e-01 8.179823160171508789e-01 8.680530786514282227e-01 9.440945386886596680e-01 1.051956415176391602e+00 1.191023349761962891e+00 nan 1.130358219146728516e+00 1.007346391677856445e+00 8.969404697418212891e-01 8.085989952087402344e-01 7.611864805221557617e-01 7.150167226791381836e-01 6.563866138458251953e-01 5.857006311416625977e-01 5.317521095275878906e-01
7.252697944641113281e-01 7.993839979171752930e-01 8.374209403991699219e-01 8.569999933242797852e-01 9.360758066177368164e-01 1.043792009353637695e+00 1.159689426422119141e+00 nan 1.108271837234497070e+00 9.922649860382080078e-01 8.777107000350952148e-01 8.010067939758300781e-01 7.537931203842163086e-01 7.062718868255615234e-01 6.013008356094360352e-01 5.394281148910522461e-01
7.402790784835815430e-01 7.705676555633544922e-01 7.994809150695800781e-01 8.169724941253662109e-01 8.301198482513427734e-01 9.163571596145629883e-01 1.028174877166748047e+00 1.161057233810424805e+00 nan 1.092379570007324219e+00 9.722124338150024414e-01 8.577204942703247070e-01 7.934463024139404297e-01 7.464307546615600586e-01 6.495271921157836914e-01 5.507291555404663086e-01
7.614408731460571289e-01 7.578656673431396484e-01 7.553598880767822266e-01 7.746282815933227539e-01 7.818970680236816406e-01 8.063006401062011719e-01 9.088608026504516602e-01 1.020241022109985352e+00 1.179824590682983398e+00 nan 1.071411848068237305e+00 9.512161016464233398e-01 8.379430770874023438e-01 7.859175205230712891e-01 6.992061138153076172e-01 5.946696996688842773e-01
7.682164907455444336e-01 7.607644796371459961e-01 7.409894466400146484e-01 7.156971693038940430e-01 7.275090217590332031e-01 7.516800165176391602e-01 8.002084493637084961e-01 9.013936519622802734e-01 1.016273260116577148e+00 1.194702148437500000e+00 nan 1.049417018890380859e+00 9.304431676864624023e-01 8.262970447540283203e-01 7.503811120986938477e-01 6.426964998245239258e-01
7.520034313201904297e-01 7.515869140625000000e-01 7.286682128906250000e-01 6.962276697158813477e-01 6.659477949142456055e-01 6.850715875625610352e-01 7.339239120483398438e-01 7.841924428939819336e-01 8.886891603469848633e-01 1.029490709304809570e+00 1.172889471054077148e+00 nan 1.027598619461059570e+00 9.098917245864868164e-01 8.030972480773925781e-01 6.921695470809936523e-01
5.730395317077636719e-01 6.831270456314086914e-01 6.733076572418212891e-01 6.506878137588500977e-01 6.283737421035766602e-01 6.121051311492919922e-01 6.628342866897583008e-01 7.163476943969726562e-01 7.661067247390747070e-01 8.677606582641601562e-01 9.940860271453857422e-01 1.158668041229248047e+00 nan 1.006012916564941406e+00 8.871730566024780273e-01 7.431325912475585938e-01
5.410811901092529297e-01 5.380787849426269531e-01 5.651727914810180664e-01 5.974597930908203125e-01 5.758653879165649414e-01 5.626041889190673828e-01 5.739930868148803711e-01 6.209470033645629883e-01 6.746569871902465820e-01 7.306777238845825195e-01 8.236689567565917969e-01 9.602931737899780273e-01 1.147935390472412109e+00 nan 9.846568107604980469e-01 8.098548650741577148e-01
5.045802593231201172e-01 5.063589811325073242e-01 5.004993677139282227e-01 4.990240335464477539e-01 5.250500440597534180e-01 5.146232843399047852e-01 5.256624221801757812e-01 5.367820262908935547e-01 5.801149606704711914e-01 6.330091953277587891e-01 6.911809444427490234e-01 7.613041400909423828e-01 8.853557109832763672e-01 1.049644947052001953e+00 nan 9.077695608139038086e-01
4.579423666000366211e-01 4.672708511352539062e-01 4.660993814468383789e-01 4.632729291915893555e-01 4.633800983428955078e-01 4.654312133789062500e-01 4.763696193695068359e-01 4.873896837234497070e-01 4.984920024871826172e-01 5.246572494506835938e-01 5.815459489822387695e-01 6.427062749862670898e-01 7.105569839477539062e-01 8.094589710235595703e-01 9.455838203430175781e-01 nan
