nan 1.015961885452270508e+00 9.855790138244628906e-01 9.556541442871093750e-01 9.261802434921264648e-01 9.112774133682250977e-01 9.030959606170654297e-01 8.892171382904052734e-01 8.738489151000976562e-01 8.519461154937744141e-01 8.302992582321166992e-01 8.089054822921752930e-01 8.009318113327026367e-01 8.131141662597656250e-01 8.089948892593383789e-01 8.174765110015869141e-01 0.000000000000000000e+00 0.000000000000000000e+00 0.000000000000000000e+00 0.000000000000000000e+00 0.000000000000000000e+00 0.000000000000000000e+00
9.908654689788818359e-01 nan 1.055701971054077148e+00 1.024720191955566406e+00 9.935064315795898438e-01 9.465023279190063477e-01 9.190706014633178711e-01 9.050751924514770508e-01 8.874295949935913086e-01 8.653680086135864258e-01 8.435642719268798828e-01 8.220152854919433594e-01 8.007183074951171875e-01 7.951120138168334961e-01 7.910398244857788086e-01 7.960718870162963867e-01 0.000000000000000000e+00 0.000000000000000000e+00 0.000000000000000000e+00 0.000000000000000000e+00 0.000000000000000000e+00 0.000000000000000000e+00
9.356073141098022461e-01 1.033960580825805664e+00 nan 1.096225500106811523e+00 1.059023141860961914e+00 1.010166168212890625e+00 9.598952531814575195e-01 9.210665225982666016e-01 9.011086225509643555e-01 8.788871765136718750e-01 8.569253683090209961e-01 8.352203369140625000e-01 8.137689828872680664e-01 7.830249071121215820e-01 7.699464559555053711e-01 7.749192714691162109e-01 0.000000000000000000e+00 0.000000000000000000e+00 0.000000000000000000e+00 0.000000000000000000e+00 0.000000000000000000e+00 0.000000000000000000e+00
8.819187879562377930e-01 9.777866601943969727e-01 1.078537940979003906e+00 nan 1.126693248748779297e+00 1.075439691543579102e+00 1.023536443710327148e+00 9.729312658309936523e-01 9.154117107391357422e-01 8.925044536590576172e-01 8.703833818435668945e-01 8.485211133956909180e-01 8.245240449905395508e-01 7.867827415466308594e-01 7.571356296539306641e-01 7.540158033370971680e-01 0.000000000000000000e+00 0.000000000000000000e+00 0.000000000000000000e+00 0.000000000000000000e+00 0.000000000000000000e+00 0.000000000000000000e+00
8.340382575988769531e-01 9.242116212844848633e-01 1.022101402282714844e+00 1.124971151351928711e+00 nan 1.143437862396240234e+00 1.089697122573852539e+00 1.034901142120361328e+00 9.752836227416992188e-01 9.174128770828247070e-01 8.839389085769653320e-01 8.616906404495239258e-01 8.258197307586669922e-01 7.936937808990478516e-01 7.652223110198974609e-01 7.378726005554199219e-01 0.000000000000000000e+00 0.000000000000000000e+00 0.000000000000000000e+00 0.000000000000000000e+00 0.000000000000000000e+00 0.000000000000000000e+00
7.871613502502441406e-01 8.716067075729370117e-01 9.700289964675903320e-01 1.068295478820800781e+00 1.154741287231445312e+00 nan 1.159879207611083984e+00 1.096600294113159180e+00 1.035175323486328125e+00 9.755498170852661133e-01 9.176710844039916992e-01 8.621120452880859375e-01 8.290892839431762695e-01 7.970306873321533203e-01 7.699224948883056641e-01 7.426210641860961914e-01 0.000000000000000000e+00 0.000000000000000000e+00 0.000000000000000000e+00 0.000000000000000000e+00 0.000000000000000000e+00 0.000000000000000000e+00
7.681847810745239258e-01 8.172482252120971680e-01 9.127191305160522461e-01 1.004802227020263672e+00 1.086853265762329102e+00 1.165486574172973633e+00 nan 1.165075302124023438e+00 1.096882581710815430e+00 1.035449266433715820e+00 9.571108818054199219e-01 8.764855861663818359e-01 8.320230245590209961e-01 7.999130487442016602e-01 7.730671167373657227e-01 7.466926574707031250e-01 0.000000000000000000e+00 0.000000000000000000e+00 0.000000000000000000e+00 0.000000000000000000e+00 0.000000000000000000e+00 0.000000000000000000e+00
7.536004781723022461e-01 8.010634183883666992e-01 8.570766448974609375e-01 9.409532546997070312e-01 1.017740964889526367e+00 1.091273784637451172e+00 1.183904886245727539e+00 nan 1.177828550338745117e+00 1.092428207397460938e+00 1.004325866699218750e+00 9.215933084487915039e-01 8.507729768753051758e-01 8.063523769378662109e-01 7.760494947433471680e-01 7.507736682891845703e-01 0.000000000000000000e+00 0.000000000000000000e+00 0.000000000000000000e+00 0.000000000000000000e+00 0.000000000000000000e+00 0.000000000000000000e+00
7.387779951095581055e-01 7.916308641433715820e-01 8.373585939407348633e-01 8.805274963378906250e-01 9.509174823760986328e-01 1.022015094757080078e+00 1.101095914840698242e+00 1.202479124069213867e+00 nan 1.161928892135620117e+00 1.070899963378906250e+00 9.891592264175415039e-01 9.147064685821533203e-01 8.413836956024169922e-01 8.015874624252319336e-01 7.697867155075073242e-01 0.000000000000000000e+00 0.000000000000000000e+00 0.000000000000000000e+00 0.000000000000000000e+00 0.000000000000000000e+00 0.000000000000000000e+00
7.231640815734863281e-01 7.798435688018798828e-01 8.221254348754882812e-01 8.594486713409423828e-01 8.863071203231811523e-01 9.550499916076660156e-01 1.026298046112060547e+00 1.111494302749633789e+00 1.194365024566650391e+00 nan 1.139685869216918945e+00 1.059101104736328125e+00 9.808485507965087891e-01 9.049930572509765625e-01 8.308736085891723633e-01 7.973939180374145508e-01 0.000000000000000000e+00 0.000000000000000000e+00 0.000000000000000000e+00 0.000000000000000000e+00 0.000000000000000000e+00 0.000000000000000000e+00
7.067170143127441406e-01 7.647991180419921875e-01 8.091999292373657227e-01 8.374294042587280273e-01 8.568934202194213867e-01 8.903028964996337891e-01 9.504499435424804688e-01 1.013617992401123047e+00 1.091996669769287109e+00 1.173426628112792969e+00 nan 1.130876541137695312e+00 1.049275875091552734e+00 9.707998037338256836e-01 8.940873146057128906e-01 8.254315853118896484e-01 0.000000000000000000e+00 0.000000000000000000e+00 0.000000000000000000e+00 0.000000000000000000e+00 0.000000000000000000e+00 0.000000000000000000e+00
7.210581302642822266e-01 7.498819828033447266e-01 7.944022417068481445e-01 8.209207057952880859e-01 8.345062732696533203e-01 8.456320762634277344e-01 8.644653558731079102e-01 9.236118793487548828e-01 1.000636816024780273e+00 1.080745935440063477e+00 1.164062738418579102e+00 nan 1.120066404342651367e+00 1.038879394531250000e+00 9.594832658767700195e-01 8.805636167526245117e-01 0.000000000000000000e+00 0.000000000000000000e+00 0.000000000000000000e+00 0.000000000000000000e+00 0.000000000000000000e+00 0.000000000000000000e+00
7.354453802108764648e-01 7.537082433700561523e-01 7.729417085647583008e-01 7.949775457382202148e-01 8.067061901092529297e-01 8.118259906768798828e-01 8.169604539871215820e-01 8.445403575897216797e-01 9.183990955352783203e-01 9.952152967453002930e-01 1.075107336044311523e+00 1.170935153961181641e+00 nan 1.109311103820800781e+00 1.027137279510498047e+00 9.455904960632324219e-01 0.000000000000000000e+00 0.000000000000000000e+00 0.000000000000000000e+00 0.000000000000000000e+00 0.000000000000000000e+00 0.000000000000000000e+00
7.491431236267089844e-01 7.665653228759765625e-01 7.598011493682861328e-01 7.614400386810302734e-01 7.706916332244873047e-01 7.786391973495483398e-01 7.836794853210449219e-01 7.951306104660034180e-01 8.395421504974365234e-01 9.132007360458374023e-01 9.898087978363037109e-01 1.069484233856201172e+00 1.176804304122924805e+00 nan 1.097126960754394531e+00 1.012866258621215820e+00 0.000000000000000000e+00 0.000000000000000000e+00 0.000000000000000000e+00 0.000000000000000000e+00 0.000000000000000000e+00 0.000000000000000000e+00
7.629489898681640625e-01 7.684392929077148438e-01 7.614074945449829102e-01 7.406567335128784180e-01 7.267637252807617188e-01 7.349851131439208984e-01 7.432458400726318359e-01 7.547924518585205078e-01 7.898575067520141602e-01 8.345574140548706055e-01 9.080164432525634766e-01 9.844167232513427734e-01 1.074153661727905273e+00 1.182690143585205078e+00 nan 1.082468271255493164e+00 0.000000000000000000e+00 0.000000000000000000e+00 0.000000000000000000e+00 0.000000000000000000e+00 0.000000000000000000e+00 0.000000000000000000e+00
7.734391689300537109e-01 7.703152894973754883e-01 7.549861669540405273e-01 7.321190834045410156e-01 7.095499038696289062e-01 6.919430494308471680e-01 6.999988555908203125e-01 7.083221673965454102e-01 7.424587011337280273e-01 7.772773504257202148e-01 8.233811855316162109e-01 9.000372886657714844e-01 9.790393114089965820e-01 1.086607456207275391e+00 1.177521228790283203e+00 nan 0.000000000000000000e+00 0.000000000000000000e+00 0.000000000000000000e+00 0.000000000000000000e+00 0.000000000000000000e+00 0.000000000000000000e+00
7.548816204071044922e-01 7.513949871063232422e-01 7.383491992950439453e-01 7.223707437515258789e-01 7.011647224426269531e-01 6.789988279342651367e-01 6.578246355056762695e-01 6.657179594039916992e-01 6.963149309158325195e-01 7.302114963531494141e-01 7.647855281829833984e-01 8.098871707916259766e-01 8.859760761260986328e-01 9.685014486312866211e-01 1.082902908325195312e+00 1.151764392852783203e+00 nan 0.000000000000000000e+00 0.000000000000000000e+00 0.000000000000000000e+00 0.000000000000000000e+00 0.000000000000000000e+00
5.993251800537109375e-01 7.124146223068237305e-01 6.986784934997558594e-01 6.837267875671386719e-01 6.679365634918212891e-01 6.522942781448364258e-01 6.367987394332885742e-01 6.214485168457031250e-01 6.513471603393554688e-01 6.843920946121215820e-01 7.180504798889160156e-01 7.523813247680664062e-01 7.964930534362792969e-01 8.720189332962036133e-01 9.601272344589233398e-01 1.057678699493408203e+00 0.000000000000000000e+00 nan 0.000000000000000000e+00 0.000000000000000000e+00 0.000000000000000000e+00 0.000000000000000000e+00
5.516585111618041992e-01 5.515959262847900391e-01 6.322021484375000000e-01 6.459499597549438477e-01 6.305139064788818359e-01 6.152225732803344727e-01 6.000747680664062500e-01 5.850689411163330078e-01 5.904972553253173828e-01 6.224358081817626953e-01 6.594668626785278320e-01 6.973431110382080078e-01 7.360837459564208984e-01 7.831981182098388672e-01 8.562587499618530273e-01 9.363901615142822266e-01 0.000000000000000000e+00 0.000000000000000000e+00 nan 0.000000000000000000e+00 0.000000000000000000e+00 0.000000000000000000e+00
5.295865535736083984e-01 5.289026498794555664e-01 5.258004665374755859e-01 5.522611141204833984e-01 5.939309597015380859e-01 5.789828300476074219e-01 5.641747713088989258e-01 5.495057106018066406e-01 5.565248727798461914e-01 5.643700361251831055e-01 5.940306186676025391e-01 6.304132938385009766e-01 6.676262617111206055e-01 7.056888341903686523e-01 7.458797693252563477e-01 8.177320957183837891e-01 0.000000000000000000e+00 0.000000000000000000e+00 0.000000000000000000e+00 nan 0.000000000000000000e+00 0.000000000000000000e+00
5.056980848312377930e-01 5.065412521362304688e-01 5.039461851119995117e-01 4.998935461044311523e-01 4.985195398330688477e-01 5.435559749603271484e-01 5.290802717208862305e-01 5.156390666961669922e-01 5.232781171798706055e-01 5.309555530548095703e-01 5.386718511581420898e-01 5.661227703094482422e-01 6.018683910369873047e-01 6.384299993515014648e-01 6.770619153976440430e-01 7.181979417800903320e-01 0.000000000000000000e+00 0.000000000000000000e+00 0.000000000000000000e+00 0.000000000000000000e+00 nan 0.000000000000000000e+00
4.757376909255981445e-01 4.822683334350585938e-01 4.820116758346557617e-01 4.781968593597412109e-01 4.758758544921875000e-01 4.758069515228271484e-01 4.947730302810668945e-01 4.832655191421508789e-01 4.907413721084594727e-01 4.982548952102661133e-01 5.058063268661499023e-01 5.133959054946899414e-01 5.387034416198730469e-01 5.738233327865600586e-01 6.109565496444702148e-01 6.504712104797363281e-01 0.000000000000000000e+00 0.000000000000000000e+00 0.000000000000000000e+00 0.000000000000000000e+00 0.000000000000000000e+00 nan
