nan 1.032476663589477539e+00 1.002085208892822266e+00 9.721477031707763672e-01 9.426580667495727539e-01 9.194751977920532227e-01 9.103169441223144531e-01 8.963854312896728516e-01 8.825554847717285156e-01 8.613398075103759766e-01 8.395830392837524414e-01 8.180807828903198242e-01 8.023791313171386719e-01 8.145713806152343750e-01 8.017001152038574219e-01 8.104729652404785156e-01 0.000000000000000000e+00 0.000000000000000000e+00 0.000000000000000000e+00 0.000000000000000000e+00 0.000000000000000000e+00 0.000000000000000000e+00
9.887155294418334961e-01 nan 1.073302030563354492e+00 1.042055130004882812e+00 1.011279106140136719e+00 9.640340805053710938e-01 9.263522624969482422e-01 9.123038053512573242e-01 8.970032930374145508e-01 8.748297691345214844e-01 8.529152870178222656e-01 8.312571048736572266e-01 8.098521232604980469e-01 7.980706691741943359e-01 7.841380834579467773e-01 7.891508340835571289e-01 0.000000000000000000e+00 0.000000000000000000e+00 0.000000000000000000e+00 0.000000000000000000e+00 0.000000000000000000e+00 0.000000000000000000e+00
9.337912797927856445e-01 1.032301425933837891e+00 nan 1.114172458648681641e+00 1.077568292617797852e+00 1.028070449829101562e+00 9.773519039154052734e-01 9.283556938171386719e-01 9.107517004013061523e-01 8.884174823760986328e-01 8.663442134857177734e-01 8.445291519165039062e-01 8.229688405990600586e-01 7.953873872756958008e-01 7.631260156631469727e-01 7.680797576904296875e-01 0.000000000000000000e+00 0.000000000000000000e+00 0.000000000000000000e+00 0.000000000000000000e+00 0.000000000000000000e+00 0.000000000000000000e+00
8.803838491439819336e-01 9.761734008789062500e-01 1.076842546463012695e+00 nan 1.145848035812377930e+00 1.093925476074218750e+00 1.041559934616088867e+00 9.905040264129638672e-01 9.349323511123657227e-01 9.021037817001342773e-01 8.798705339431762695e-01 8.578972816467285156e-01 8.346539735794067383e-01 7.927805185317993164e-01 7.557631731033325195e-01 7.472567558288574219e-01 0.000000000000000000e+00 0.000000000000000000e+00 0.000000000000000000e+00 0.000000000000000000e+00 0.000000000000000000e+00 0.000000000000000000e+00
8.301573991775512695e-01 9.232624769210815430e-01 1.021103858947753906e+00 1.123922824859619141e+00 nan 1.163227081298828125e+00 1.108990192413330078e+00 1.055344581604003906e+00 9.951282739639282227e-01 9.366759061813354492e-01 8.939269781112670898e-01 8.716887235641479492e-01 8.322467803955078125e-01 7.995603084564208984e-01 7.638143301010131836e-01 7.365151643753051758e-01 0.000000000000000000e+00 0.000000000000000000e+00 0.000000000000000000e+00 0.000000000000000000e+00 0.000000000000000000e+00 0.000000000000000000e+00
7.829900979995727539e-01 8.736900091171264648e-01 9.694746732711791992e-01 1.068187475204467773e+00 1.153149604797363281e+00 nan 1.181578159332275391e+00 1.117663383483886719e+00 1.055621385574340820e+00 9.953969717025756836e-01 9.369367361068725586e-01 8.729472160339355469e-01 8.335975408554077148e-01 8.024467229843139648e-01 7.679355144500732422e-01 7.406646013259887695e-01 0.000000000000000000e+00 0.000000000000000000e+00 0.000000000000000000e+00 0.000000000000000000e+00 0.000000000000000000e+00 0.000000000000000000e+00
7.659500837326049805e-01 8.191828727722167969e-01 9.148483276367187500e-01 1.008096933364868164e+00 1.089569807052612305e+00 1.165720224380493164e+00 nan 1.189647197723388672e+00 1.117948532104492188e+00 1.055898189544677734e+00 9.779554605484008789e-01 8.964715003967285156e-01 8.375443220138549805e-01 8.053375482559204102e-01 7.720661163330078125e-01 7.447316646575927734e-01 0.000000000000000000e+00 0.000000000000000000e+00 0.000000000000000000e+00 0.000000000000000000e+00 0.000000000000000000e+00 0.000000000000000000e+00
7.510231733322143555e-01 7.997086048126220703e-01 8.591437339782714844e-01 9.441429376602172852e-01 1.020367622375488281e+00 1.093996286392211914e+00 1.183863639831542969e+00 nan 1.202545166015625000e+00 1.117061138153076172e+00 1.027921676635742188e+00 9.425354003906250000e-01 8.673391342163085938e-01 8.138073682785034180e-01 7.801641225814819336e-01 7.488081455230712891e-01 0.000000000000000000e+00 0.000000000000000000e+00 0.000000000000000000e+00 0.000000000000000000e+00 0.000000000000000000e+00 0.000000000000000000e+00
7.362223863601684570e-01 7.902833223342895508e-01 8.423203229904174805e-01 8.865063190460205078e-01 9.534573554992675781e-01 1.024647474288940430e+00 1.101056575775146484e+00 1.202437877655029297e+00 nan 1.187380313873291016e+00 1.095279693603515625e+00 1.007057428359985352e+00 9.318450689315795898e-01 8.578660488128662109e-01 8.079330921173095703e-01 7.749871015548706055e-01 0.000000000000000000e+00 0.000000000000000000e+00 0.000000000000000000e+00 0.000000000000000000e+00 0.000000000000000000e+00 0.000000000000000000e+00
7.208253145217895508e-01 7.772276401519775391e-01 8.233436346054077148e-01 8.653601408004760742e-01 8.887627124786376953e-01 9.575951099395751953e-01 1.028935909271240234e+00 1.112338304519653320e+00 1.195242166519165039e+00 nan 1.164875268936157227e+00 1.074732780456542969e+00 9.985791444778442383e-01 9.220447540283203125e-01 8.481113910675048828e-01 8.026753664016723633e-01 0.000000000000000000e+00 0.000000000000000000e+00 0.000000000000000000e+00 0.000000000000000000e+00 0.000000000000000000e+00 0.000000000000000000e+00
7.053937911987304688e-01 7.622053623199462891e-01 8.084678649902343750e-01 8.393956422805786133e-01 8.614286184310913086e-01 8.927636146545410156e-01 9.559358358383178711e-01 1.016882419586181641e+00 1.096039772033691406e+00 1.177801132202148438e+00 nan 1.147683382034301758e+00 1.067618846893310547e+00 9.884402751922607422e-01 9.119201898574829102e-01 8.345338106155395508e-01 0.000000000000000000e+00 0.000000000000000000e+00 0.000000000000000000e+00 0.000000000000000000e+00 0.000000000000000000e+00 0.000000000000000000e+00
7.197237014770507812e-01 7.473100423812866211e-01 7.925564050674438477e-01 8.192822933197021484e-01 8.360333442687988281e-01 8.498823642730712891e-01 8.648526668548583984e-01 9.207336902618408203e-01 9.976434707641601562e-01 1.077632665634155273e+00 1.160825014114379883e+00 nan 1.139042854309082031e+00 1.057129621505737305e+00 9.779318571090698242e-01 8.979692459106445312e-01 0.000000000000000000e+00 0.000000000000000000e+00 0.000000000000000000e+00 0.000000000000000000e+00 0.000000000000000000e+00 0.000000000000000000e+00
7.340847253799438477e-01 7.525000572204589844e-01 7.731934785842895508e-01 7.958310842514038086e-01 8.085430860519409180e-01 8.136744499206542969e-01 8.188141584396362305e-01 8.417805433273315430e-01 9.155288934707641602e-01 9.922300577163696289e-01 1.072002649307250977e+00 1.163487434387207031e+00 nan 1.128191709518432617e+00 1.046222925186157227e+00 9.635981321334838867e-01 0.000000000000000000e+00 0.000000000000000000e+00 0.000000000000000000e+00 0.000000000000000000e+00 0.000000000000000000e+00 0.000000000000000000e+00
7.477717399597167969e-01 7.660533189773559570e-01 7.609875202178955078e-01 7.616195678710937500e-01 7.714470624923706055e-01 7.798812389373779297e-01 7.854993343353271484e-01 7.942694425582885742e-01 8.367897272109985352e-01 9.103380441665649414e-01 9.868315458297729492e-01 1.066387891769409180e+00 1.176477670669555664e+00 nan 1.116871595382690430e+00 1.031496286392211914e+00 0.000000000000000000e+00 0.000000000000000000e+00 0.000000000000000000e+00 0.000000000000000000e+00 0.000000000000000000e+00 0.000000000000000000e+00
7.615667581558227539e-01 7.698072195053100586e-01 7.624462842941284180e-01 7.422351837158203125e-01 7.275004386901855469e-01 7.357254028320312500e-01 7.439895868301391602e-01 7.529107332229614258e-01 7.879382371902465820e-01 8.318123817443847656e-01 9.051614999771118164e-01 9.814475774765014648e-01 1.062074184417724609e+00 1.189545869827270508e+00 nan 1.101742744445800781e+00 0.000000000000000000e+00 0.000000000000000000e+00 0.000000000000000000e+00 0.000000000000000000e+00 0.000000000000000000e+00 0.000000000000000000e+00
7.745119333267211914e-01 7.716846466064453125e-01 7.565776109695434570e-01 7.336896657943725586e-01 7.110999822616577148e-01 6.926649808883666992e-01 7.007240056991577148e-01 7.088215351104736328e-01 7.405902147293090820e-01 7.753715515136718750e-01 8.195735216140747070e-01 8.960696458816528320e-01 9.757816791534423828e-01 1.074455499649047852e+00 1.198453187942504883e+00 nan 0.000000000000000000e+00 0.000000000000000000e+00 0.000000000000000000e+00 0.000000000000000000e+00 0.000000000000000000e+00 0.000000000000000000e+00
7.534116506576538086e-01 7.504886388778686523e-01 7.371672391891479492e-01 7.211631536483764648e-01 7.027072906494140625e-01 6.805213689804077148e-01 6.586244106292724609e-01 6.664286851882934570e-01 6.944960355758666992e-01 7.283561229705810547e-01 7.628930807113647461e-01 8.061077594757080078e-01 8.820377588272094727e-01 9.611600637435913086e-01 1.076343297958374023e+00 1.179405450820922852e+00 nan 0.000000000000000000e+00 0.000000000000000000e+00 0.000000000000000000e+00 0.000000000000000000e+00 0.000000000000000000e+00
5.957572460174560547e-01 7.112441062927246094e-01 6.975235939025878906e-01 6.825463771820068359e-01 6.667671203613281250e-01 6.511359214782714844e-01 6.356512308120727539e-01 6.203117370605468750e-01 6.475795507431030273e-01 6.825859546661376953e-01 7.162082195281982422e-01 7.505023479461669922e-01 7.927416563034057617e-01 8.681098222732543945e-01 9.539544582366943359e-01 1.053204059600830078e+00 0.000000000000000000e+00 nan 0.000000000000000000e+00 0.000000000000000000e+00 0.000000000000000000e+00 0.000000000000000000e+00
5.489128828048706055e-01 5.486866235733032227e-01 6.283020973205566406e-01 6.447960138320922852e-01 6.293708086013793945e-01 6.140903234481811523e-01 5.989530086517333984e-01 5.839576721191406250e-01 5.874054431915283203e-01 6.187342405319213867e-01 6.556807756423950195e-01 6.934704780578613281e-01 7.321228981018066406e-01 7.775378227233886719e-01 8.534849882125854492e-01 9.302921295166015625e-01 0.000000000000000000e+00 0.000000000000000000e+00 nan 0.000000000000000000e+00 0.000000000000000000e+00 0.000000000000000000e+00
5.268799066543579102e-01 5.260359048843383789e-01 5.229476690292358398e-01 5.485520362854003906e-01 5.928134918212890625e-01 5.778758525848388672e-01 5.630781650543212891e-01 5.484193563461303711e-01 5.534989833831787109e-01 5.613288879394531250e-01 5.903937816619873047e-01 6.266934871673583984e-01 6.638215780258178711e-01 7.017973661422729492e-01 7.411832809448242188e-01 8.116908073425292969e-01 0.000000000000000000e+00 0.000000000000000000e+00 0.000000000000000000e+00 nan 0.000000000000000000e+00 0.000000000000000000e+00
5.034927129745483398e-01 5.037163496017456055e-01 5.011341571807861328e-01 4.970891475677490234e-01 4.957801103591918945e-01 5.424739122390747070e-01 5.280082225799560547e-01 5.136783123016357422e-01 5.203168392181396484e-01 5.279794931411743164e-01 5.356807708740234375e-01 5.625495910644531250e-01 5.982136726379394531e-01 6.346918344497680664e-01 6.725505590438842773e-01 7.135759592056274414e-01 0.000000000000000000e+00 0.000000000000000000e+00 0.000000000000000000e+00 0.000000000000000000e+00 nan 0.000000000000000000e+00
4.732776880264282227e-01 4.797973632812500000e-01 4.790973663330078125e-01 4.752900600433349609e-01 4.730350971221923828e-01 4.731090068817138672e-01 4.930144548416137695e-01 4.803820848464965820e-01 4.878433942794799805e-01 4.953423738479614258e-01 5.028791427612304688e-01 5.104539394378662109e-01 5.351928472518920898e-01 5.702325105667114258e-01 6.066230535507202148e-01 6.460313796997070312e-01 0.000000000000000000e+00 0.000000000000000000e+00 0.000000000000000000e+00 0.000000000000000000e+00 0.000000000000000000e+00 nan
