nan 1.083896160125732422e+00 1.031866550445556641e+00 1.001483678817749023e+00 9.715555906295776367e-01 9.322158098220825195e-01 9.225447177886962891e-01 9.087435007095336914e-01 8.950414657592773438e-01 8.784165382385253906e-01 8.565583229064941406e-01 8.349546194076538086e-01 8.145890235900878906e-01 8.244892358779907227e-01 8.109556436538696289e-01 8.012217283248901367e-01 0.000000000000000000e+00 0.000000000000000000e+00 0.000000000000000000e+00 0.000000000000000000e+00 0.000000000000000000e+00 0.000000000000000000e+00
1.010029315948486328e+00 nan 1.112166166305541992e+00 1.073274850845336914e+00 1.042273044586181641e+00 9.958117008209228516e-01 9.462466239929199219e-01 9.257518053054809570e-01 9.119275808334350586e-01 8.924754858016967773e-01 8.704538345336914062e-01 8.486883640289306641e-01 8.303251266479492188e-01 8.225030899047851562e-01 8.070319890975952148e-01 7.806081771850585938e-01 0.000000000000000000e+00 0.000000000000000000e+00 0.000000000000000000e+00 0.000000000000000000e+00 0.000000000000000000e+00 0.000000000000000000e+00
9.555602073669433594e-01 1.055425882339477539e+00 nan 1.147641181945800781e+00 1.112057209014892578e+00 1.061839580535888672e+00 1.010517597198486328e+00 9.604728221893310547e-01 9.289643764495849609e-01 9.066399335861206055e-01 8.844534158706665039e-01 8.658089637756347656e-01 8.584876060485839844e-01 8.440562486648559570e-01 7.800123691558837891e-01 7.602301836013793945e-01 0.000000000000000000e+00 0.000000000000000000e+00 0.000000000000000000e+00 0.000000000000000000e+00 0.000000000000000000e+00 0.000000000000000000e+00
9.025670289993286133e-01 9.997262954711914062e-01 1.101847410202026367e+00 nan 1.182635307312011719e+00 1.129927873611450195e+00 1.076910972595214844e+00 1.025213718414306641e+00 9.721378087997436523e-01 9.209103584289550781e-01 9.019807577133178711e-01 8.945175409317016602e-01 8.870834112167358398e-01 8.502212762832641602e-01 7.761005163192749023e-01 7.400856018066406250e-01 0.000000000000000000e+00 0.000000000000000000e+00 0.000000000000000000e+00 0.000000000000000000e+00 0.000000000000000000e+00 0.000000000000000000e+00
8.528575897216796875e-01 9.473508596420288086e-01 1.046663045883178711e+00 1.151040077209472656e+00 nan 1.201739549636840820e+00 1.146794557571411133e+00 1.093220949172973633e+00 1.033954858779907227e+00 9.757543802261352539e-01 9.333176612854003906e-01 9.225447177886962891e-01 8.952077627182006836e-01 8.466459512710571289e-01 7.846690416336059570e-01 7.340544462203979492e-01 0.000000000000000000e+00 0.000000000000000000e+00 0.000000000000000000e+00 0.000000000000000000e+00 0.000000000000000000e+00 0.000000000000000000e+00
8.064905405044555664e-01 8.986192941665649414e-01 9.954462051391601562e-01 1.097048997879028320e+00 1.184957504272460938e+00 nan 1.228763341903686523e+00 1.159305095672607422e+00 1.096163749694824219e+00 1.039397954940795898e+00 9.955941438674926758e-01 9.345078468322753906e-01 8.834173679351806641e-01 8.351198434829711914e-01 7.786859273910522461e-01 7.347332239151000977e-01 0.000000000000000000e+00 0.000000000000000000e+00 0.000000000000000000e+00 0.000000000000000000e+00 0.000000000000000000e+00 0.000000000000000000e+00
7.748062610626220703e-01 8.505263328552246094e-01 9.455108642578125000e-01 1.039730787277221680e+00 1.124426841735839844e+00 1.210932970046997070e+00 nan 1.244348764419555664e+00 1.168568372726440430e+00 1.105091571807861328e+00 1.045873880386352539e+00 9.599674940109252930e-01 8.754255771636962891e-01 8.236660957336425781e-01 7.727230787277221680e-01 7.392569780349731445e-01 0.000000000000000000e+00 0.000000000000000000e+00 0.000000000000000000e+00 0.000000000000000000e+00 0.000000000000000000e+00 0.000000000000000000e+00
7.540813684463500977e-01 8.185200691223144531e-01 8.917709589004516602e-01 9.798904657363891602e-01 1.057136774063110352e+00 1.132228374481201172e+00 1.230241775512695312e+00 nan 1.258079528808593750e+00 1.185894250869750977e+00 1.092088699340820312e+00 1.002308845520019531e+00 9.129295349121093750e-01 8.244560956954956055e-01 7.855188846588134766e-01 7.529474496841430664e-01 0.000000000000000000e+00 0.000000000000000000e+00 0.000000000000000000e+00 0.000000000000000000e+00 0.000000000000000000e+00 0.000000000000000000e+00
7.335983514785766602e-01 8.031766414642333984e-01 8.622190952301025391e-01 9.173272848129272461e-01 9.895198345184326172e-01 1.062143087387084961e+00 1.146072387695312500e+00 1.249719142913818359e+00 nan 1.251919507980346680e+00 1.156126499176025391e+00 1.065427780151367188e+00 9.737796783447265625e-01 8.850286006927490234e-01 8.136941194534301758e-01 7.806451320648193359e-01 0.000000000000000000e+00 0.000000000000000000e+00 0.000000000000000000e+00 0.000000000000000000e+00 0.000000000000000000e+00 0.000000000000000000e+00
7.185269594192504883e-01 7.839335203170776367e-01 8.447437286376953125e-01 8.865243196487426758e-01 9.241255521774291992e-01 9.943616390228271484e-01 1.067161798477172852e+00 1.164814710617065430e+00 1.250644207000732422e+00 nan 1.228154420852661133e+00 1.134426116943359375e+00 1.038476467132568359e+00 9.505745172500610352e-01 8.756315708160400391e-01 8.087803125381469727e-01 0.000000000000000000e+00 0.000000000000000000e+00 0.000000000000000000e+00 0.000000000000000000e+00 0.000000000000000000e+00 0.000000000000000000e+00
7.008560895919799805e-01 7.631020545959472656e-01 8.244954347610473633e-01 8.605486154556274414e-01 8.829344511032104492e-01 9.288082122802734375e-01 9.992152452468872070e-01 1.068079471588134766e+00 1.149335384368896484e+00 1.233783721923828125e+00 nan 1.205431461334228516e+00 1.105293989181518555e+00 1.018399715423583984e+00 9.409483671188354492e-01 8.623224496841430664e-01 0.000000000000000000e+00 0.000000000000000000e+00 0.000000000000000000e+00 0.000000000000000000e+00 0.000000000000000000e+00 0.000000000000000000e+00
7.118209600448608398e-01 7.455137968063354492e-01 8.011354207992553711e-01 8.349307775497436523e-01 8.570083379745483398e-01 8.771212100982666016e-01 9.122153520584106445e-01 9.700251817703247070e-01 1.046787023544311523e+00 1.126539707183837891e+00 1.209399938583374023e+00 nan 1.174301624298095703e+00 1.088583230972290039e+00 1.008509635925292969e+00 9.271427392959594727e-01 0.000000000000000000e+00 0.000000000000000000e+00 0.000000000000000000e+00 0.000000000000000000e+00 0.000000000000000000e+00 0.000000000000000000e+00
7.260932922363281250e-01 7.443003654479980469e-01 7.746499776840209961e-01 8.056129217147827148e-01 8.233116865158081055e-01 8.320008516311645508e-01 8.353106975555419922e-01 8.740721940994262695e-01 9.470950365066528320e-01 1.022963285446166992e+00 1.101787567138671875e+00 1.189544200897216797e+00 nan 1.161207199096679688e+00 1.078418016433715820e+00 9.942188262939453125e-01 0.000000000000000000e+00 0.000000000000000000e+00 0.000000000000000000e+00 0.000000000000000000e+00 0.000000000000000000e+00 0.000000000000000000e+00
7.398014068603515625e-01 7.585591077804565430e-01 7.561138868331909180e-01 7.646729946136474609e-01 7.793781757354736328e-01 7.870320081710815430e-01 7.922049760818481445e-01 8.027905225753784180e-01 8.611671924591064453e-01 9.357873201370239258e-01 1.013399124145507812e+00 1.094122886657714844e+00 1.202100276947021484e+00 nan 1.157250165939331055e+00 1.063629865646362305e+00 0.000000000000000000e+00 0.000000000000000000e+00 0.000000000000000000e+00 0.000000000000000000e+00 0.000000000000000000e+00 0.000000000000000000e+00
7.536183595657348633e-01 7.652434110641479492e-01 7.576334476470947266e-01 7.420463562011718750e-01 7.356431484222412109e-01 7.439988851547241211e-01 7.523950338363647461e-01 7.629609107971191406e-01 7.982550859451293945e-01 8.566237688064575195e-01 9.310618638992309570e-01 1.008484363555908203e+00 1.089010715484619141e+00 1.215034246444702148e+00 nan 1.143449068069458008e+00 0.000000000000000000e+00 0.000000000000000000e+00 0.000000000000000000e+00 0.000000000000000000e+00 0.000000000000000000e+00 0.000000000000000000e+00
7.675449848175048828e-01 7.671810388565063477e-01 7.564375400543212891e-01 7.335659265518188477e-01 7.109919786453247070e-01 7.011333703994750977e-01 7.093231678009033203e-01 7.175523042678833008e-01 7.509191036224365234e-01 7.859076261520385742e-01 8.458955287933349609e-01 9.234983921051025391e-01 1.003186702728271484e+00 1.098603963851928711e+00 1.227055072784423828e+00 nan 0.000000000000000000e+00 0.000000000000000000e+00 0.000000000000000000e+00 0.000000000000000000e+00 0.000000000000000000e+00 0.000000000000000000e+00
7.467635869979858398e-01 7.484819889068603516e-01 7.349898815155029297e-01 7.189424037933349609e-01 7.026562690734863281e-01 6.804710626602172852e-01 6.670948266983032227e-01 6.750321388244628906e-01 7.045520544052124023e-01 7.386131286621093750e-01 7.733550071716308594e-01 8.322350978851318359e-01 9.092634916305541992e-01 9.895303249359130859e-01 1.105030536651611328e+00 1.219044685363769531e+00 nan 0.000000000000000000e+00 0.000000000000000000e+00 0.000000000000000000e+00 0.000000000000000000e+00 0.000000000000000000e+00
5.990539789199829102e-01 7.090778350830078125e-01 6.954177618026733398e-01 6.803832054138183594e-01 6.646243333816528320e-01 6.490130424499511719e-01 6.335482597351074219e-01 6.236835718154907227e-01 6.557890176773071289e-01 6.925712823867797852e-01 7.263931035995483398e-01 7.608907222747802734e-01 8.186755180358886719e-01 8.951338529586791992e-01 9.809505939483642578e-01 1.090613842010498047e+00 0.000000000000000000e+00 nan 0.000000000000000000e+00 0.000000000000000000e+00 0.000000000000000000e+00 0.000000000000000000e+00
5.479971170425415039e-01 5.476547479629516602e-01 6.315684318542480469e-01 6.426813602447509766e-01 6.272759437561035156e-01 6.120150089263916016e-01 5.968972444534301758e-01 5.819212198257446289e-01 5.904978513717651367e-01 6.267998218536376953e-01 6.639304161071777344e-01 7.019084692001342773e-01 7.407535314559936523e-01 8.006693124771118164e-01 8.807787895202636719e-01 9.654072523117065430e-01 0.000000000000000000e+00 0.000000000000000000e+00 nan 0.000000000000000000e+00 0.000000000000000000e+00 0.000000000000000000e+00
5.259772539138793945e-01 5.250191688537597656e-01 5.219898223876953125e-01 5.516109466552734375e-01 5.907657146453857422e-01 5.758471488952636719e-01 5.610686540603637695e-01 5.464285612106323242e-01 5.530022382736206055e-01 5.626517534255981445e-01 5.983182191848754883e-01 6.347987651824951172e-01 6.721118688583374023e-01 7.102767229080200195e-01 7.585179805755615234e-01 8.383178710937500000e-01 0.000000000000000000e+00 0.000000000000000000e+00 0.000000000000000000e+00 nan 0.000000000000000000e+00 0.000000000000000000e+00
5.030879974365234375e-01 5.027146339416503906e-01 5.001901388168334961e-01 4.961476325988769531e-01 4.949727058410644531e-01 5.404907464981079102e-01 5.260437726974487305e-01 5.122089385986328125e-01 5.198305845260620117e-01 5.274908542633056641e-01 5.352932214736938477e-01 5.703352689743041992e-01 6.061770915985107422e-01 6.428369283676147461e-01 6.805882453918457031e-01 7.228904962539672852e-01 0.000000000000000000e+00 0.000000000000000000e+00 0.000000000000000000e+00 0.000000000000000000e+00 nan 0.000000000000000000e+00
4.726253747940063477e-01 4.791421890258789062e-01 4.780216217041015625e-01 4.742170572280883789e-01 4.720950126647949219e-01 4.721696376800537109e-01 4.918047189712524414e-01 4.799085855484008789e-01 4.873676300048828125e-01 4.948642253875732422e-01 5.023984909057617188e-01 5.099709033966064453e-01 5.428421497344970703e-01 5.780565738677978516e-01 6.143438816070556641e-01 6.545246839523315430e-01 0.000000000000000000e+00 0.000000000000000000e+00 0.000000000000000000e+00 0.000000000000000000e+00 0.000000000000000000e+00 nan
