nan 1.044479608535766602e+00 1.013908386230468750e+00 9.837944507598876953e-01 9.541306495666503906e-01 9.210401773452758789e-01 9.118685722351074219e-01 8.981441259384155273e-01 8.799887895584106445e-01 8.581123352050781250e-01 8.364905118942260742e-01 8.151203393936157227e-01 7.962154150009155273e-01 8.020343780517578125e-01 7.933518886566162109e-01 8.050966262817382812e-01 0.000000000000000000e+00 0.000000000000000000e+00 0.000000000000000000e+00 0.000000000000000000e+00 0.000000000000000000e+00 0.000000000000000000e+00
1.017136096954345703e+00 nan 1.086145401000976562e+00 1.054950952529907227e+00 1.021549224853515625e+00 9.741207361221313477e-01 9.289047718048095703e-01 9.150580167770385742e-01 8.940597772598266602e-01 8.720195293426513672e-01 8.502358198165893555e-01 8.287055492401123047e-01 8.074258565902709961e-01 7.835637331008911133e-01 7.781447172164916992e-01 7.897899150848388672e-01 0.000000000000000000e+00 0.000000000000000000e+00 0.000000000000000000e+00 0.000000000000000000e+00 0.000000000000000000e+00 0.000000000000000000e+00
9.623141288757324219e-01 1.062524795532226562e+00 nan 1.128659963607788086e+00 1.089102745056152344e+00 1.039526224136352539e+00 9.887593984603881836e-01 9.378310441970825195e-01 9.082360267639160156e-01 8.860309123992919922e-01 8.640841245651245117e-01 8.423928022384643555e-01 8.209537267684936523e-01 7.888861894607543945e-01 7.630665302276611328e-01 7.746129035949707031e-01 0.000000000000000000e+00 0.000000000000000000e+00 0.000000000000000000e+00 0.000000000000000000e+00 0.000000000000000000e+00 0.000000000000000000e+00
9.091377258300781250e-01 1.006632804870605469e+00 1.109106540679931641e+00 nan 1.158913612365722656e+00 1.106877326965332031e+00 1.054434299468994141e+00 9.989943504333496094e-01 9.404842853546142578e-01 9.001469612121582031e-01 8.780361413955688477e-01 8.561824560165405273e-01 8.316415548324584961e-01 7.995065450668334961e-01 7.662031650543212891e-01 7.559329271316528320e-01 0.000000000000000000e+00 0.000000000000000000e+00 0.000000000000000000e+00 0.000000000000000000e+00 0.000000000000000000e+00 0.000000000000000000e+00
8.574445247650146484e-01 9.522557258605957031e-01 1.051952362060546875e+00 1.156740665435791016e+00 nan 1.176452636718750000e+00 1.122277736663818359e+00 1.062088012695312500e+00 1.001731157302856445e+00 9.431409835815429688e-01 8.920923471450805664e-01 8.700751066207885742e-01 8.404784202575683594e-01 8.106240034103393555e-01 7.776967287063598633e-01 7.501537799835205078e-01 0.000000000000000000e+00 0.000000000000000000e+00 0.000000000000000000e+00 0.000000000000000000e+00 0.000000000000000000e+00 0.000000000000000000e+00
8.153852224349975586e-01 9.033195972442626953e-01 1.000386238098144531e+00 1.097934484481811523e+00 1.184141635894775391e+00 nan 1.192921876907348633e+00 1.125570058822631836e+00 1.063415288925170898e+00 1.002975702285766602e+00 9.442933797836303711e-01 8.854488134384155273e-01 8.508827686309814453e-01 8.197443485260009766e-01 7.835408449172973633e-01 7.560293674468994141e-01 0.000000000000000000e+00 0.000000000000000000e+00 0.000000000000000000e+00 0.000000000000000000e+00 0.000000000000000000e+00 0.000000000000000000e+00
7.789487838745117188e-01 8.515095710754394531e-01 9.489873647689819336e-01 1.040555000305175781e+00 1.123252391815185547e+00 1.209263324737548828e+00 nan 1.206032752990722656e+00 1.131457805633544922e+00 1.063706636428833008e+00 1.003245353698730469e+00 9.371970891952514648e-01 8.656213283538818359e-01 8.219971656799316406e-01 7.877080440521240234e-01 7.601321935653686523e-01 0.000000000000000000e+00 0.000000000000000000e+00 0.000000000000000000e+00 0.000000000000000000e+00 0.000000000000000000e+00 0.000000000000000000e+00
7.693868875503540039e-01 8.124480247497558594e-01 8.924709558486938477e-01 9.756424427032470703e-01 1.052934408187866211e+00 1.127749919891357422e+00 1.228053569793701172e+00 nan 1.219027280807495117e+00 1.144013166427612305e+00 1.070298194885253906e+00 9.888957738876342773e-01 9.003183841705322266e-01 8.276240825653076172e-01 7.918848991394042969e-01 7.642445564270019531e-01 0.000000000000000000e+00 0.000000000000000000e+00 0.000000000000000000e+00 0.000000000000000000e+00 0.000000000000000000e+00 0.000000000000000000e+00
7.544308900833129883e-01 8.029557466506958008e-01 8.525789976119995117e-01 9.127221107482910156e-01 9.849456548690795898e-01 1.057283163070678711e+00 1.143570899963378906e+00 1.247003793716430664e+00 nan 1.232098817825317383e+00 1.149342536926269531e+00 1.052244424819946289e+00 9.608980417251586914e-01 8.858065605163574219e-01 8.138136863708496094e-01 7.807605266571044922e-01 0.000000000000000000e+00 0.000000000000000000e+00 0.000000000000000000e+00 0.000000000000000000e+00 0.000000000000000000e+00 0.000000000000000000e+00
7.389428615570068359e-01 7.935132980346679688e-01 8.322401046752929688e-01 8.738504648208618164e-01 9.192082881927490234e-01 9.891502857208251953e-01 1.062291622161865234e+00 1.161802530288696289e+00 1.266115188598632812e+00 nan 1.220028400421142578e+00 1.119146108627319336e+00 1.028635978698730469e+00 9.509503841400146484e-01 8.746501207351684570e-01 8.085389137268066406e-01 0.000000000000000000e+00 0.000000000000000000e+00 0.000000000000000000e+00 0.000000000000000000e+00 0.000000000000000000e+00 0.000000000000000000e+00
7.206374406814575195e-01 7.806863784790039062e-01 8.192428350448608398e-01 8.476142883300781250e-01 8.697458505630493164e-01 9.232736825942993164e-01 9.933638572692871094e-01 1.076925754547119141e+00 1.171035289764404297e+00 1.260876178741455078e+00 nan 1.188228845596313477e+00 1.098713874816894531e+00 1.018344640731811523e+00 9.394727945327758789e-01 8.608105182647705078e-01 0.000000000000000000e+00 0.000000000000000000e+00 0.000000000000000000e+00 0.000000000000000000e+00 0.000000000000000000e+00 0.000000000000000000e+00
7.169449329376220703e-01 7.656347751617431641e-01 8.063377141952514648e-01 8.299045562744140625e-01 8.473829030990600586e-01 8.622201681137084961e-01 9.184073209762573242e-01 9.861003160476684570e-01 1.068565845489501953e+00 1.149083614349365234e+00 1.253607511520385742e+00 nan 1.171212196350097656e+00 1.088066816329956055e+00 1.006536722183227539e+00 9.251545667648315430e-01 0.000000000000000000e+00 0.000000000000000000e+00 0.000000000000000000e+00 0.000000000000000000e+00 0.000000000000000000e+00 0.000000000000000000e+00
7.313721179962158203e-01 7.487027645111083984e-01 7.892584800720214844e-01 8.093293905258178711e-01 8.214871883392333984e-01 8.337266445159912109e-01 8.479864597320556641e-01 8.996677398681640625e-01 9.727040529251098633e-01 1.051694631576538086e+00 1.133848190307617188e+00 1.259610891342163086e+00 nan 1.174267053604125977e+00 1.075919866561889648e+00 9.917234182357788086e-01 0.000000000000000000e+00 0.000000000000000000e+00 0.000000000000000000e+00 0.000000000000000000e+00 0.000000000000000000e+00 0.000000000000000000e+00
7.451404333114624023e-01 7.622395753860473633e-01 7.594029903411865234e-01 7.796536684036254883e-01 7.942147254943847656e-01 8.062709569931030273e-01 8.159379959106445312e-01 8.247122764587402344e-01 8.916147947311401367e-01 9.673583507537841797e-01 1.046134948730468750e+00 1.140837669372558594e+00 1.273178100585937500e+00 nan 1.167934656143188477e+00 1.060594320297241211e+00 0.000000000000000000e+00 0.000000000000000000e+00 0.000000000000000000e+00 0.000000000000000000e+00 0.000000000000000000e+00 0.000000000000000000e+00
7.589148283004760742e-01 7.681410312652587891e-01 7.607048749923706055e-01 7.491530179977416992e-01 7.658437490463256836e-01 7.776384353637695312e-01 7.826758623123168945e-01 7.877275943756103516e-01 8.138586282730102539e-01 8.864887952804565430e-01 9.620273113250732422e-01 1.040590524673461914e+00 1.153691768646240234e+00 1.286826848983764648e+00 nan 1.153964042663574219e+00 0.000000000000000000e+00 0.000000000000000000e+00 0.000000000000000000e+00 0.000000000000000000e+00 0.000000000000000000e+00 0.000000000000000000e+00
7.727977037429809570e-01 7.700165510177612305e-01 7.621634006500244141e-01 7.506018877029418945e-01 7.378636598587036133e-01 7.391663789749145508e-01 7.474468946456909180e-01 7.549821138381958008e-01 7.747087478637695312e-01 8.089433908462524414e-01 8.813767433166503906e-01 9.567105770111083984e-01 1.040485858917236328e+00 1.166623115539550781e+00 1.288289308547973633e+00 nan 0.000000000000000000e+00 0.000000000000000000e+00 0.000000000000000000e+00 0.000000000000000000e+00 0.000000000000000000e+00 0.000000000000000000e+00
7.628972530364990234e-01 7.658284902572631836e-01 7.633420228958129883e-01 7.520520687103271484e-01 7.293395996093750000e-01 7.068066596984863281e-01 7.040956020355224609e-01 7.122092247009277344e-01 7.318054437637329102e-01 7.664111852645874023e-01 8.032709360122680664e-01 8.762787580490112305e-01 9.514081478118896484e-01 1.052737712860107422e+00 1.167752981185913086e+00 1.279775619506835938e+00 nan 0.000000000000000000e+00 0.000000000000000000e+00 0.000000000000000000e+00 0.000000000000000000e+00 0.000000000000000000e+00
6.008859872817993164e-01 7.287734746932983398e-01 7.334859371185302734e-01 7.196483612060546875e-01 7.035212516784667969e-01 6.875452995300292969e-01 6.717191934585571289e-01 6.697320938110351562e-01 6.859438419342041016e-01 7.196332216262817383e-01 7.539956569671630859e-01 7.899255752563476562e-01 8.651754856109619141e-01 9.435887336730957031e-01 1.053565979003906250e+00 1.158550024032592773e+00 0.000000000000000000e+00 nan 0.000000000000000000e+00 0.000000000000000000e+00 0.000000000000000000e+00 0.000000000000000000e+00
5.681672096252441406e-01 5.723372697830200195e-01 6.562944650650024414e-01 6.810656785964965820e-01 6.653003692626953125e-01 6.496828794479370117e-01 6.342117786407470703e-01 6.188858747482299805e-01 6.251431703567504883e-01 6.622358560562133789e-01 7.001752853393554688e-01 7.389805316925048828e-01 7.766793966293334961e-01 8.513722419738769531e-01 9.332515001296997070e-01 1.037741661071777344e+00 0.000000000000000000e+00 0.000000000000000000e+00 nan 0.000000000000000000e+00 0.000000000000000000e+00 0.000000000000000000e+00
5.497083663940429688e-01 5.504426956176757812e-01 5.472012758255004883e-01 5.751734972000122070e-01 6.279369592666625977e-01 6.126698255538940430e-01 5.975458621978759766e-01 5.825637578964233398e-01 5.777522325515747070e-01 5.966904163360595703e-01 6.331338882446289062e-01 6.704090833663940430e-01 7.085349559783935547e-01 7.475310564041137695e-01 8.174306154251098633e-01 8.997124433517456055e-01 0.000000000000000000e+00 0.000000000000000000e+00 0.000000000000000000e+00 nan 0.000000000000000000e+00 0.000000000000000000e+00
5.272128582000732422e-01 5.277663469314575195e-01 5.250403881072998047e-01 5.209310054779052734e-01 5.196238756179809570e-01 5.764871835708618164e-01 5.617026090621948242e-01 5.470566749572753906e-01 5.440520048141479492e-01 5.518343448638916016e-01 5.687359571456909180e-01 6.045413017272949219e-01 6.411638259887695312e-01 6.786223649978637695e-01 7.182637453079223633e-01 7.724629640579223633e-01 0.000000000000000000e+00 0.000000000000000000e+00 0.000000000000000000e+00 0.000000000000000000e+00 nan 0.000000000000000000e+00
4.970711469650268555e-01 5.036962032318115234e-01 5.031969547271728516e-01 4.991464614868164062e-01 4.966964721679687500e-01 4.965914487838745117e-01 5.186696052551269531e-01 5.123461484909057617e-01 5.110716819763183594e-01 5.186877250671386719e-01 5.263421535491943359e-01 5.412709712982177734e-01 5.764493942260742188e-01 6.124308109283447266e-01 6.505342721939086914e-01 6.915063858032226562e-01 0.000000000000000000e+00 0.000000000000000000e+00 0.000000000000000000e+00 0.000000000000000000e+00 0.000000000000000000e+00 nan
