nan 1.316987276077270508e+00 1.211349010467529297e+00 1.118701457977294922e+00 1.076278448104858398e+00 1.030955791473388672e+00 9.903620481491088867e-01 9.842985868453979492e-01 9.813342094421386719e-01 9.735594987869262695e-01 9.658153057098388672e-01 9.581013917922973633e-01 9.436559677124023438e-01 9.175274372100830078e-01 9.009398221969604492e-01 8.840274810791015625e-01 0.000000000000000000e+00 0.000000000000000000e+00 0.000000000000000000e+00 0.000000000000000000e+00 0.000000000000000000e+00 0.000000000000000000e+00
1.235548496246337891e+00 nan 1.352555751800537109e+00 1.241347789764404297e+00 1.149247884750366211e+00 1.108658790588378906e+00 1.072216272354125977e+00 1.036403417587280273e+00 1.011820077896118164e+00 1.003925800323486328e+00 9.960625171661376953e-01 9.882299900054931641e-01 9.726804494857788086e-01 9.163825511932373047e-01 8.968143463134765625e-01 8.799387216567993164e-01 0.000000000000000000e+00 0.000000000000000000e+00 0.000000000000000000e+00 0.000000000000000000e+00 0.000000000000000000e+00 0.000000000000000000e+00
1.112216234207153320e+00 1.274552583694458008e+00 nan 1.388180732727050781e+00 1.279167652130126953e+00 1.195377826690673828e+00 1.157436609268188477e+00 1.119319200515747070e+00 1.073340892791748047e+00 1.034759283065795898e+00 1.026775121688842773e+00 1.018821954727172852e+00 1.001672267913818359e+00 9.445469379425048828e-01 8.926979303359985352e-01 8.758589029312133789e-01 0.000000000000000000e+00 0.000000000000000000e+00 0.000000000000000000e+00 0.000000000000000000e+00 0.000000000000000000e+00 0.000000000000000000e+00
1.002880573272705078e+00 1.148725271224975586e+00 1.318893194198608398e+00 nan 1.450016975402832031e+00 1.339723110198974609e+00 1.246257781982421875e+00 1.203357458114624023e+00 1.155555963516235352e+00 1.108791351318359375e+00 1.063041210174560547e+00 1.049884557723999023e+00 1.030366659164428711e+00 9.731254577636718750e-01 9.182802438735961914e-01 8.717880249023437500e-01 0.000000000000000000e+00 0.000000000000000000e+00 0.000000000000000000e+00 0.000000000000000000e+00 0.000000000000000000e+00 0.000000000000000000e+00
9.491565227508544922e-01 1.048561096191406250e+00 1.185941934585571289e+00 1.388052701950073242e+00 nan 1.541741609573364258e+00 1.423989057540893555e+00 1.311627864837646484e+00 1.241031169891357422e+00 1.192412376403808594e+00 1.144847869873046875e+00 1.093529701232910156e+00 1.056164026260375977e+00 1.002123594284057617e+00 9.465045928955078125e-01 8.728570938110351562e-01 0.000000000000000000e+00 0.000000000000000000e+00 0.000000000000000000e+00 0.000000000000000000e+00 0.000000000000000000e+00 0.000000000000000000e+00
9.003797769546508789e-01 9.972965717315673828e-01 1.104048967361450195e+00 1.248609304428100586e+00 1.456063032150268555e+00 nan 1.618327856063842773e+00 1.486518859863281250e+00 1.361344814300537109e+00 1.277291297912597656e+00 1.217993974685668945e+00 1.158169031143188477e+00 1.099201202392578125e+00 1.024641752243041992e+00 9.501637220382690430e-01 8.677064180374145508e-01 0.000000000000000000e+00 0.000000000000000000e+00 0.000000000000000000e+00 0.000000000000000000e+00 0.000000000000000000e+00 0.000000000000000000e+00
8.528232574462890625e-01 9.473147392272949219e-01 1.056606054306030273e+00 1.172259807586669922e+00 1.302396297454833984e+00 1.550566673278808594e+00 nan 1.681163311004638672e+00 1.546190738677978516e+00 1.418013095855712891e+00 1.309660434722900391e+00 1.235320091247558594e+00 1.164113044738769531e+00 1.062316894531250000e+00 9.458996057510375977e-01 8.597289323806762695e-01 0.000000000000000000e+00 0.000000000000000000e+00 0.000000000000000000e+00 0.000000000000000000e+00 0.000000000000000000e+00 0.000000000000000000e+00
8.097451925277709961e-01 8.985841274261474609e-01 1.010233163833618164e+00 1.116475820541381836e+00 1.219168663024902344e+00 1.373320102691650391e+00 1.628049612045288086e+00 nan 1.745505332946777344e+00 1.607293605804443359e+00 1.464490890502929688e+00 1.337178707122802734e+00 1.239130258560180664e+00 1.119622230529785156e+00 9.872766733169555664e-01 8.757923841476440430e-01 0.000000000000000000e+00 0.000000000000000000e+00 0.000000000000000000e+00 0.000000000000000000e+00 0.000000000000000000e+00 0.000000000000000000e+00
7.886123657226562500e-01 8.555021286010742188e-01 9.604837894439697266e-01 1.057167291641235352e+00 1.150228500366210938e+00 1.259318351745605469e+00 1.442373991012573242e+00 1.704515218734741211e+00 nan 1.807207107543945312e+00 1.649966955184936523e+00 1.486799955368041992e+00 1.298218011856079102e+00 1.178519964218139648e+00 1.042336702346801758e+00 9.088774919509887695e-01 0.000000000000000000e+00 0.000000000000000000e+00 0.000000000000000000e+00 0.000000000000000000e+00 0.000000000000000000e+00 0.000000000000000000e+00
7.677260637283325195e-01 8.440048694610595703e-01 9.175684452056884766e-01 9.944732189178466797e-01 1.083430051803588867e+00 1.178106307983398438e+00 1.301337480545043945e+00 1.513437032699584961e+00 1.783205509185791016e+00 nan 1.848987579345703125e+00 1.612302780151367188e+00 1.401427745819091797e+00 1.239054918289184570e+00 1.098922014236450195e+00 9.635597467422485352e-01 0.000000000000000000e+00 0.000000000000000000e+00 0.000000000000000000e+00 0.000000000000000000e+00 0.000000000000000000e+00 0.000000000000000000e+00
7.398630380630493164e-01 8.277938365936279297e-01 8.997430801391601562e-01 9.499205350875854492e-01 1.018706321716308594e+00 1.108743667602539062e+00 1.218424558639526367e+00 1.357160329818725586e+00 1.578956842422485352e+00 1.861750364303588867e+00 nan 1.770139694213867188e+00 1.522621870040893555e+00 1.338249444961547852e+00 1.157075405120849609e+00 1.019808292388916016e+00 0.000000000000000000e+00 0.000000000000000000e+00 0.000000000000000000e+00 0.000000000000000000e+00 0.000000000000000000e+00 0.000000000000000000e+00
7.276157140731811523e-01 8.110387325286865234e-01 8.820840120315551758e-01 9.266583919525146484e-01 9.650746583938598633e-01 1.042042493820190430e+00 1.131433725357055664e+00 1.245508670806884766e+00 1.393306493759155273e+00 1.571128368377685547e+00 1.801563978195190430e+00 nan 1.693472623825073242e+00 1.453602790832519531e+00 1.251835346221923828e+00 1.077667951583862305e+00 0.000000000000000000e+00 0.000000000000000000e+00 0.000000000000000000e+00 0.000000000000000000e+00 0.000000000000000000e+00 0.000000000000000000e+00
7.450350522994995117e-01 7.922285795211791992e-01 8.584560155868530273e-01 9.017113447189331055e-01 9.341839551925659180e-01 9.672108888626098633e-01 1.048573732376098633e+00 1.151688337326049805e+00 1.241847038269042969e+00 1.328714132308959961e+00 1.497146844863891602e+00 1.741234302520751953e+00 nan 1.629690647125244141e+00 1.377685785293579102e+00 1.164920806884765625e+00 0.000000000000000000e+00 0.000000000000000000e+00 0.000000000000000000e+00 0.000000000000000000e+00 0.000000000000000000e+00 0.000000000000000000e+00
7.618488073348999023e-01 7.935373783111572266e-01 8.228917121887207031e-01 8.628259897232055664e-01 8.995405435562133789e-01 9.319760799407958984e-01 9.729173183441162109e-01 1.042736053466796875e+00 1.120066404342651367e+00 1.200323820114135742e+00 1.283619403839111328e+00 1.460123062133789062e+00 1.688800811767578125e+00 nan 1.547753572463989258e+00 1.289991378784179688e+00 0.000000000000000000e+00 0.000000000000000000e+00 0.000000000000000000e+00 0.000000000000000000e+00 0.000000000000000000e+00 0.000000000000000000e+00
7.843447923660278320e-01 8.008549213409423828e-01 8.064715862274169922e-01 8.218221664428710938e-01 8.617328405380249023e-01 8.973717689514160156e-01 9.142354726791381836e-01 9.317711591720581055e-01 1.004900455474853516e+00 1.080798149108886719e+00 1.159569025039672852e+00 1.241322278976440430e+00 1.436368703842163086e+00 1.662838459014892578e+00 nan 1.456031799316406250e+00 0.000000000000000000e+00 0.000000000000000000e+00 0.000000000000000000e+00 0.000000000000000000e+00 0.000000000000000000e+00 0.000000000000000000e+00
8.107703924179077148e-01 8.031065464019775391e-01 8.021533489227294922e-01 8.086513280868530273e-01 8.207534551620483398e-01 8.472929000854492188e-01 8.521940708160400391e-01 8.583606481552124023e-01 8.959909677505493164e-01 9.677658081054687500e-01 1.042257785797119141e+00 1.119569540023803711e+00 1.210997343063354492e+00 1.412842750549316406e+00 1.594747066497802734e+00 nan 0.000000000000000000e+00 0.000000000000000000e+00 0.000000000000000000e+00 0.000000000000000000e+00 0.000000000000000000e+00 0.000000000000000000e+00
7.853107452392578125e-01 7.824528217315673828e-01 7.784646749496459961e-01 8.012144565582275391e-01 8.020470142364501953e-01 7.766633033752441406e-01 7.813769578933715820e-01 7.863944768905639648e-01 8.182386159896850586e-01 8.579601049423217773e-01 9.313191175460815430e-01 1.004431247711181641e+00 1.080311059951782227e+00 1.188101768493652344e+00 1.361025810241699219e+00 1.527801036834716797e+00 nan 0.000000000000000000e+00 0.000000000000000000e+00 0.000000000000000000e+00 0.000000000000000000e+00 0.000000000000000000e+00
6.341518163681030273e-01 7.343430519104003906e-01 7.228922843933105469e-01 7.245335578918457031e-01 7.124872207641601562e-01 7.005249261856079102e-01 6.886461973190307617e-01 7.059608697891235352e-01 7.472757101058959961e-01 7.803537845611572266e-01 8.205897808074951172e-01 8.951827287673950195e-01 9.728318452835083008e-01 1.055719137191772461e+00 1.157471418380737305e+00 1.307461023330688477e+00 0.000000000000000000e+00 nan 0.000000000000000000e+00 0.000000000000000000e+00 0.000000000000000000e+00 0.000000000000000000e+00
6.020139455795288086e-01 5.877237319946289062e-01 6.572740077972412109e-01 6.604195833206176758e-01 6.448614597320556641e-01 6.294491291046142578e-01 6.141811609268188477e-01 6.026047468185424805e-01 6.411434412002563477e-01 6.827037334442138672e-01 7.253165245056152344e-01 7.701790332794189453e-01 8.569208383560180664e-01 9.450349807739257812e-01 1.023531675338745117e+00 1.122216463088989258e+00 0.000000000000000000e+00 0.000000000000000000e+00 nan 0.000000000000000000e+00 0.000000000000000000e+00 0.000000000000000000e+00
5.836862325668334961e-01 5.691803693771362305e-01 5.409529209136962891e-01 5.723365545272827148e-01 6.080158948898315430e-01 5.929487943649291992e-01 5.780228376388549805e-01 5.648208856582641602e-01 5.726953744888305664e-01 6.052972078323364258e-01 6.419969797134399414e-01 6.795359849929809570e-01 7.179330587387084961e-01 7.885729074478149414e-01 8.716808557510375977e-01 9.620661735534667969e-01 0.000000000000000000e+00 0.000000000000000000e+00 0.000000000000000000e+00 nan 0.000000000000000000e+00 0.000000000000000000e+00
5.654320716857910156e-01 5.368721485137939453e-01 5.188279151916503906e-01 5.147230625152587891e-01 5.136688947677612305e-01 5.572661161422729492e-01 5.426744222640991211e-01 5.313427448272705078e-01 5.390486717224121094e-01 5.467934608459472656e-01 5.775067806243896484e-01 6.135712862014770508e-01 6.504603624343872070e-01 6.881927251815795898e-01 7.466313838958740234e-01 8.309779167175292969e-01 0.000000000000000000e+00 0.000000000000000000e+00 0.000000000000000000e+00 0.000000000000000000e+00 nan 0.000000000000000000e+00
5.375235080718994141e-01 5.057284832000732422e-01 4.964179992675781250e-01 4.925543069839477539e-01 4.905389547348022461e-01 4.906027317047119141e-01 5.081179141998291016e-01 4.985808134078979492e-01 5.061218738555908203e-01 5.137009620666503906e-01 5.213180780410766602e-01 5.501974821090698242e-01 5.856375694274902344e-01 6.218881607055664062e-01 6.611415147781372070e-01 7.086478471755981445e-01 0.000000000000000000e+00 0.000000000000000000e+00 0.000000000000000000e+00 0.000000000000000000e+00 0.000000000000000000e+00 nan
