nan 1.033788442611694336e+00 9.900075197219848633e-01 9.430955648422241211e-01 9.170366525650024414e-01 8.971905708312988281e-01 8.743462562561035156e-01 8.429235219955444336e-01 8.120274543762207031e-01 8.184416294097900391e-01 7.986133098602294922e-01 8.059597015380859375e-01 7.795075178146362305e-01 7.223846912384033203e-01 6.670955419540405273e-01 6.135810613632202148e-01
9.953972101211547852e-01 nan 1.093927860260009766e+00 1.037578105926513672e+00 9.656343460083007812e-01 9.216576814651489258e-01 8.946437835693359375e-01 8.628805875778198242e-01 8.316498994827270508e-01 7.996646165847778320e-01 7.682812213897705078e-01 7.755037546157836914e-01 7.566961050033569336e-01 7.003055810928344727e-01 6.457251310348510742e-01 5.928968191146850586e-01
9.177646636962890625e-01 1.060817480087280273e+00 nan 1.136467218399047852e+00 1.060078859329223633e+00 9.864215850830078125e-01 9.151608943939208984e-01 8.830537796020507812e-01 8.614320755004882812e-01 8.003964424133300781e-01 7.384605407714843750e-01 7.455611228942871094e-01 7.341772317886352539e-01 6.785095930099487305e-01 6.246287822723388672e-01 5.724776983261108398e-01
8.467806577682495117e-01 9.843508005142211914e-01 1.132168769836425781e+00 nan 1.162491798400878906e+00 1.077701091766357422e+00 9.905173778533935547e-01 9.100402593612670898e-01 8.569625616073608398e-01 7.951016426086425781e-01 7.427740097045898438e-01 7.151559591293334961e-01 7.127958536148071289e-01 6.577209234237670898e-01 6.044168472290039062e-01 5.528268814086914062e-01
7.856379747390747070e-01 9.130235910415649414e-01 1.048841953277587891e+00 1.168425321578979492e+00 nan 1.176253318786621094e+00 1.079050302505493164e+00 9.674410820007324219e-01 8.533858060836791992e-01 7.973637580871582031e-01 7.493424415588378906e-01 7.106496095657348633e-01 6.900447607040405273e-01 6.394761800765991211e-01 5.867588520050048828e-01 5.357366800308227539e-01
7.593837976455688477e-01 8.479472398757934570e-01 9.593992233276367188e-01 1.066229343414306641e+00 1.190124750137329102e+00 nan 1.179960489273071289e+00 1.048750877380371094e+00 9.254386425018310547e-01 8.200898170471191406e-01 7.710500955581665039e-01 7.247327566146850586e-01 6.796267032623291016e-01 6.214321851730346680e-01 5.691107511520385742e-01 5.184494256973266602e-01
7.385627031326293945e-01 8.254684209823608398e-01 8.892153501510620117e-01 9.688498973846435547e-01 1.073496818542480469e+00 1.205409765243530273e+00 nan 1.148339748382568359e+00 1.017396926879882812e+00 9.056855440139770508e-01 8.114589452743530273e-01 7.639713287353515625e-01 7.177284955978393555e-01 6.406154632568359375e-01 5.681229829788208008e-01 5.112689733505249023e-01
7.161895036697387695e-01 8.001716136932373047e-01 8.517566919326782227e-01 8.840247392654418945e-01 9.642221927642822266e-01 1.063367128372192383e+00 1.181353569030761719e+00 nan 1.117630720138549805e+00 1.001499414443969727e+00 8.886216878890991211e-01 8.038544654846191406e-01 7.565662860870361328e-01 6.900260448455810547e-01 5.860542058944702148e-01 5.223634243011474609e-01
7.287149429321289062e-01 7.696547508239746094e-01 8.144407272338867188e-01 8.343799114227294922e-01 8.390355110168457031e-01 9.216433763504028320e-01 1.032870531082153320e+00 1.151486635208129883e+00 nan 1.102130651473999023e+00 9.836723804473876953e-01 8.685152530670166016e-01 7.962820529937744141e-01 7.409243583679199219e-01 6.338214874267578125e-01 5.335392951965332031e-01
7.494908571243286133e-01 7.614589929580688477e-01 7.641994953155517578e-01 7.763451337814331055e-01 7.870095968246459961e-01 8.130389451980590820e-01 9.132802486419677734e-01 1.024918317794799805e+00 1.155962467193603516e+00 nan 1.083506822586059570e+00 9.625542163848876953e-01 8.486230373382568359e-01 7.887414693832397461e-01 6.830275058746337891e-01 5.794863700866699219e-01
7.694715261459350586e-01 7.644146680831909180e-01 7.318365573883056641e-01 7.130438089370727539e-01 7.248373031616210938e-01 7.504727840423583984e-01 8.012211322784423828e-01 9.050574302673339844e-01 1.016997337341308594e+00 1.174685716629028320e+00 nan 1.061325788497924805e+00 9.416605234146118164e-01 8.291847705841064453e-01 7.337151765823364258e-01 6.270558834075927734e-01
7.470222711563110352e-01 7.340923547744750977e-01 7.115827798843383789e-01 6.873100996017456055e-01 6.633713245391845703e-01 6.839101314544677734e-01 7.327288389205932617e-01 7.829629182815551758e-01 8.847265243530273438e-01 1.002640962600708008e+00 1.170107841491699219e+00 nan 1.039380550384521484e+00 9.209896326065063477e-01 7.859295606613159180e-01 6.760579347610473633e-01
5.581809282302856445e-01 6.772217750549316406e-01 6.563911437988281250e-01 6.340000629425048828e-01 6.119116544723510742e-01 6.024798154830932617e-01 6.555777788162231445e-01 7.104355096817016602e-01 7.648897171020507812e-01 8.646126985549926758e-01 9.859033823013305664e-01 1.159317970275878906e+00 nan 1.017669200897216797e+00 8.770983219146728516e-01 7.222179174423217773e-01
5.262665748596191406e-01 5.234965085983276367e-01 5.667315721511840820e-01 5.813101530075073242e-01 5.599340200424194336e-01 5.493359565734863281e-01 5.621128082275390625e-01 6.138733625411987305e-01 6.673491001129150391e-01 7.225965261459350586e-01 8.134379386901855469e-01 9.395459890365600586e-01 1.135378599166870117e+00 nan 9.730372428894042969e-01 7.858352661132812500e-01
4.916195869445800781e-01 4.918919801712036133e-01 4.862732887268066406e-01 4.851720333099365234e-01 5.096324682235717773e-01 5.017625093460083008e-01 5.127079486846923828e-01 5.237330198287963867e-01 5.732195377349853516e-01 6.253482103347778320e-01 6.814249753952026367e-01 7.547160387039184570e-01 8.783036470413208008e-01 1.025587558746337891e+00 nan 8.809840679168701172e-01
4.450882673263549805e-01 4.543344974517822266e-01 4.519027471542358398e-01 4.494551420211791992e-01 4.495614767074584961e-01 4.526913166046142578e-01 4.635345935821533203e-01 4.744589328765869141e-01 4.854645729064941406e-01 5.145790576934814453e-01 5.694259405136108398e-01 6.320827007293701172e-01 6.994946002960205078e-01 7.950514554977416992e-01 9.168624877929687500e-01 nan
