nan 1.061397075653076172e+00 1.030573129653930664e+00 1.000209808349609375e+00 9.703005552291870117e-01 9.260753393173217773e-01 9.152164459228515625e-01 9.014679193496704102e-01 8.874605894088745117e-01 8.654971122741699219e-01 8.437892198562622070e-01 8.223341703414916992e-01 8.011285066604614258e-01 8.030620813369750977e-01 7.898968458175659180e-01 8.016188144683837891e-01 0.000000000000000000e+00 0.000000000000000000e+00 0.000000000000000000e+00 0.000000000000000000e+00 0.000000000000000000e+00 0.000000000000000000e+00
9.801136255264282227e-01 nan 1.103407621383666992e+00 1.071955204010009766e+00 1.036996126174926758e+00 9.890668392181396484e-01 9.395561218261718750e-01 9.184114933013916016e-01 9.015873670578002930e-01 8.794596195220947266e-01 8.575892448425292969e-01 8.359735012054443359e-01 8.146092891693115234e-01 7.853260040283203125e-01 7.747189998626708984e-01 7.853224277496337891e-01 0.000000000000000000e+00 0.000000000000000000e+00 0.000000000000000000e+00 0.000000000000000000e+00 0.000000000000000000e+00 0.000000000000000000e+00
9.264551401138305664e-01 1.024834394454956055e+00 nan 1.146274089813232422e+00 1.105065584182739258e+00 1.054751634597778320e+00 1.003606081008911133e+00 9.537334442138671875e-01 9.158201217651367188e-01 8.935266733169555664e-01 8.714926242828369141e-01 8.497149944305419922e-01 8.281909227371215820e-01 7.968889474868774414e-01 7.594519853591918945e-01 7.644239664077758789e-01 0.000000000000000000e+00 0.000000000000000000e+00 0.000000000000000000e+00 0.000000000000000000e+00 0.000000000000000000e+00 0.000000000000000000e+00
8.742505311965942383e-01 9.699637889862060547e-01 1.070564985275268555e+00 nan 1.175409793853759766e+00 1.122605800628662109e+00 1.069771051406860352e+00 1.018251657485961914e+00 9.593093395233154297e-01 9.076988697052001953e-01 8.855000734329223633e-01 8.635594844818115234e-01 8.410977125167846680e-01 8.115777969360351562e-01 7.626892328262329102e-01 7.437700033187866211e-01 0.000000000000000000e+00 0.000000000000000000e+00 0.000000000000000000e+00 0.000000000000000000e+00 0.000000000000000000e+00 0.000000000000000000e+00
8.256893157958984375e-01 9.187971353530883789e-01 1.016653060913085938e+00 1.118681430816650391e+00 nan 1.194661140441894531e+00 1.139892816543579102e+00 1.081385850906372070e+00 1.020523071289062500e+00 9.614400863647460938e-01 9.040845632553100586e-01 8.782805204391479492e-01 8.514695167541503906e-01 8.131728172302246094e-01 7.705661058425903320e-01 7.432547807693481445e-01 0.000000000000000000e+00 0.000000000000000000e+00 0.000000000000000000e+00 0.000000000000000000e+00 0.000000000000000000e+00 0.000000000000000000e+00
7.797906398773193359e-01 8.705421686172485352e-01 9.661871194839477539e-01 1.060771703720092773e+00 1.146884918212890625e+00 nan 1.215821981430053711e+00 1.145045518875122070e+00 1.082321405410766602e+00 1.021339654922485352e+00 9.621193408966064453e-01 9.046344757080078125e-01 8.529522418975830078e-01 8.135135173797607422e-01 7.747030258178710938e-01 7.473278045654296875e-01 0.000000000000000000e+00 0.000000000000000000e+00 0.000000000000000000e+00 0.000000000000000000e+00 0.000000000000000000e+00 0.000000000000000000e+00
7.686561346054077148e-01 8.178167343139648438e-01 9.122327566146850586e-01 1.000563859939575195e+00 1.080402135848999023e+00 1.156218528747558594e+00 nan 1.229079008102416992e+00 1.153724908828735352e+00 1.082627534866333008e+00 1.021611690521240234e+00 9.465167522430419922e-01 8.598266839981079102e-01 8.164221048355102539e-01 7.788496017456054688e-01 7.514102458953857422e-01 0.000000000000000000e+00 0.000000000000000000e+00 0.000000000000000000e+00 0.000000000000000000e+00 0.000000000000000000e+00 0.000000000000000000e+00
7.540715932846069336e-01 8.024729490280151367e-01 8.612339496612548828e-01 9.369347095489501953e-01 1.011503458023071289e+00 1.084808826446533203e+00 1.173837184906005859e+00 nan 1.242209196090698242e+00 1.166411161422729492e+00 1.085417270660400391e+00 9.937800168991088867e-01 9.031789302825927734e-01 8.301732540130615234e-01 7.908051013946533203e-01 7.581710815429687500e-01 0.000000000000000000e+00 0.000000000000000000e+00 0.000000000000000000e+00 0.000000000000000000e+00 0.000000000000000000e+00 0.000000000000000000e+00
7.392451763153076172e-01 7.930331230163574219e-01 8.427182435989379883e-01 8.851810693740844727e-01 9.448866844177246094e-01 1.015764474868774414e+00 1.091410398483276367e+00 1.192326307296752930e+00 nan 1.249397039413452148e+00 1.154685258865356445e+00 1.058776140213012695e+00 9.687888622283935547e-01 8.933951854705810547e-01 8.199026584625244141e-01 7.855972051620483398e-01 0.000000000000000000e+00 0.000000000000000000e+00 0.000000000000000000e+00 0.000000000000000000e+00 0.000000000000000000e+00 0.000000000000000000e+00
7.234684228897094727e-01 7.803217172622680664e-01 8.220629692077636719e-01 8.614650964736938477e-01 8.837624788284301758e-01 9.490063190460205078e-01 1.020034313201904297e+00 1.109198331832885742e+00 1.206526756286621094e+00 nan 1.226253986358642578e+00 1.125890731811523438e+00 1.036799430847167969e+00 9.588011503219604492e-01 8.828321695327758789e-01 8.134509325027465820e-01 0.000000000000000000e+00 0.000000000000000000e+00 0.000000000000000000e+00 0.000000000000000000e+00 0.000000000000000000e+00 0.000000000000000000e+00
7.101176977157592773e-01 7.652732133865356445e-01 8.083342313766479492e-01 8.354022502899169922e-01 8.573875427246093750e-01 8.844592571258544922e-01 9.506067037582397461e-01 1.020061254501342773e+00 1.098691225051879883e+00 1.180381298065185547e+00 nan 1.195193290710449219e+00 1.107159137725830078e+00 1.026466608047485352e+00 9.479378461837768555e-01 8.689321279525756836e-01 0.000000000000000000e+00 0.000000000000000000e+00 0.000000000000000000e+00 0.000000000000000000e+00 0.000000000000000000e+00 0.000000000000000000e+00
7.244874238967895508e-01 7.503520250320434570e-01 7.920126914978027344e-01 8.173451423645019531e-01 8.315193653106689453e-01 8.449121713638305664e-01 8.746112585067749023e-01 9.213384389877319336e-01 9.961254596710205078e-01 1.073935985565185547e+00 1.156980276107788086e+00 nan 1.179949283599853516e+00 1.096469402313232422e+00 1.015294313430786133e+00 9.335571527481079102e-01 0.000000000000000000e+00 0.000000000000000000e+00 0.000000000000000000e+00 0.000000000000000000e+00 0.000000000000000000e+00 0.000000000000000000e+00
7.389780282974243164e-01 7.562149763107299805e-01 7.695410251617431641e-01 7.906260490417480469e-01 8.040966987609863281e-01 8.162193298339843750e-01 8.225824832916259766e-01 8.398996591567993164e-01 9.121206998825073242e-01 9.886854887008666992e-01 1.068315982818603516e+00 1.161958932876586914e+00 nan 1.182006597518920898e+00 1.084980487823486328e+00 1.000416517257690430e+00 0.000000000000000000e+00 0.000000000000000000e+00 0.000000000000000000e+00 0.000000000000000000e+00 0.000000000000000000e+00 0.000000000000000000e+00
7.529678344726562500e-01 7.680209875106811523e-01 7.605712413787841797e-01 7.565135955810546875e-01 7.767310142517089844e-01 7.841427326202392578e-01 7.891985177993774414e-01 7.942688465118408203e-01 8.335218429565429688e-01 9.069392681121826172e-01 9.832965135574340820e-01 1.062711477279663086e+00 1.174939870834350586e+00 nan 1.181015491485595703e+00 1.069587945938110352e+00 0.000000000000000000e+00 0.000000000000000000e+00 0.000000000000000000e+00 0.000000000000000000e+00 0.000000000000000000e+00 0.000000000000000000e+00
7.668037414550781250e-01 7.698965072631835938e-01 7.620296478271484375e-01 7.504690885543823242e-01 7.360576391220092773e-01 7.443234920501708984e-01 7.526285648345947266e-01 7.609730958938598633e-01 7.856490612030029297e-01 8.285531997680664062e-01 9.017719030380249023e-01 9.779222011566162109e-01 1.060617208480834961e+00 1.187999010086059570e+00 nan 1.167437791824340820e+00 0.000000000000000000e+00 0.000000000000000000e+00 0.000000000000000000e+00 0.000000000000000000e+00 0.000000000000000000e+00 0.000000000000000000e+00
7.758163213729858398e-01 7.717739343643188477e-01 7.634892463684082031e-01 7.465987205505371094e-01 7.238408327102661133e-01 7.013795375823974609e-01 7.091487646102905273e-01 7.172863483428955078e-01 7.412770986557006836e-01 7.760720252990722656e-01 8.215594291687011719e-01 8.966183662414550781e-01 9.725623130798339844e-01 1.072989940643310547e+00 1.194796085357666016e+00 nan 0.000000000000000000e+00 0.000000000000000000e+00 0.000000000000000000e+00 0.000000000000000000e+00 0.000000000000000000e+00 0.000000000000000000e+00
7.544665336608886719e-01 7.573170661926269531e-01 7.508527040481567383e-01 7.347893714904785156e-01 7.153856754302978516e-01 6.930344104766845703e-01 6.709744930267333984e-01 6.746833324432373047e-01 6.951646804809570312e-01 7.290381193161010742e-01 7.635886669158935547e-01 8.080788850784301758e-01 8.840917348861694336e-01 9.633004665374755859e-01 1.078764915466308594e+00 1.187111377716064453e+00 nan 0.000000000000000000e+00 0.000000000000000000e+00 0.000000000000000000e+00 0.000000000000000000e+00 0.000000000000000000e+00
5.812543630599975586e-01 7.045195102691650391e-01 7.108967304229736328e-01 6.958668231964111328e-01 6.799627542495727539e-01 6.642076969146728516e-01 6.486004590988159180e-01 6.331394910812377930e-01 6.488102674484252930e-01 6.832498311996459961e-01 7.168853282928466797e-01 7.511929273605346680e-01 7.946981191635131836e-01 8.701484203338623047e-01 9.562331438064575195e-01 1.064905643463134766e+00 0.000000000000000000e+00 nan 0.000000000000000000e+00 0.000000000000000000e+00 0.000000000000000000e+00 0.000000000000000000e+00
5.559144020080566406e-01 5.553580522537231445e-01 6.210366487503051758e-01 6.578176021575927734e-01 6.422703266143798828e-01 6.268688440322875977e-01 6.116116046905517578e-01 5.964976549148559570e-01 5.925964117050170898e-01 6.199432611465454102e-01 6.569173336029052734e-01 6.947352886199951172e-01 7.334164381027221680e-01 7.804265022277832031e-01 8.551714420318603516e-01 9.412386417388916016e-01 0.000000000000000000e+00 0.000000000000000000e+00 nan 0.000000000000000000e+00 0.000000000000000000e+00 0.000000000000000000e+00
5.337818861007690430e-01 5.326097011566162109e-01 5.293203592300415039e-01 5.416425466537475586e-01 6.054235696792602539e-01 5.903675556182861328e-01 5.754529237747192383e-01 5.606778860092163086e-01 5.585790872573852539e-01 5.664346218109130859e-01 5.915817022323608398e-01 6.279084682464599609e-01 6.650643348693847656e-01 7.030682563781738281e-01 7.427011728286743164e-01 8.169988393783569336e-01 0.000000000000000000e+00 0.000000000000000000e+00 0.000000000000000000e+00 nan 0.000000000000000000e+00 0.000000000000000000e+00
5.101677179336547852e-01 5.101941823959350586e-01 5.074156522750854492e-01 5.033537149429321289e-01 5.019251108169555664e-01 5.546854734420776367e-01 5.401053428649902344e-01 5.256618261337280273e-01 5.252884626388549805e-01 5.329761505126953125e-01 5.407025814056396484e-01 5.637166500091552734e-01 5.994074344635009766e-01 6.359126567840576172e-01 6.740086078643798828e-01 7.162308692932128906e-01 0.000000000000000000e+00 0.000000000000000000e+00 0.000000000000000000e+00 0.000000000000000000e+00 nan 0.000000000000000000e+00
4.794522523880004883e-01 4.859993457794189453e-01 4.852331876754760742e-01 4.814101457595825195e-01 4.790334701538085938e-01 4.791085720062255859e-01 4.864097833633422852e-01 4.914313554763793945e-01 4.927089214324951172e-01 5.002323389053344727e-01 5.077936649322509766e-01 5.153932571411132812e-01 5.363394021987915039e-01 5.714052915573120117e-01 6.080235242843627930e-01 6.481293439865112305e-01 0.000000000000000000e+00 0.000000000000000000e+00 0.000000000000000000e+00 0.000000000000000000e+00 0.000000000000000000e+00 nan
