nan 1.101077079772949219e+00 1.065328836441040039e+00 1.034202098846435547e+00 1.002741098403930664e+00 9.555194377899169922e-01 9.424881935119628906e-01 9.205750226974487305e-01 8.981258869171142578e-01 8.759392499923706055e-01 8.540118932723999023e-01 8.323410749435424805e-01 8.109233379364013672e-01 8.102715015411376953e-01 7.972658872604370117e-01 8.017969131469726562e-01 0.000000000000000000e+00 0.000000000000000000e+00 0.000000000000000000e+00 0.000000000000000000e+00 0.000000000000000000e+00 0.000000000000000000e+00
1.050979137420654297e+00 nan 1.138267993927001953e+00 1.106041908264160156e+00 1.068561077117919922e+00 1.019787311553955078e+00 9.679903984069824219e-01 9.344941377639770508e-01 9.118824005126953125e-01 8.895350694656372070e-01 8.674488067626953125e-01 8.456207513809204102e-01 8.233735561370849609e-01 8.026453256607055664e-01 7.867338657379150391e-01 7.863889932632446289e-01 0.000000000000000000e+00 0.000000000000000000e+00 0.000000000000000000e+00 0.000000000000000000e+00 0.000000000000000000e+00 0.000000000000000000e+00
9.936633110046386719e-01 1.095929861068725586e+00 nan 1.180419206619262695e+00 1.136544466018676758e+00 1.085523605346679688e+00 1.029583692550659180e+00 9.700646400451660156e-01 9.257388114929199219e-01 9.032292366027832031e-01 8.809828758239746094e-01 8.589967489242553711e-01 8.431805372238159180e-01 8.247807025909423828e-01 7.823704481124877930e-01 7.832403182983398438e-01 0.000000000000000000e+00 0.000000000000000000e+00 0.000000000000000000e+00 0.000000000000000000e+00 0.000000000000000000e+00 0.000000000000000000e+00
9.375017881393432617e-01 1.038044452667236328e+00 1.141865491867065430e+00 nan 1.206762313842773438e+00 1.153244018554687500e+00 1.093105316162109375e+00 1.031723260879516602e+00 9.721413850784301758e-01 9.170230627059936523e-01 8.946155309677124023e-01 8.838580846786499023e-01 8.657211065292358398e-01 8.470960855484008789e-01 8.024184703826904297e-01 7.622699737548828125e-01 0.000000000000000000e+00 0.000000000000000000e+00 0.000000000000000000e+00 0.000000000000000000e+00 0.000000000000000000e+00 0.000000000000000000e+00
8.826483488082885742e-01 9.816510677337646484e-01 1.083119869232177734e+00 1.186453342437744141e+00 nan 1.225021839141845703e+00 1.158614397048950195e+00 1.095311403274536133e+00 1.033864736557006836e+00 9.742200374603271484e-01 9.276866912841796875e-01 9.075798988342285156e-01 8.885370492935180664e-01 8.696845769882202148e-01 8.123977184295654297e-01 7.602454423904418945e-01 0.000000000000000000e+00 0.000000000000000000e+00 0.000000000000000000e+00 0.000000000000000000e+00 0.000000000000000000e+00 0.000000000000000000e+00
8.278803825378417969e-01 9.240032434463500977e-01 1.025180816650390625e+00 1.122549533843994141e+00 1.207027196884155273e+00 nan 1.238799333572387695e+00 1.163116693496704102e+00 1.095716238021850586e+00 1.034913539886474609e+00 9.909807443618774414e-01 9.382088184356689453e-01 9.046775102615356445e-01 8.650660514831542969e-01 8.096258640289306641e-01 7.580124139785766602e-01 0.000000000000000000e+00 0.000000000000000000e+00 0.000000000000000000e+00 0.000000000000000000e+00 0.000000000000000000e+00 0.000000000000000000e+00
7.815663814544677734e-01 8.680323362350463867e-01 9.662666320800781250e-01 1.054950475692749023e+00 1.137908220291137695e+00 1.231694221496582031e+00 nan 1.251986980438232422e+00 1.175858497619628906e+00 1.105720043182373047e+00 1.050297498703002930e+00 9.940570592880249023e-01 9.189387559890747070e-01 8.525527715682983398e-01 8.026112318038940430e-01 7.572939395904541016e-01 0.000000000000000000e+00 0.000000000000000000e+00 0.000000000000000000e+00 0.000000000000000000e+00 0.000000000000000000e+00 0.000000000000000000e+00
7.652943134307861328e-01 8.238518238067626953e-01 9.090663194656372070e-01 9.895044565200805664e-01 1.067105293273925781e+00 1.147073507308959961e+00 1.250675439834594727e+00 nan 1.265252113342285156e+00 1.195151805877685547e+00 1.127897024154663086e+00 1.046204805374145508e+00 9.513833522796630859e-01 8.609558343887329102e-01 7.962056398391723633e-01 7.613997459411621094e-01 0.000000000000000000e+00 0.000000000000000000e+00 0.000000000000000000e+00 0.000000000000000000e+00 0.000000000000000000e+00 0.000000000000000000e+00
7.503730058670043945e-01 8.080378770828247070e-01 8.630800247192382812e-01 9.261425733566284180e-01 9.986469745635986328e-01 1.071483850479125977e+00 1.165335178375244141e+00 1.269818067550659180e+00 nan 1.285142183303833008e+00 1.201329708099365234e+00 1.099319934844970703e+00 1.002036809921264648e+00 9.112669229507446289e-01 8.233239650726318359e-01 7.843704223632812500e-01 0.000000000000000000e+00 0.000000000000000000e+00 0.000000000000000000e+00 0.000000000000000000e+00 0.000000000000000000e+00 0.000000000000000000e+00
7.345095872879028320e-01 7.923610210418701172e-01 8.421967029571533203e-01 8.840132951736450195e-01 9.324557781219482422e-01 1.002880573272705078e+00 1.083230257034301758e+00 1.183454990386962891e+00 1.282391309738159180e+00 nan 1.261215686798095703e+00 1.153813123703002930e+00 1.054004907608032227e+00 9.645721912384033203e-01 8.863717317581176758e-01 8.122050762176513672e-01 0.000000000000000000e+00 0.000000000000000000e+00 0.000000000000000000e+00 0.000000000000000000e+00 0.000000000000000000e+00 0.000000000000000000e+00
7.162508964538574219e-01 7.765675783157348633e-01 8.215473890304565430e-01 8.576350212097167969e-01 8.798865079879760742e-01 9.354308843612670898e-01 1.000336647033691406e+00 1.087970972061157227e+00 1.181456565856933594e+00 1.266368389129638672e+00 nan 1.222006797790527344e+00 1.118886232376098633e+00 1.032358407974243164e+00 9.515998363494873047e-01 8.724457025527954102e-01 0.000000000000000000e+00 0.000000000000000000e+00 0.000000000000000000e+00 0.000000000000000000e+00 0.000000000000000000e+00 0.000000000000000000e+00
7.178040742874145508e-01 7.607607841491699219e-01 8.019976615905761719e-01 8.297594785690307617e-01 8.464825153350830078e-01 8.633582592010498047e-01 9.224036931991577148e-01 9.966627359390258789e-01 1.074846267700195312e+00 1.155608654022216797e+00 1.256775617599487305e+00 nan 1.193794727325439453e+00 1.102564573287963867e+00 1.019083023071289062e+00 9.371919631958007812e-01 0.000000000000000000e+00 0.000000000000000000e+00 0.000000000000000000e+00 0.000000000000000000e+00 0.000000000000000000e+00 0.000000000000000000e+00
7.322385311126708984e-01 7.488467693328857422e-01 7.764643430709838867e-01 7.965019941329956055e-01 8.096290826797485352e-01 8.261680603027343750e-01 8.475067615509033203e-01 8.995084762573242188e-01 9.734461307525634766e-01 1.050261259078979492e+00 1.130066633224487305e+00 1.250244617462158203e+00 nan 1.196491956710815430e+00 1.088847160339355469e+00 1.004177093505859375e+00 0.000000000000000000e+00 0.000000000000000000e+00 0.000000000000000000e+00 0.000000000000000000e+00 0.000000000000000000e+00 0.000000000000000000e+00
7.461426258087158203e-01 7.577004432678222656e-01 7.506983280181884766e-01 7.641263008117675781e-01 7.814946174621582031e-01 7.934651374816894531e-01 8.004802465438842773e-01 8.126035928726196289e-01 8.851835727691650391e-01 9.606697559356689453e-01 1.039178609848022461e+00 1.130090951919555664e+00 1.265443563461303711e+00 nan 1.177868366241455078e+00 1.073478460311889648e+00 0.000000000000000000e+00 0.000000000000000000e+00 0.000000000000000000e+00 0.000000000000000000e+00 0.000000000000000000e+00 0.000000000000000000e+00
7.599248886108398438e-01 7.595648765563964844e-01 7.521486282348632812e-01 7.406529188156127930e-01 7.504369020462036133e-01 7.625067234039306641e-01 7.675012350082397461e-01 7.725101709365844727e-01 8.076919317245483398e-01 8.800752162933349609e-01 9.553568363189697266e-01 1.033652782440185547e+00 1.142880678176879883e+00 1.282016038894653320e+00 nan 1.162849664688110352e+00 0.000000000000000000e+00 0.000000000000000000e+00 0.000000000000000000e+00 0.000000000000000000e+00 0.000000000000000000e+00 0.000000000000000000e+00
7.654371261596679688e-01 7.614314556121826172e-01 7.536000013351440430e-01 7.420947551727294922e-01 7.252345085144042969e-01 7.197185754776000977e-01 7.279065847396850586e-01 7.361334562301635742e-01 7.671272754669189453e-01 8.027933835983276367e-01 8.749805688858032227e-01 9.500581026077270508e-01 1.030243158340454102e+00 1.155747175216674805e+00 1.266134500503540039e+00 nan 0.000000000000000000e+00 0.000000000000000000e+00 0.000000000000000000e+00 0.000000000000000000e+00 0.000000000000000000e+00 0.000000000000000000e+00
7.506074905395507812e-01 7.534648180007934570e-01 7.513633966445922852e-01 7.394369840621948242e-01 7.167725563049316406e-01 6.944032907485961914e-01 6.850401163101196289e-01 6.930627822875976562e-01 7.203302383422851562e-01 7.547067403793334961e-01 7.923005819320678711e-01 8.676501512527465820e-01 9.447737932205200195e-01 1.042433261871337891e+00 1.146141052246093750e+00 1.256020545959472656e+00 nan 0.000000000000000000e+00 0.000000000000000000e+00 0.000000000000000000e+00 0.000000000000000000e+00 0.000000000000000000e+00
5.887064933776855469e-01 7.154762744903564453e-01 7.185610532760620117e-01 7.034611701965332031e-01 6.874858140945434570e-01 6.716603040695190430e-01 6.559829711914062500e-01 6.492393016815185547e-01 6.747726202011108398e-01 7.082386016845703125e-01 7.423735857009887695e-01 7.790365219116210938e-01 8.538285493850708008e-01 9.317648410797119141e-01 1.027950525283813477e+00 1.136057853698730469e+00 0.000000000000000000e+00 nan 0.000000000000000000e+00 0.000000000000000000e+00 0.000000000000000000e+00 0.000000000000000000e+00
5.630660057067871094e-01 5.666394233703613281e-01 6.395785808563232422e-01 6.652415990829467773e-01 6.496245861053466797e-01 6.341540813446044922e-01 6.188286542892456055e-01 6.036469936370849609e-01 6.117445230484008789e-01 6.485315561294555664e-01 6.861581802368164062e-01 7.246435880661010742e-01 7.648229598999023438e-01 8.401093482971191406e-01 9.135950803756713867e-01 1.009817600250244141e+00 0.000000000000000000e+00 0.000000000000000000e+00 nan 0.000000000000000000e+00 0.000000000000000000e+00 0.000000000000000000e+00
5.446673631668090820e-01 5.437260866165161133e-01 5.404297113418579102e-01 5.592763423919677734e-01 6.126128435134887695e-01 5.974894762039184570e-01 5.825078487396240234e-01 5.676668882369995117e-01 5.706406831741333008e-01 5.835264921188354492e-01 6.196694374084472656e-01 6.566373109817504883e-01 6.944488286972045898e-01 7.331235408782958984e-01 8.002213239669799805e-01 8.810292482376098633e-01 0.000000000000000000e+00 0.000000000000000000e+00 0.000000000000000000e+00 nan 0.000000000000000000e+00 0.000000000000000000e+00
5.202319622039794922e-01 5.211479663848876953e-01 5.183658599853515625e-01 5.142743587493896484e-01 5.128401517868041992e-01 5.616475343704223633e-01 5.470019578933715820e-01 5.324939489364624023e-01 5.370924472808837891e-01 5.448396205902099609e-01 5.558025836944580078e-01 5.913126468658447266e-01 6.276332139968872070e-01 6.647828817367553711e-01 7.052047252655029297e-01 7.550311088562011719e-01 0.000000000000000000e+00 0.000000000000000000e+00 0.000000000000000000e+00 0.000000000000000000e+00 nan 0.000000000000000000e+00
4.898058176040649414e-01 4.963986873626708984e-01 4.962922334671020508e-01 4.924405813217163086e-01 4.900150299072265625e-01 4.899104833602905273e-01 5.034095048904418945e-01 4.981101751327514648e-01 5.042606592178344727e-01 5.118423700332641602e-01 5.194623470306396484e-01 5.285638570785522461e-01 5.634522438049316406e-01 5.991370677947998047e-01 6.379901170730590820e-01 6.782531738281250000e-01 0.000000000000000000e+00 0.000000000000000000e+00 0.000000000000000000e+00 0.000000000000000000e+00 0.000000000000000000e+00 nan
