nan 1.229606628417968750e+00 1.136194229125976562e+00 1.078120946884155273e+00 1.047046899795532227e+00 1.000902652740478516e+00 9.575788974761962891e-01 9.435261487960815430e-01 9.258040189743041992e-01 9.126294851303100586e-01 9.051241874694824219e-01 8.976486921310424805e-01 8.902022838592529297e-01 8.730169534683227539e-01 8.568831682205200195e-01 8.403627872467041016e-01 0.000000000000000000e+00 0.000000000000000000e+00 0.000000000000000000e+00 0.000000000000000000e+00 0.000000000000000000e+00 0.000000000000000000e+00
1.111347913742065430e+00 nan 1.259853363037109375e+00 1.165173530578613281e+00 1.117444515228271484e+00 1.067570209503173828e+00 1.016105413436889648e+00 9.659218788146972656e-01 9.497090578079223633e-01 9.420583248138427734e-01 9.344375133514404297e-01 9.268469810485839844e-01 9.192861318588256836e-01 8.729397058486938477e-01 8.528532981872558594e-01 8.363687992095947266e-01 0.000000000000000000e+00 0.000000000000000000e+00 0.000000000000000000e+00 0.000000000000000000e+00 0.000000000000000000e+00 0.000000000000000000e+00
1.008855342864990234e+00 1.147842645645141602e+00 nan 1.293973684310913086e+00 1.188202142715454102e+00 1.135847330093383789e+00 1.082683086395263672e+00 1.040275812149047852e+00 9.960123300552368164e-01 9.719394445419311523e-01 9.642014503479003906e-01 9.564940929412841797e-01 9.459712505340576172e-01 9.004653692245483398e-01 8.488317728042602539e-01 8.323831558227539062e-01 0.000000000000000000e+00 0.000000000000000000e+00 0.000000000000000000e+00 0.000000000000000000e+00 0.000000000000000000e+00 0.000000000000000000e+00
9.544179439544677734e-01 1.054225206375122070e+00 1.184967756271362305e+00 nan 1.318092346191406250e+00 1.206379413604736328e+00 1.162155628204345703e+00 1.121180295944213867e+00 1.075161457061767578e+00 1.030141115188598633e+00 9.944239854812622070e-01 9.865978956222534180e-01 9.706964492797851562e-01 9.283959865570068359e-01 8.744901418685913086e-01 8.107557296752929688e-01 0.000000000000000000e+00 0.000000000000000000e+00 0.000000000000000000e+00 0.000000000000000000e+00 0.000000000000000000e+00 0.000000000000000000e+00
9.030854701995849609e-01 1.000140428543090820e+00 1.102144956588745117e+00 1.223070859909057617e+00 nan 1.358084201812744141e+00 1.264152288436889648e+00 1.202332735061645508e+00 1.155029535293579102e+00 1.108742237091064453e+00 1.063449144363403320e+00 1.017587900161743164e+00 9.954279661178588867e-01 9.567151069641113281e-01 8.791664838790893555e-01 8.157006502151489258e-01 0.000000000000000000e+00 0.000000000000000000e+00 0.000000000000000000e+00 0.000000000000000000e+00 0.000000000000000000e+00 0.000000000000000000e+00
8.554613590240478516e-01 9.500874280929565430e-01 1.049539327621459961e+00 1.149254560470581055e+00 1.249779939651489258e+00 nan 1.414972782135009766e+00 1.308581829071044922e+00 1.235001802444458008e+00 1.176805973052978516e+00 1.129917860031127930e+00 1.076745748519897461e+00 1.020002841949462891e+00 9.562888145446777344e-01 8.713866472244262695e-01 8.105076551437377930e-01 0.000000000000000000e+00 0.000000000000000000e+00 0.000000000000000000e+00 0.000000000000000000e+00 0.000000000000000000e+00 0.000000000000000000e+00
8.058089017868041992e-01 9.008808135986328125e-01 9.982502460479736328e-01 1.090509414672851562e+00 1.176980495452880859e+00 1.307121038436889648e+00 nan 1.460597991943359375e+00 1.352197170257568359e+00 1.270235776901245117e+00 1.210274934768676758e+00 1.139865875244140625e+00 1.059629678726196289e+00 9.556396007537841797e-01 8.633931875228881836e-01 8.044233322143554688e-01 0.000000000000000000e+00 0.000000000000000000e+00 0.000000000000000000e+00 0.000000000000000000e+00 0.000000000000000000e+00 0.000000000000000000e+00
7.834511995315551758e-01 8.470259904861450195e-01 9.432476758956909180e-01 1.028507471084594727e+00 1.106786966323852539e+00 1.211091279983520508e+00 1.360611200332641602e+00 nan 1.507086277008056641e+00 1.396637201309204102e+00 1.298684835433959961e+00 1.212618112564086914e+00 1.110283851623535156e+00 1.007228612899780273e+00 8.833454847335815430e-01 8.163753747940063477e-01 0.000000000000000000e+00 0.000000000000000000e+00 0.000000000000000000e+00 0.000000000000000000e+00 0.000000000000000000e+00 0.000000000000000000e+00
7.626253366470336914e-01 8.314421176910400391e-01 8.900390863418579102e-01 9.644082784652709961e-01 1.041338205337524414e+00 1.132384777069091797e+00 1.252021074295043945e+00 1.415341854095458984e+00 nan 1.556674242019653320e+00 1.416360378265380859e+00 1.271006584167480469e+00 1.165971755981445312e+00 1.063003540039062500e+00 9.355258941650390625e-01 8.340921401977539062e-01 0.000000000000000000e+00 0.000000000000000000e+00 0.000000000000000000e+00 0.000000000000000000e+00 0.000000000000000000e+00 0.000000000000000000e+00
7.411743402481079102e-01 8.138033151626586914e-01 8.692934513092041016e-01 9.094592332839965820e-01 9.779218435287475586e-01 1.066140174865722656e+00 1.171070575714111328e+00 1.293707370758056641e+00 1.471340417861938477e+00 nan 1.530061244964599609e+00 1.363534927368164062e+00 1.223129510879516602e+00 1.120309352874755859e+00 9.891519546508789062e-01 8.821660280227661133e-01 0.000000000000000000e+00 0.000000000000000000e+00 0.000000000000000000e+00 0.000000000000000000e+00 0.000000000000000000e+00 0.000000000000000000e+00
7.134319543838500977e-01 7.926229238510131836e-01 8.487756252288818359e-01 8.831677436828613281e-01 9.167333841323852539e-01 1.001954078674316406e+00 1.093030691146850586e+00 1.205312728881835938e+00 1.322489738464355469e+00 1.464297294616699219e+00 nan 1.479693889617919922e+00 1.311863422393798828e+00 1.176261425018310547e+00 1.044915914535522461e+00 9.360824823379516602e-01 0.000000000000000000e+00 0.000000000000000000e+00 0.000000000000000000e+00 0.000000000000000000e+00 0.000000000000000000e+00 0.000000000000000000e+00
7.066817283630371094e-01 7.716898918151855469e-01 8.261864185333251953e-01 8.572382926940917969e-01 8.932440280914306641e-01 9.336786270141601562e-01 1.014251947402954102e+00 1.113171815872192383e+00 1.196328639984130859e+00 1.279472827911376953e+00 1.429062366485595703e+00 nan 1.442196846008300781e+00 1.261322259902954102e+00 1.103494882583618164e+00 9.915438890457153320e-01 0.000000000000000000e+00 0.000000000000000000e+00 0.000000000000000000e+00 0.000000000000000000e+00 0.000000000000000000e+00 0.000000000000000000e+00
7.211059331893920898e-01 7.530555725097656250e-01 7.985491752624511719e-01 8.277941942214965820e-01 8.593339920043945312e-01 8.910828828811645508e-01 9.398630857467651367e-01 1.001260280609130859e+00 1.077020406723022461e+00 1.155648231506347656e+00 1.237252950668334961e+00 1.405607461929321289e+00 nan 1.405267238616943359e+00 1.189283370971679688e+00 1.049639701843261719e+00 0.000000000000000000e+00 0.000000000000000000e+00 0.000000000000000000e+00 0.000000000000000000e+00 0.000000000000000000e+00 0.000000000000000000e+00
7.348308563232421875e-01 7.566069364547729492e-01 7.616394758224487305e-01 7.875615358352661133e-01 8.260309696197509766e-01 8.572112321853637695e-01 8.687615394592285156e-01 8.925482034683227539e-01 9.641926288604736328e-01 1.038549661636352539e+00 1.115721225738525391e+00 1.195813894271850586e+00 1.382378816604614258e+00 nan 1.345723867416381836e+00 1.140072345733642578e+00 0.000000000000000000e+00 0.000000000000000000e+00 0.000000000000000000e+00 0.000000000000000000e+00 0.000000000000000000e+00 0.000000000000000000e+00
7.589300870895385742e-01 7.542592287063598633e-01 7.541569471359252930e-01 7.562503814697265625e-01 7.865129709243774414e-01 8.069229125976562500e-01 8.093390464782714844e-01 8.131968975067138672e-01 8.574947118759155273e-01 9.278123378753662109e-01 1.000791788101196289e+00 1.076534032821655273e+00 1.172022342681884766e+00 1.359375000000000000e+00 nan 1.308730840682983398e+00 0.000000000000000000e+00 0.000000000000000000e+00 0.000000000000000000e+00 0.000000000000000000e+00 0.000000000000000000e+00 0.000000000000000000e+00
7.824857234954833984e-01 7.652747631072998047e-01 7.477895021438598633e-01 7.520520687103271484e-01 7.444477081298828125e-01 7.378365993499755859e-01 7.424471378326416016e-01 7.480497360229492188e-01 7.804348468780517578e-01 8.280769586563110352e-01 8.993414640426635742e-01 9.733837842941284180e-01 1.050312519073486328e+00 1.164788484573364258e+00 1.343333959579467773e+00 nan 0.000000000000000000e+00 0.000000000000000000e+00 0.000000000000000000e+00 0.000000000000000000e+00 0.000000000000000000e+00 0.000000000000000000e+00
7.486317157745361328e-01 7.455390691757202148e-01 7.385084629058837891e-01 7.376489639282226562e-01 7.210630178451538086e-01 6.968390941619873047e-01 6.887009143829345703e-01 6.950200796127319336e-01 7.233352661132812500e-01 7.559602260589599609e-01 8.048696517944335938e-01 8.808255195617675781e-01 9.599781036376953125e-01 1.047309398651123047e+00 1.164290666580200195e+00 1.334571361541748047e+00 nan 0.000000000000000000e+00 0.000000000000000000e+00 0.000000000000000000e+00 0.000000000000000000e+00 0.000000000000000000e+00
5.897684097290039062e-01 7.088408470153808594e-01 7.066738605499267578e-01 6.915737390518188477e-01 6.757236719131469727e-01 6.600221395492553711e-01 6.444678306579589844e-01 6.417226791381835938e-01 6.740132570266723633e-01 7.096798419952392578e-01 7.439072132110595703e-01 7.919175624847412109e-01 8.673285245895385742e-01 9.459128379821777344e-01 1.043133258819580078e+00 1.158928155899047852e+00 0.000000000000000000e+00 nan 0.000000000000000000e+00 0.000000000000000000e+00 0.000000000000000000e+00 0.000000000000000000e+00
5.623122453689575195e-01 5.585385560989379883e-01 6.339546442031860352e-01 6.536817550659179688e-01 6.381868124008178711e-01 6.228370666503906250e-01 6.076310873031616211e-01 5.925675630569458008e-01 6.082656383514404297e-01 6.450333595275878906e-01 6.826417446136474609e-01 7.211097478866577148e-01 7.695964574813842773e-01 8.518515825271606445e-01 9.303054809570312500e-01 1.035713434219360352e+00 0.000000000000000000e+00 0.000000000000000000e+00 nan 0.000000000000000000e+00 0.000000000000000000e+00 0.000000000000000000e+00
5.444387197494506836e-01 5.356894731521606445e-01 5.324912071228027344e-01 5.539689064025878906e-01 6.014908552169799805e-01 5.864849090576171875e-01 5.716195106506347656e-01 5.568934679031372070e-01 5.630558729171752930e-01 5.804238319396972656e-01 6.165550947189331055e-01 6.535123586654663086e-01 6.913144588470458984e-01 7.299809455871582031e-01 8.071628808975219727e-01 8.941738605499267578e-01 0.000000000000000000e+00 0.000000000000000000e+00 0.000000000000000000e+00 nan 0.000000000000000000e+00 0.000000000000000000e+00
5.135672092437744141e-01 5.131752490997314453e-01 5.104875564575195312e-01 5.064054727554321289e-01 5.051751136779785156e-01 5.509470701217651367e-01 5.364147424697875977e-01 5.220184326171875000e-01 5.296154022216796875e-01 5.373127460479736328e-01 5.530639886856079102e-01 5.885697603225708008e-01 6.248872280120849609e-01 6.620349884033203125e-01 7.014216184616088867e-01 7.676216363906860352e-01 0.000000000000000000e+00 0.000000000000000000e+00 0.000000000000000000e+00 0.000000000000000000e+00 nan 0.000000000000000000e+00
4.825433492660522461e-01 4.890922307968139648e-01 4.880481958389282227e-01 4.842059612274169922e-01 4.820228815078735352e-01 4.820863008499145508e-01 4.981015920639038086e-01 4.893954992294311523e-01 4.968904256820678711e-01 5.044230222702026367e-01 5.119935274124145508e-01 5.261778831481933594e-01 5.610690116882324219e-01 5.967577695846557617e-01 6.346224546432495117e-01 6.781693696975708008e-01 0.000000000000000000e+00 0.000000000000000000e+00 0.000000000000000000e+00 0.000000000000000000e+00 0.000000000000000000e+00 nan
