nan 1.175824165344238281e+00 1.078278303146362305e+00 1.023759365081787109e+00 9.527453184127807617e-01 9.290424585342407227e-01 9.030219316482543945e-01 8.857874870300292969e-01 8.751083612442016602e-01 8.442622423171997070e-01 8.210846185684204102e-01 8.219252824783325195e-01 7.474868297576904297e-01 6.855466365814208984e-01 6.258019208908081055e-01 5.681749582290649414e-01
1.021860122680664062e+00 nan 1.218588829040527344e+00 1.122164249420166016e+00 1.046570301055908203e+00 9.733963012695312500e-01 9.388214349746704102e-01 9.278419017791748047e-01 9.169245958328247070e-01 8.552925586700439453e-01 8.158320188522338867e-01 7.925548553466796875e-01 7.272919416427612305e-01 6.718451976776123047e-01 6.181784868240356445e-01 5.619926452636718750e-01
9.431982040405273438e-01 1.088148355484008789e+00 nan 1.244632005691528320e+00 1.144903421401977539e+00 1.083082199096679688e+00 1.018120527267456055e+00 9.708341360092163086e-01 9.566841125488281250e-01 8.948059082031250000e-01 8.002958297729492188e-01 7.629985809326171875e-01 7.057293653488159180e-01 6.504141092300415039e-01 5.974352359771728516e-01 5.461570024490356445e-01
8.722578287124633789e-01 1.011725902557373047e+00 1.156053304672241211e+00 nan 1.306449413299560547e+00 1.192277431488037109e+00 1.120908975601196289e+00 1.055423736572265625e+00 9.851642847061157227e-01 9.005904197692871094e-01 8.025262355804443359e-01 7.290294170379638672e-01 6.846549510955810547e-01 6.304850578308105469e-01 5.780568122863769531e-01 5.273145437240600586e-01
8.074885606765747070e-01 9.394147396087646484e-01 1.071450471878051758e+00 1.199265956878662109e+00 nan 1.371176242828369141e+00 1.242373228073120117e+00 1.156636238098144531e+00 1.038006305694580078e+00 8.896634578704833984e-01 7.937830686569213867e-01 7.206428050994873047e-01 6.661138534545898438e-01 6.125401258468627930e-01 5.606889724731445312e-01 5.105050802230834961e-01
7.814786434173583984e-01 8.714921474456787109e-01 9.851621389389038086e-01 1.091061115264892578e+00 1.241648435592651367e+00 nan 1.436156034469604492e+00 1.263827562332153320e+00 1.114158630371093750e+00 9.617189168930053711e-01 8.190153837203979492e-01 7.397999763488769531e-01 6.942998170852661133e-01 6.050790548324584961e-01 5.470594167709350586e-01 4.938805103302001953e-01
7.515082359313964844e-01 8.481236696243286133e-01 9.030673503875732422e-01 9.925112724304199219e-01 1.126195669174194336e+00 1.301831483840942383e+00 nan 1.405044078826904297e+00 1.195214509963989258e+00 1.040940284729003906e+00 8.829609155654907227e-01 7.796465158462524414e-01 7.331043481826782227e-01 6.458008289337158203e-01 5.591983795166015625e-01 5.028371810913085938e-01
7.177811861038208008e-01 8.166563510894775391e-01 8.653340339660644531e-01 8.998745679855346680e-01 1.020142555236816406e+00 1.164507150650024414e+00 1.283853054046630859e+00 nan 1.329467773437500000e+00 1.123360395431518555e+00 9.613674879074096680e-01 8.462028503417968750e-01 7.727975845336914062e-01 6.967040300369262695e-01 5.926033258438110352e-01 5.146291255950927734e-01
7.268303632736206055e-01 7.781965732574462891e-01 8.241550922393798828e-01 8.546392917633056641e-01 9.125162363052368164e-01 9.967411756515502930e-01 1.106837511062622070e+00 1.223003387451171875e+00 nan 1.273248910903930664e+00 1.059134244918823242e+00 9.397348165512084961e-01 8.272585868835449219e-01 7.491817474365234375e-01 6.418614387512207031e-01 5.411254167556762695e-01
7.479509115219116211e-01 7.593564987182617188e-01 7.629510164260864258e-01 8.068482875823974609e-01 8.132661581039428711e-01 8.419783115386962891e-01 9.435411691665649414e-01 1.050704002380371094e+00 1.187922477722167969e+00 nan 1.238790750503540039e+00 1.038005352020263672e+00 9.198310375213623047e-01 8.053666353225708008e-01 6.926428079605102539e-01 5.887911319732666016e-01
7.629767656326293945e-01 7.545530796051025391e-01 7.380373477935791016e-01 7.181432247161865234e-01 7.301039695739746094e-01 7.525421380996704102e-01 8.125013113021850586e-01 9.183959960937500000e-01 1.030477523803710938e+00 1.200831174850463867e+00 nan 1.209742546081542969e+00 1.017093181610107422e+00 9.001314640045166016e-01 7.449947595596313477e-01 6.379312276840209961e-01
7.360657453536987305e-01 7.359681129455566406e-01 7.191283702850341797e-01 6.959093809127807617e-01 6.690173149108886719e-01 6.862978935241699219e-01 7.352774143218994141e-01 7.948198318481445312e-01 9.049355983734130859e-01 1.030071973800659180e+00 1.203698873519897461e+00 nan 1.181071043014526367e+00 9.963957071304321289e-01 8.380123376846313477e-01 6.885911226272583008e-01
5.614773035049438477e-01 6.708228588104248047e-01 6.637821197509765625e-01 6.413105726242065430e-01 6.191427707672119141e-01 6.035171747207641602e-01 6.567372083663940430e-01 7.117235660552978516e-01 7.762453556060791016e-01 8.852216005325317383e-01 1.024615764617919922e+00 1.192247867584228516e+00 nan 1.152771949768066406e+00 9.462819099426269531e-01 7.671523094177246094e-01
5.321516990661621094e-01 5.287946462631225586e-01 5.536864995956420898e-01 5.884697437286376953e-01 5.670154094696044922e-01 5.532082319259643555e-01 5.645107030868530273e-01 6.154690980911254883e-01 6.690858602523803711e-01 7.244820594787597656e-01 8.360204696655273438e-01 9.710294008255004883e-01 1.170702457427978516e+00 nan 1.103176116943359375e+00 8.598672151565551758e-01
4.970235824584960938e-01 4.971897602081298828e-01 4.913486242294311523e-01 4.901411533355712891e-01 5.165663957595825195e-01 5.054388046264648438e-01 5.163936614990234375e-01 5.274281501770019531e-01 5.752290487289428711e-01 6.275101900100708008e-01 6.869612932205200195e-01 7.786275148391723633e-01 9.040130376815795898e-01 1.060210227966308594e+00 nan 9.883712530136108398e-01
4.498037099838256836e-01 4.591661691665649414e-01 4.564411640167236328e-01 4.538859128952026367e-01 4.539757966995239258e-01 4.558281898498535156e-01 4.666780233383178711e-01 4.776087999343872070e-01 4.886209964752197266e-01 5.135986804962158203e-01 5.708608627319335938e-01 6.358304023742675781e-01 7.034870386123657227e-01 8.112723827362060547e-01 9.504331350326538086e-01 nan
