nan 1.094845771789550781e+00 1.049395561218261719e+00 9.921033382415771484e-01 9.458703994750976562e-01 9.131023883819580078e-01 8.808864355087280273e-01 8.492127656936645508e-01 8.180727958679199219e-01 8.093117475509643555e-01 7.957260608673095703e-01 8.126952648162841797e-01 8.137773275375366211e-01 7.553156614303588867e-01 6.932673454284667969e-01 6.328802108764648438e-01
1.049415349960327148e+00 nan 1.154754877090454102e+00 1.087358713150024414e+00 1.006953001022338867e+00 9.331620931625366211e-01 9.006081819534301758e-01 8.686025142669677734e-01 8.426512479782104492e-01 8.095443248748779297e-01 7.879878282546997070e-01 7.848492860794067383e-01 7.894421815872192383e-01 7.317647933959960938e-01 6.759465932846069336e-01 6.219273805618286133e-01
9.665492773056030273e-01 1.116351127624511719e+00 nan 1.186882019042968750e+00 1.098310470581054688e+00 1.010009288787841797e+00 9.254245758056640625e-01 8.978071212768554688e-01 8.752884864807128906e-01 8.468714952468872070e-01 7.733128070831298828e-01 7.545659542083740234e-01 7.616910934448242188e-01 7.085299491882324219e-01 6.534606218338012695e-01 6.001662015914916992e-01
8.858882188796997070e-01 1.030796289443969727e+00 1.175953865051269531e+00 nan 1.198372840881347656e+00 1.100671768188476562e+00 1.017444610595703125e+00 9.522947072982788086e-01 9.059758186340332031e-01 8.647592067718505859e-01 7.821834087371826172e-01 7.244565486907958984e-01 7.315591573715209961e-01 6.857419013977050781e-01 6.313149929046630859e-01 5.786969661712646484e-01
8.071581125259399414e-01 9.460169076919555664e-01 1.076566696166992188e+00 1.202399492263793945e+00 nan 1.217102289199829102e+00 1.119064807891845703e+00 1.034068107604980469e+00 9.427783489227294922e-01 8.467588424682617188e-01 7.722138166427612305e-01 7.270314693450927734e-01 6.989918947219848633e-01 6.661788225173950195e-01 6.123834848403930664e-01 5.603251457214355469e-01
7.766716480255126953e-01 8.647764921188354492e-01 9.817190170288085938e-01 1.089282035827636719e+00 1.229507923126220703e+00 nan 1.248656749725341797e+00 1.141357183456420898e+00 9.995123147964477539e-01 8.664463758468627930e-01 7.781574726104736328e-01 7.328628301620483398e-01 6.943858861923217773e-01 6.468427181243896484e-01 5.936717987060546875e-01 5.422174930572509766e-01
7.543522119522094727e-01 8.351210355758666992e-01 8.934791088104248047e-01 9.900771379470825195e-01 1.108433961868286133e+00 1.253319025039672852e+00 nan 1.222107172012329102e+00 1.074913501739501953e+00 9.418116807937622070e-01 8.239908218383789062e-01 7.706928253173828125e-01 7.242739200592041016e-01 6.640546321868896484e-01 5.844888687133789062e-01 5.270415544509887695e-01
7.302976846694946289e-01 8.054831027984619141e-01 8.553050756454467773e-01 8.913258314132690430e-01 9.836206436157226562e-01 1.113188982009887695e+00 1.236602067947387695e+00 nan 1.160459518432617188e+00 1.033170938491821289e+00 9.157886505126953125e-01 8.107280731201171875e-01 7.632595300674438477e-01 7.141710519790649414e-01 6.087139844894409180e-01 5.382517576217651367e-01
7.334216833114624023e-01 7.760684490203857422e-01 8.053201436996459961e-01 8.292011022567749023e-01 8.729652166366577148e-01 9.674912691116333008e-01 1.079061985015869141e+00 1.215770959854125977e+00 nan 1.135341167449951172e+00 1.012206792831420898e+00 8.953930139541625977e-01 8.031266927719116211e-01 7.558577060699462891e-01 6.571637392044067383e-01 5.552139282226562500e-01
7.545001506805419922e-01 7.516742944717407227e-01 7.603640556335449219e-01 7.826888561248779297e-01 7.938964366912841797e-01 8.383982181549072266e-01 9.456669092178344727e-01 1.059194803237915039e+00 1.225802898406982422e+00 nan 1.113477468490600586e+00 9.907847642898559570e-01 8.752145767211914062e-01 7.955574989318847656e-01 7.070727348327636719e-01 6.020522117614746094e-01
7.620438337326049805e-01 7.543666362762451172e-01 7.378864288330078125e-01 7.324526309967041016e-01 7.443798780441284180e-01 7.661095857620239258e-01 8.312066793441772461e-01 9.380558729171752930e-01 1.058801889419555664e+00 1.238936901092529297e+00 nan 1.090977191925048828e+00 9.695904254913330078e-01 8.552509546279907227e-01 7.584844827651977539e-01 6.503013372421264648e-01
7.462029457092285156e-01 7.468435764312744141e-01 7.339252233505249023e-01 7.013860940933227539e-01 6.822174787521362305e-01 7.014780044555664062e-01 7.508059740066528320e-01 8.193962574005126953e-01 9.304745197296142578e-01 1.070597887039184570e+00 1.218425273895263672e+00 nan 1.068716287612915039e+00 9.486222267150878906e-01 8.184322118759155273e-01 7.000036239624023438e-01
5.734277963638305664e-01 6.897635459899902344e-01 6.786996126174926758e-01 6.560068130493164062e-01 6.336209774017333984e-01 6.253954172134399414e-01 6.792528629302978516e-01 7.330586910247802734e-01 7.999796867370605469e-01 9.091761112213134766e-01 1.040415763854980469e+00 1.210950613021850586e+00 nan 1.048927068710327148e+00 9.239716529846191406e-01 7.512024641036987305e-01
5.459414720535278320e-01 5.427837371826171875e-01 5.712980031967163086e-01 6.026074886322021484e-01 5.809433460235595703e-01 5.675486326217651367e-01 5.844513177871704102e-01 6.369520425796508789e-01 6.911923885345458984e-01 7.522735595703125000e-01 8.644909858703613281e-01 1.016565322875976562e+00 1.203500986099243164e+00 nan 1.030870437622070312e+00 8.439157009124755859e-01
5.094126462936401367e-01 5.109668970108032227e-01 5.050892829895019531e-01 5.036970376968383789e-01 5.299643278121948242e-01 5.194157361984252930e-01 5.304899215698242188e-01 5.445384979248046875e-01 5.957168340682983398e-01 6.493306159973144531e-01 7.080838680267333984e-01 8.045375347137451172e-01 9.316341876983642578e-01 1.108482122421264648e+00 nan 9.524501562118530273e-01
4.625214338302612305e-01 4.719320535659790039e-01 4.705327749252319336e-01 4.677833318710327148e-01 4.678908586502075195e-01 4.700168371200561523e-01 4.809894561767578125e-01 4.920439720153808594e-01 5.031809806823730469e-01 5.393944978713989258e-01 5.968332290649414062e-01 6.608331203460693359e-01 7.294324636459350586e-01 8.525311946868896484e-01 1.001001358032226562e+00 nan
