nan 1.030054807662963867e+00 9.863539934158325195e-01 9.392294883728027344e-01 9.116626977920532227e-01 8.918721675872802734e-01 8.722865581512451172e-01 8.414497375488281250e-01 8.105784654617309570e-01 8.149696588516235352e-01 7.947207689285278320e-01 8.020513057708740234e-01 7.709439992904663086e-01 7.140960693359375000e-01 6.590729951858520508e-01 6.058162450790405273e-01
9.696816205978393555e-01 nan 1.090083837509155273e+00 1.033524036407470703e+00 9.615761041641235352e-01 9.162707328796386719e-01 8.931286334991455078e-01 8.613910675048828125e-01 8.301852941513061523e-01 7.853207588195800781e-01 7.644543647766113281e-01 7.716611623764038086e-01 7.482424974441528320e-01 6.921234130859375000e-01 6.378057003021240234e-01 5.852314233779907227e-01
8.930495977401733398e-01 1.034258842468261719e+00 nan 1.132055997848510742e+00 1.055825233459472656e+00 9.823204278945922852e-01 9.136294126510620117e-01 8.815480470657348633e-01 8.416079282760620117e-01 7.850940227508544922e-01 7.346982955932617188e-01 7.417834997177124023e-01 7.258318662643432617e-01 6.704322099685668945e-01 6.168107986450195312e-01 5.649105310440063477e-01
8.239012956619262695e-01 9.597672224044799805e-01 1.105753660202026367e+00 nan 1.159117460250854492e+00 1.077110528945922852e+00 9.899514913558959961e-01 8.996895551681518555e-01 8.410171270370483398e-01 7.916475534439086914e-01 7.396295070648193359e-01 7.109174728393554688e-01 7.050669193267822266e-01 6.502405405044555664e-01 5.971771478652954102e-01 5.458201169967651367e-01
7.773288488388061523e-01 8.893235921859741211e-01 1.023147821426391602e+00 1.140772581100463867e+00 nan 1.174378395080566406e+00 1.075543880462646484e+00 9.533395767211914062e-01 8.424872159957885742e-01 7.965019941329956055e-01 7.461861371994018555e-01 7.075631618499755859e-01 6.858682632446289062e-01 6.320781707763671875e-01 5.795987844467163086e-01 5.288068056106567383e-01
7.530332803726196289e-01 8.393479585647583008e-01 9.349126815795898438e-01 1.039880037307739258e+00 1.156192541122436523e+00 nan 1.167580604553222656e+00 1.037116289138793945e+00 9.145045280456542969e-01 8.219449520111083984e-01 7.722343206405639648e-01 7.258859872817993164e-01 6.807497739791870117e-01 6.141157150268554688e-01 5.620980262756347656e-01 5.116631984710693359e-01
7.322874069213867188e-01 8.169738054275512695e-01 8.790624141693115234e-01 9.437421560287475586e-01 1.047054529190063477e+00 1.160772323608398438e+00 nan 1.136139631271362305e+00 1.011970996856689453e+00 9.052013158798217773e-01 8.127074241638183594e-01 7.651870250701904297e-01 7.189123630523681641e-01 6.384457349777221680e-01 5.649704933166503906e-01 5.082308053970336914e-01
7.120071649551391602e-01 7.904077768325805664e-01 8.418051004409790039e-01 8.738998174667358398e-01 9.258220195770263672e-01 1.021643161773681641e+00 1.137243747711181641e+00 nan 1.115109205245971680e+00 1.000991106033325195e+00 8.886586427688598633e-01 8.050978183746337891e-01 7.577768564224243164e-01 6.877907514572143555e-01 5.839567184448242188e-01 5.193028450012207031e-01
7.329462766647338867e-01 7.630401849746704102e-01 8.060607910156250000e-01 8.175513744354248047e-01 8.249958753585815430e-01 8.917804956436157227e-01 1.002164125442504883e+00 1.118988513946533203e+00 nan 1.101596593856811523e+00 9.837111234664916992e-01 8.685518503189086914e-01 7.975201606750488281e-01 7.386218309402465820e-01 6.316606998443603516e-01 5.312798023223876953e-01
7.538486719131469727e-01 7.643003463745117188e-01 7.491768598556518555e-01 7.612192630767822266e-01 7.733443975448608398e-01 8.015073537826538086e-01 8.843803405761718750e-01 9.943321943283081055e-01 1.111727237701416016e+00 nan 1.083547830581665039e+00 9.625926017761230469e-01 8.486591577529907227e-01 7.899742126464843750e-01 6.808015108108520508e-01 5.773973464965820312e-01
7.738792896270751953e-01 7.611303329467773438e-01 7.280805110931396484e-01 6.984566450119018555e-01 7.101498842239379883e-01 7.343320846557617188e-01 7.846126556396484375e-01 8.708802461624145508e-01 9.855436086654663086e-01 1.130066394805908203e+00 nan 1.061366081237792969e+00 9.416985511779785156e-01 8.304455280303955078e-01 7.314221858978271484e-01 6.249039173126220703e-01
7.421733140945434570e-01 7.265377044677734375e-01 7.041581869125366211e-01 6.811214685440063477e-01 6.520550251007080078e-01 6.683832406997680664e-01 7.167519330978393555e-01 7.665227651596069336e-01 8.509143590927124023e-01 9.643539190292358398e-01 1.123891353607177734e+00 nan 1.039420604705810547e+00 9.210271835327148438e-01 7.835675477981567383e-01 6.738412380218505859e-01
5.515064001083374023e-01 6.699149608612060547e-01 6.492061614990234375e-01 6.269121170043945312e-01 6.049194335937500000e-01 5.908994674682617188e-01 6.376252174377441406e-01 6.918878555297851562e-01 7.479486465454101562e-01 8.311613798141479492e-01 9.434155225753784180e-01 1.113331317901611328e+00 nan 1.017708778381347656e+00 8.710347414016723633e-01 7.170342206954956055e-01
5.197288990020751953e-01 5.168105363845825195e-01 5.535354614257812500e-01 5.744507312774658203e-01 5.531673431396484375e-01 5.420496463775634766e-01 5.532888174057006836e-01 5.963729619979858398e-01 6.492687463760375977e-01 7.039171457290649414e-01 7.771302461624145508e-01 9.007945060729980469e-01 1.079422235488891602e+00 nan 9.657824039459228516e-01 7.789492607116699219e-01
4.852468967437744141e-01 4.853823184967041016e-01 4.797506332397460938e-01 4.785995483398437500e-01 5.030840635299682617e-01 4.946998357772827148e-01 5.055937767028808594e-01 5.165671110153198242e-01 5.561599731445312500e-01 6.077232360839843750e-01 6.627794504165649414e-01 7.270778417587280273e-01 8.407757282257080078e-01 9.721089601516723633e-01 nan 8.726336956024169922e-01
4.387048482894897461e-01 4.479101896286010742e-01 4.453206062316894531e-01 4.428305625915527344e-01 4.429364204406738281e-01 4.456490278244018555e-01 4.564397335052490234e-01 4.673110246658325195e-01 4.782634973526000977e-01 4.961202144622802734e-01 5.499140024185180664e-01 6.118359565734863281e-01 6.784114837646484375e-01 7.538708448410034180e-01 8.726905584335327148e-01 nan
