nan 1.181936025619506836e+00 1.090520858764648438e+00 1.057305574417114258e+00 1.026542663574218750e+00 9.829423427581787109e-01 9.594304561614990234e-01 9.404275417327880859e-01 9.178478717803955078e-01 8.955309391021728516e-01 8.828088045120239258e-01 8.754206895828247070e-01 8.700183629989624023e-01 8.677976131439208984e-01 8.514318466186523438e-01 8.349599838256835938e-01 0.000000000000000000e+00 0.000000000000000000e+00 0.000000000000000000e+00 0.000000000000000000e+00 0.000000000000000000e+00 0.000000000000000000e+00
1.236178874969482422e+00 nan 1.211536169052124023e+00 1.131099224090576172e+00 1.098438024520874023e+00 1.049205541610717773e+00 9.986121654510498047e-01 9.549509286880493164e-01 9.322021007537841797e-01 9.193100929260253906e-01 9.117788076400756836e-01 9.042770862579345703e-01 8.947890996932983398e-01 8.637512922286987305e-01 8.474138975143432617e-01 8.309779167175292969e-01 0.000000000000000000e+00 0.000000000000000000e+00 0.000000000000000000e+00 0.000000000000000000e+00 0.000000000000000000e+00 0.000000000000000000e+00
1.108802080154418945e+00 1.272307395935058594e+00 nan 1.242074966430664062e+00 1.168560743331909180e+00 1.117315053939819336e+00 1.062816619873046875e+00 1.002438545227050781e+00 9.565191268920898438e-01 9.488418102264404297e-01 9.411945343017578125e-01 9.335774183273315430e-01 9.188637733459472656e-01 8.834969997406005859e-01 8.434046506881713867e-01 8.270041942596435547e-01 0.000000000000000000e+00 0.000000000000000000e+00 0.000000000000000000e+00 0.000000000000000000e+00 0.000000000000000000e+00 0.000000000000000000e+00
1.016103506088256836e+00 1.145252227783203125e+00 1.316826820373535156e+00 nan 1.267411231994628906e+00 1.187235355377197266e+00 1.127924919128417969e+00 1.076180696487426758e+00 1.031138181686401367e+00 9.870734214782714844e-01 9.710628986358642578e-01 9.626314640045166016e-01 9.432444572448730469e-01 9.111781120300292969e-01 8.589708805084228516e-01 8.230391740798950195e-01 0.000000000000000000e+00 0.000000000000000000e+00 0.000000000000000000e+00 0.000000000000000000e+00 0.000000000000000000e+00 0.000000000000000000e+00
9.614696502685546875e-01 1.061637163162231445e+00 1.182332515716552734e+00 1.362219333648681641e+00 nan 1.294000387191772461e+00 1.210477590560913086e+00 1.158508539199829102e+00 1.111680030822753906e+00 1.065867424011230469e+00 1.021048545837402344e+00 9.875676631927490234e-01 9.679343700408935547e-01 9.392657279968261719e-01 8.863226175308227539e-01 8.289974927902221680e-01 0.000000000000000000e+00 0.000000000000000000e+00 0.000000000000000000e+00 0.000000000000000000e+00 0.000000000000000000e+00 0.000000000000000000e+00
9.107934236526489258e-01 1.008241415023803711e+00 1.110658884048461914e+00 1.218242883682250977e+00 1.393199682235717773e+00 nan 1.342622280120849609e+00 1.252942323684692383e+00 1.194279432296752930e+00 1.142666339874267578e+00 1.096644401550292969e+00 1.039978265762329102e+00 9.907174110412597656e-01 9.658547639846801758e-01 9.055321216583251953e-01 8.360935449600219727e-01 0.000000000000000000e+00 0.000000000000000000e+00 0.000000000000000000e+00 0.000000000000000000e+00 0.000000000000000000e+00 0.000000000000000000e+00
8.590524196624755859e-01 9.569272994995117188e-01 1.057840585708618164e+00 1.155112981796264648e+00 1.255587816238403320e+00 1.443116188049316406e+00 nan 1.386881589889526367e+00 1.288459300994873047e+00 1.228871583938598633e+00 1.165412902832031250e+00 1.099792480468750000e+00 1.042419910430908203e+00 9.821437597274780273e-01 8.973934650421142578e-01 8.299237489700317383e-01 0.000000000000000000e+00 0.000000000000000000e+00 0.000000000000000000e+00 0.000000000000000000e+00 0.000000000000000000e+00 0.000000000000000000e+00
8.054347038269042969e-01 9.004868268966674805e-01 1.000543117523193359e+00 1.090949773788452148e+00 1.173644065856933594e+00 1.288972854614257812e+00 1.499758481979370117e+00 nan 1.431976318359375000e+00 1.324836254119873047e+00 1.252027750015258789e+00 1.180288314819335938e+00 1.110834360122680664e+00 1.013694286346435547e+00 8.922417163848876953e-01 8.237743377685546875e-01 0.000000000000000000e+00 0.000000000000000000e+00 0.000000000000000000e+00 0.000000000000000000e+00 0.000000000000000000e+00 0.000000000000000000e+00
7.839959859848022461e-01 8.464753627777099609e-01 9.428448677062988281e-01 1.024877309799194336e+00 1.102197885513305664e+00 1.203765392303466797e+00 1.342042207717895508e+00 1.557715177536010742e+00 nan 1.472674608230590820e+00 1.349623680114746094e+00 1.267498731613159180e+00 1.167059898376464844e+00 1.066832780838012695e+00 9.372866153717041016e-01 8.391695022583007812e-01 0.000000000000000000e+00 0.000000000000000000e+00 0.000000000000000000e+00 0.000000000000000000e+00 0.000000000000000000e+00 0.000000000000000000e+00
7.631636857986450195e-01 8.308962583541870117e-01 8.867795467376708984e-01 9.608927965164184570e-01 1.033099651336669922e+00 1.124550104141235352e+00 1.244559049606323242e+00 1.396341800689697266e+00 1.617015361785888672e+00 nan 1.497328281402587891e+00 1.343208551406860352e+00 1.224246025085449219e+00 1.121374368667602539e+00 9.909614324569702148e-01 8.762661218643188477e-01 0.000000000000000000e+00 0.000000000000000000e+00 0.000000000000000000e+00 0.000000000000000000e+00 0.000000000000000000e+00 0.000000000000000000e+00
7.353494167327880859e-01 8.143572807312011719e-01 8.660695552825927734e-01 9.050493240356445312e-01 9.688792228698730469e-01 1.056694507598876953e+00 1.163877725601196289e+00 1.286053657531738281e+00 1.444957971572875977e+00 1.703351259231567383e+00 nan 1.453467369079589844e+00 1.291981935501098633e+00 1.177355051040649414e+00 1.046123743057250977e+00 9.300141334533691406e-01 0.000000000000000000e+00 0.000000000000000000e+00 0.000000000000000000e+00 0.000000000000000000e+00 0.000000000000000000e+00 0.000000000000000000e+00
7.087132930755615234e-01 7.931705713272094727e-01 8.455872535705566406e-01 8.788185119628906250e-01 9.077141284942626953e-01 9.918607473373413086e-01 1.079256296157836914e+00 1.190538883209228516e+00 1.307777166366577148e+00 1.458419561386108398e+00 1.681110620498657227e+00 nan 1.410059690475463867e+00 1.241874456405639648e+00 1.102813243865966797e+00 9.853013753890991211e-01 0.000000000000000000e+00 0.000000000000000000e+00 0.000000000000000000e+00 0.000000000000000000e+00 0.000000000000000000e+00 0.000000000000000000e+00
7.102278470993041992e-01 7.712540626525878906e-01 8.236256837844848633e-01 8.512444496154785156e-01 8.777179718017578125e-01 9.182987213134765625e-01 9.982312917709350586e-01 1.099015235900878906e+00 1.198774099349975586e+00 1.282011270523071289e+00 1.431612968444824219e+00 1.653096437454223633e+00 nan 1.373616218566894531e+00 1.161074161529541016e+00 1.042172908782958984e+00 0.000000000000000000e+00 0.000000000000000000e+00 0.000000000000000000e+00 0.000000000000000000e+00 0.000000000000000000e+00 0.000000000000000000e+00
7.238099575042724609e-01 7.471634149551391602e-01 7.894864082336425781e-01 8.147023916244506836e-01 8.440860509872436523e-01 8.755747079849243164e-01 9.244341850280761719e-01 1.003489017486572266e+00 1.079333305358886719e+00 1.158048868179321289e+00 1.239744186401367188e+00 1.408133506774902344e+00 1.625374555587768555e+00 nan 1.290103435516357422e+00 1.100673437118530273e+00 0.000000000000000000e+00 0.000000000000000000e+00 0.000000000000000000e+00 0.000000000000000000e+00 0.000000000000000000e+00 0.000000000000000000e+00
7.380474805831909180e-01 7.501840591430664062e-01 7.522529363632202148e-01 7.733253240585327148e-01 8.110561370849609375e-01 8.419806957244873047e-01 8.692008256912231445e-01 8.946563005447387695e-01 9.663807153701782227e-01 1.040820121765136719e+00 1.118077516555786133e+00 1.204760313034057617e+00 1.384881019592285156e+00 1.597942590713500977e+00 nan 1.235720396041870117e+00 0.000000000000000000e+00 0.000000000000000000e+00 0.000000000000000000e+00 0.000000000000000000e+00 0.000000000000000000e+00 0.000000000000000000e+00
7.637875080108642578e-01 7.523969411849975586e-01 7.448102235794067383e-01 7.424973249435424805e-01 7.722851037979125977e-01 8.084304332733154297e-01 8.097643852233886719e-01 8.124002218246459961e-01 8.595633506774902344e-01 9.299590587615966797e-01 1.003020048141479492e+00 1.078846216201782227e+00 1.182603120803833008e+00 1.365148544311523438e+00 1.523697614669799805e+00 nan 0.000000000000000000e+00 0.000000000000000000e+00 0.000000000000000000e+00 0.000000000000000000e+00 0.000000000000000000e+00 0.000000000000000000e+00
7.609425783157348633e-01 7.583044767379760742e-01 7.458702325820922852e-01 7.427653074264526367e-01 7.448731660842895508e-01 7.427816390991210938e-01 7.493032217025756836e-01 7.558491230010986328e-01 7.868425846099853516e-01 8.346928358078002930e-01 9.062150716781616211e-01 9.805256128311157227e-01 1.057732820510864258e+00 1.180104255676269531e+00 1.324115753173828125e+00 1.510073423385620117e+00 nan 0.000000000000000000e+00 0.000000000000000000e+00 0.000000000000000000e+00 0.000000000000000000e+00 0.000000000000000000e+00
6.206647157669067383e-01 7.209889888763427734e-01 7.184512615203857422e-01 7.143075466156005859e-01 7.007106542587280273e-01 6.873117685317993164e-01 6.914377212524414062e-01 7.025827169418334961e-01 7.298569679260253906e-01 7.626054286956787109e-01 8.126394748687744141e-01 8.869067430496215820e-01 9.640129804611206055e-01 1.057448148727416992e+00 1.161618232727050781e+00 1.315425157546997070e+00 0.000000000000000000e+00 nan 0.000000000000000000e+00 0.000000000000000000e+00 0.000000000000000000e+00 0.000000000000000000e+00
5.772544145584106445e-01 5.738366842269897461e-01 6.778206825256347656e-01 6.783401966094970703e-01 6.626141071319580078e-01 6.470355987548828125e-01 6.316027641296386719e-01 6.302678585052490234e-01 6.639134883880615234e-01 7.019532918930053711e-01 7.408628463745117188e-01 7.959765195846557617e-01 8.733508586883544922e-01 9.521887302398681641e-01 1.043133497238159180e+00 1.155245304107666016e+00 0.000000000000000000e+00 0.000000000000000000e+00 nan 0.000000000000000000e+00 0.000000000000000000e+00 0.000000000000000000e+00
5.592099428176879883e-01 5.546234846115112305e-01 5.535746812820434570e-01 5.991685390472412109e-01 6.253709793090820312e-01 6.101412773132324219e-01 5.950541496276855469e-01 5.801086425781250000e-01 5.985623598098754883e-01 6.351082324981689453e-01 6.724896430969238281e-01 7.107257843017578125e-01 7.546784877777099609e-01 8.362231254577636719e-01 9.175729751586914062e-01 1.014038085937500000e+00 0.000000000000000000e+00 0.000000000000000000e+00 0.000000000000000000e+00 nan 0.000000000000000000e+00 0.000000000000000000e+00
5.411589145660400391e-01 5.338395833969116211e-01 5.312683582305908203e-01 5.271300077438354492e-01 5.260634422302246094e-01 5.740734338760375977e-01 5.593243837356567383e-01 5.447134971618652344e-01 5.523018836975097656e-01 5.708494186401367188e-01 6.067029237747192383e-01 6.433748006820678711e-01 6.808837652206420898e-01 7.192487716674804688e-01 7.898929119110107422e-01 8.731260299682617188e-01 0.000000000000000000e+00 0.000000000000000000e+00 0.000000000000000000e+00 0.000000000000000000e+00 nan 0.000000000000000000e+00
5.182235240936279297e-01 5.098056793212890625e-01 5.092822313308715820e-01 5.052033662796020508e-01 5.029872655868530273e-01 5.028818845748901367e-01 5.243679285049438477e-01 5.115231275558471680e-01 5.191414356231689453e-01 5.267981290817260742e-01 5.433472394943237305e-01 5.785732269287109375e-01 6.146030426025390625e-01 6.514551639556884766e-01 6.915782690048217773e-01 7.476572990417480469e-01 0.000000000000000000e+00 0.000000000000000000e+00 0.000000000000000000e+00 0.000000000000000000e+00 0.000000000000000000e+00 nan
