nan 9.962699413299560547e-01 9.532966613769531250e-01 9.112484455108642578e-01 8.864126205444335938e-01 8.668833971023559570e-01 8.475564718246459961e-01 8.284295797348022461e-01 8.041868209838867188e-01 8.060928583145141602e-01 7.916603088378906250e-01 7.982805967330932617e-01 7.515474557876586914e-01 6.941078901290893555e-01 6.340597867965698242e-01 5.761400461196899414e-01
9.533165693283081055e-01 nan 1.055299997329711914e+00 1.004490852355957031e+00 9.335727691650390625e-01 8.909598588943481445e-01 8.713835477828979492e-01 8.520100116729736328e-01 8.237242698669433594e-01 7.834420204162597656e-01 7.612987756729125977e-01 7.679539918899536133e-01 7.290945053100585938e-01 6.735899448394775391e-01 6.198672056198120117e-01 5.678688287734985352e-01
8.773213624954223633e-01 1.017357349395751953e+00 nan 1.101618766784667969e+00 1.026476621627807617e+00 9.540209770202636719e-01 8.955179452896118164e-01 8.749057054519653320e-01 8.434734344482421875e-01 7.837407588958740234e-01 7.314518690109252930e-01 7.381389141082763672e-01 7.069294452667236328e-01 6.521364450454711914e-01 5.991023778915405273e-01 5.477706193923950195e-01
8.080910444259643555e-01 9.427790641784667969e-01 1.087500095367431641e+00 nan 1.127521514892578125e+00 1.051258802413940430e+00 9.777302742004394531e-01 8.979709148406982422e-01 8.468971252441406250e-01 7.915301322937011719e-01 7.306792736053466797e-01 7.077151536941528320e-01 6.860268115997314453e-01 6.318125724792480469e-01 5.793417692184448242e-01 5.285581350326538086e-01
7.562791109085083008e-01 8.729463815689086914e-01 1.010433912277221680e+00 1.130603075027465820e+00 nan 1.159802675247192383e+00 1.069215774536132812e+00 9.618453979492187500e-01 8.483721017837524414e-01 7.977577447891235352e-01 7.370063066482543945e-01 6.984599828720092773e-01 6.674704551696777344e-01 6.138530969619750977e-01 5.619596242904663086e-01 5.117348432540893555e-01
7.412998676300048828e-01 8.237556219100952148e-01 9.315450191497802734e-01 1.045872688293457031e+00 1.171247482299804688e+00 nan 1.169770717620849609e+00 1.039174556732177734e+00 9.164388179779052734e-01 8.185940980911254883e-01 7.660918235778808594e-01 7.199041843414306641e-01 6.727758646011352539e-01 5.969167947769165039e-01 5.447689294815063477e-01 4.950969219207763672e-01
7.282714843750000000e-01 8.118067979812622070e-01 8.784402608871459961e-01 9.566791057586669922e-01 1.060679197311401367e+00 1.189298868179321289e+00 nan 1.138297796249389648e+00 1.009595870971679688e+00 9.046751260757446289e-01 8.065407276153564453e-01 7.592952251434326172e-01 7.132852077484130859e-01 6.187063455581665039e-01 5.512695312500000000e-01 4.951949119567871094e-01
7.067301273345947266e-01 7.921435832977294922e-01 8.438090085983276367e-01 8.759387731552124023e-01 9.557794332504272461e-01 1.048388481140136719e+00 1.165648221969604492e+00 nan 1.109141111373901367e+00 1.001073837280273438e+00 8.902961015701293945e-01 7.995883226394653320e-01 7.525244951248168945e-01 6.687717437744140625e-01 5.663846731185913086e-01 5.069268941879272461e-01
7.225549221038818359e-01 7.633144855499267578e-01 8.072506189346313477e-01 8.360714912414550781e-01 8.416986465454101562e-01 9.165475368499755859e-01 1.026259899139404297e+00 1.144953012466430664e+00 nan 1.102351427078247070e+00 9.860620498657226562e-01 8.708996772766113281e-01 7.926626205444335938e-01 7.203853130340576172e-01 6.148316860198974609e-01 5.187510251998901367e-01
7.431696653366088867e-01 7.633733749389648438e-01 7.714947462081909180e-01 7.841427326202392578e-01 7.923364639282226562e-01 8.126993179321289062e-01 9.102877378463745117e-01 1.021895647048950195e+00 1.155068397521972656e+00 nan 1.088072299957275391e+00 9.656829833984375000e-01 8.517022132873535156e-01 7.735954523086547852e-01 6.647771596908569336e-01 5.626354217529296875e-01
7.632013559341430664e-01 7.709946632385253906e-01 7.400599718093872070e-01 7.211480140686035156e-01 7.331297397613525391e-01 7.531294822692871094e-01 8.040502071380615234e-01 9.035555124282836914e-01 1.014770030975341797e+00 1.173331260681152344e+00 nan 1.069239616394042969e+00 9.455128908157348633e-01 8.327018022537231445e-01 7.162673473358154297e-01 6.109664440155029297e-01
7.502504587173461914e-01 7.413074970245361328e-01 7.185924053192138672e-01 6.953808069229125977e-01 6.719361543655395508e-01 6.868628263473510742e-01 7.358587980270385742e-01 7.862780094146728516e-01 8.857532739639282227e-01 1.003696918487548828e+00 1.195619344711303711e+00 nan 1.050576210021972656e+00 9.255499839782714844e-01 7.693501710891723633e-01 6.607923507690429688e-01
5.590478181838989258e-01 6.842900514602661133e-01 6.632634401321411133e-01 6.407990455627441406e-01 6.186380386352539062e-01 6.048169136047363281e-01 6.580801010131835938e-01 7.131110429763793945e-01 7.686809301376342773e-01 8.662377595901489258e-01 1.012201309204101562e+00 1.187765836715698242e+00 nan 1.032081604003906250e+00 8.676683902740478516e-01 7.121591567993164062e-01
5.270376205444335938e-01 5.242394208908081055e-01 5.751390457153320312e-01 5.879746675491333008e-01 5.665271282196044922e-01 5.503776073455810547e-01 5.648421049118041992e-01 6.167784929275512695e-01 6.704387664794921875e-01 7.258799076080322266e-01 8.190455436706542969e-01 9.618000984191894531e-01 1.160538434982299805e+00 nan 9.889558553695678711e-01 7.912870645523071289e-01
4.931995868682861328e-01 4.924345016479492188e-01 4.869050979614257812e-01 4.860119819641113281e-01 5.160937309265136719e-01 5.026952028274536133e-01 5.136300325393676758e-01 5.258630514144897461e-01 5.765057802200317383e-01 6.288294792175292969e-01 6.837292909622192383e-01 7.621833086013793945e-01 8.864096403121948242e-01 1.050563573837280273e+00 nan 8.934997320175170898e-01
4.466346502304077148e-01 4.558740854263305664e-01 4.525357484817504883e-01 4.502906799316406250e-01 4.503803253173828125e-01 4.536094665527343750e-01 4.644428491592407227e-01 4.753569364547729492e-01 4.863523244857788086e-01 5.190597772598266602e-01 5.723984241485595703e-01 6.372600793838500977e-01 7.049759626388549805e-01 8.057131767272949219e-01 9.450613260269165039e-01 nan
