nan 1.214061021804809570e+00 1.121300220489501953e+00 1.065315723419189453e+00 1.034433126449584961e+00 9.904611110687255859e-01 9.516000747680664062e-01 9.375903606414794922e-01 9.236812591552734375e-01 9.088609218597412109e-01 9.013705253601074219e-01 8.939096927642822266e-01 8.864779472351074219e-01 8.762515783309936523e-01 8.602093458175659180e-01 8.436595201492309570e-01 0.000000000000000000e+00 0.000000000000000000e+00 0.000000000000000000e+00 0.000000000000000000e+00 0.000000000000000000e+00 0.000000000000000000e+00
1.104846000671386719e+00 nan 1.244096994400024414e+00 1.150077581405639648e+00 1.106394767761230469e+00 1.056839704513549805e+00 1.005641937255859375e+00 9.557187557220458984e-01 9.458674192428588867e-01 9.382317066192626953e-01 9.306261539459228516e-01 9.230504035949707031e-01 9.155044555664062500e-01 8.739683628082275391e-01 8.561723232269287109e-01 8.396583795547485352e-01 0.000000000000000000e+00 0.000000000000000000e+00 0.000000000000000000e+00 0.000000000000000000e+00 0.000000000000000000e+00 0.000000000000000000e+00
1.001312255859375000e+00 1.141228199005126953e+00 nan 1.274724006652832031e+00 1.176783084869384766e+00 1.124762296676635742e+00 1.071873903274536133e+00 1.027667760848999023e+00 9.878118038177490234e-01 9.680541753768920898e-01 9.603313207626342773e-01 9.526391029357910156e-01 9.449769258499145508e-01 9.015091657638549805e-01 8.521437644958496094e-01 8.234572410583496094e-01 0.000000000000000000e+00 0.000000000000000000e+00 0.000000000000000000e+00 0.000000000000000000e+00 0.000000000000000000e+00 0.000000000000000000e+00
9.470793008804321289e-01 1.046511888504028320e+00 1.178238868713378906e+00 nan 1.300256967544555664e+00 1.194928646087646484e+00 1.148181915283203125e+00 1.111056566238403320e+00 1.066635847091674805e+00 1.021800518035888672e+00 9.904943704605102539e-01 9.826837778091430664e-01 9.699921607971191406e-01 9.294551610946655273e-01 8.652749061584472656e-01 8.025892972946166992e-01 0.000000000000000000e+00 0.000000000000000000e+00 0.000000000000000000e+00 0.000000000000000000e+00 0.000000000000000000e+00 0.000000000000000000e+00
8.960458040237426758e-01 9.927417039871215820e-01 1.094368696212768555e+00 1.216253042221069336e+00 nan 1.336329221725463867e+00 1.243264198303222656e+00 1.192869901657104492e+00 1.145769834518432617e+00 1.099681615829467773e+00 1.054583072662353516e+00 1.012375831604003906e+00 9.944709539413452148e-01 9.512131214141845703e-01 8.659566640853881836e-01 8.046305179595947266e-01 0.000000000000000000e+00 0.000000000000000000e+00 0.000000000000000000e+00 0.000000000000000000e+00 0.000000000000000000e+00 0.000000000000000000e+00
8.485978841781616211e-01 9.428739547729492188e-01 1.041957855224609375e+00 1.143337011337280273e+00 1.242700815200805664e+00 nan 1.398168563842773438e+00 1.292517900466918945e+00 1.221918344497680664e+00 1.167317628860473633e+00 1.120766401290893555e+00 1.071155786514282227e+00 1.011569738388061523e+00 9.428467750549316406e-01 8.580043315887451172e-01 7.990671396255493164e-01 0.000000000000000000e+00 0.000000000000000000e+00 0.000000000000000000e+00 0.000000000000000000e+00 0.000000000000000000e+00 0.000000000000000000e+00
8.021082878112792969e-01 8.942543268203735352e-01 9.908587932586669922e-01 1.084753513336181641e+00 1.171048879623413086e+00 1.301429271697998047e+00 nan 1.443476438522338867e+00 1.335829734802246094e+00 1.256946086883544922e+00 1.198178529739379883e+00 1.131883621215820312e+00 1.036804914474487305e+00 9.355839490890502930e-01 8.512464761734008789e-01 7.930213212966918945e-01 0.000000000000000000e+00 0.000000000000000000e+00 0.000000000000000000e+00 0.000000000000000000e+00 0.000000000000000000e+00 0.000000000000000000e+00
7.806090116500854492e-01 8.446557521820068359e-01 9.392653703689575195e-01 1.026656389236450195e+00 1.104825019836425781e+00 1.204794645309448242e+00 1.354787588119506836e+00 nan 1.489640951156616211e+00 1.379960775375366211e+00 1.288912057876586914e+00 1.188339471817016602e+00 1.087128162384033203e+00 9.864515066146850586e-01 8.675951957702636719e-01 8.064860105514526367e-01 0.000000000000000000e+00 0.000000000000000000e+00 0.000000000000000000e+00 0.000000000000000000e+00 0.000000000000000000e+00 0.000000000000000000e+00
7.598162889480590820e-01 8.290920257568359375e-01 8.889830112457275391e-01 9.626154899597167969e-01 1.037163734436035156e+00 1.128024578094482422e+00 1.245607614517211914e+00 1.409383058547973633e+00 nan 1.536954879760742188e+00 1.384968280792236328e+00 1.246087074279785156e+00 1.142204999923706055e+00 1.041648864746093750e+00 9.180457592010498047e-01 8.241064548492431641e-01 0.000000000000000000e+00 0.000000000000000000e+00 0.000000000000000000e+00 0.000000000000000000e+00 0.000000000000000000e+00 0.000000000000000000e+00
7.388035058975219727e-01 8.109126091003417969e-01 8.688117265701293945e-01 9.093730449676513672e-01 9.738771915435791016e-01 1.061915159225463867e+00 1.164887905120849609e+00 1.287175416946411133e+00 1.465243339538574219e+00 nan 1.497192144393920898e+00 1.332828998565673828e+00 1.198735237121582031e+00 1.097043514251708984e+00 9.716656208038330078e-01 8.667309284210205078e-01 0.000000000000000000e+00 0.000000000000000000e+00 0.000000000000000000e+00 0.000000000000000000e+00 0.000000000000000000e+00 0.000000000000000000e+00
7.110987901687622070e-01 7.897660732269287109e-01 8.482991456985473633e-01 8.830828666687011719e-01 9.142857789993286133e-01 9.978601932525634766e-01 1.087070226669311523e+00 1.201989650726318359e+00 1.303336620330810547e+00 1.442631483078002930e+00 nan 1.442598819732666016e+00 1.281828880310058594e+00 1.152381420135498047e+00 1.028146028518676758e+00 9.202052354812622070e-01 0.000000000000000000e+00 0.000000000000000000e+00 0.000000000000000000e+00 0.000000000000000000e+00 0.000000000000000000e+00 0.000000000000000000e+00
7.048865556716918945e-01 7.688664197921752930e-01 8.255167007446289062e-01 8.571544885635375977e-01 8.914487361907958984e-01 9.323192834854125977e-01 1.012836217880249023e+00 1.098764657974243164e+00 1.178215742111206055e+00 1.260674476623535156e+00 1.403563976287841797e+00 nan 1.402084350585937500e+00 1.231944084167480469e+00 1.086244821548461914e+00 9.752118587493896484e-01 0.000000000000000000e+00 0.000000000000000000e+00 0.000000000000000000e+00 0.000000000000000000e+00 0.000000000000000000e+00 0.000000000000000000e+00
7.192244529724121094e-01 7.529803514480590820e-01 7.986729145050048828e-01 8.277713060379028320e-01 8.594566583633422852e-01 8.912075757980346680e-01 9.299905300140380859e-01 9.847562313079833984e-01 1.059891462326049805e+00 1.137870788574218750e+00 1.218802452087402344e+00 1.380355119705200195e+00 nan 1.365761280059814453e+00 1.168208599090576172e+00 1.040650129318237305e+00 0.000000000000000000e+00 0.000000000000000000e+00 0.000000000000000000e+00 0.000000000000000000e+00 0.000000000000000000e+00 0.000000000000000000e+00
7.328779697418212891e-01 7.568594217300415039e-01 7.642948627471923828e-01 7.875391244888305664e-01 8.261512517929077148e-01 8.538833856582641602e-01 8.552509546279907227e-01 8.769406080245971680e-01 9.479942321777343750e-01 1.021737813949584961e+00 1.098273038864135742e+00 1.177705287933349609e+00 1.357370376586914062e+00 nan 1.318396091461181641e+00 1.127623081207275391e+00 0.000000000000000000e+00 0.000000000000000000e+00 0.000000000000000000e+00 0.000000000000000000e+00 0.000000000000000000e+00 0.000000000000000000e+00
7.535982131958007812e-01 7.554883956909179688e-01 7.568010091781616211e-01 7.567307949066162109e-01 7.864905595779418945e-01 7.914274930953979492e-01 7.961801290512084961e-01 8.016561269760131836e-01 8.421763181686401367e-01 9.119138717651367188e-01 9.842914342880249023e-01 1.059409141540527344e+00 1.150403738021850586e+00 1.334607839584350586e+00 nan 1.290610313415527344e+00 0.000000000000000000e+00 0.000000000000000000e+00 0.000000000000000000e+00 0.000000000000000000e+00 0.000000000000000000e+00 0.000000000000000000e+00
7.795684337615966797e-01 7.638940811157226562e-01 7.493391036987304688e-01 7.525314092636108398e-01 7.301090955734252930e-01 7.229336500167846680e-01 7.279654741287231445e-01 7.352527379989624023e-01 7.681032419204711914e-01 8.126648664474487305e-01 8.858262300491333008e-01 9.614349603652954102e-01 1.040075063705444336e+00 1.152570486068725586e+00 1.338259935379028320e+00 nan 0.000000000000000000e+00 0.000000000000000000e+00 0.000000000000000000e+00 0.000000000000000000e+00 0.000000000000000000e+00 0.000000000000000000e+00
7.441174983978271484e-01 7.412445545196533203e-01 7.383017539978027344e-01 7.249888181686401367e-01 7.082682847976684570e-01 6.857914924621582031e-01 6.788954734802246094e-01 6.869782209396362305e-01 7.184871435165405273e-01 7.528908252716064453e-01 7.983628511428833008e-01 8.740450143814086914e-01 9.529119729995727539e-01 1.039183378219604492e+00 1.159485578536987305e+00 1.329516410827636719e+00 nan 0.000000000000000000e+00 0.000000000000000000e+00 0.000000000000000000e+00 0.000000000000000000e+00 0.000000000000000000e+00
5.902429819107055664e-01 7.110693454742431641e-01 7.014378309249877930e-01 6.863484382629394531e-01 6.705472469329833984e-01 6.548943519592285156e-01 6.393879652023315430e-01 6.361886262893676758e-01 6.700531244277954102e-01 7.067489624023437500e-01 7.409176826477050781e-01 7.854574918746948242e-01 8.605965375900268555e-01 9.388976097106933594e-01 1.035558462142944336e+00 1.154134988784790039e+00 0.000000000000000000e+00 nan 0.000000000000000000e+00 0.000000000000000000e+00 0.000000000000000000e+00 0.000000000000000000e+00
5.561987161636352539e-01 5.548119544982910156e-01 6.342762708663940430e-01 6.485735177993774414e-01 6.331263780593872070e-01 6.178240776062011719e-01 6.026650667190551758e-01 5.876480340957641602e-01 6.044609546661376953e-01 6.411417722702026367e-01 6.786611080169677734e-01 7.170381546020507812e-01 7.614754438400268555e-01 8.433530330657958984e-01 9.236935377120971680e-01 1.028166294097900391e+00 0.000000000000000000e+00 0.000000000000000000e+00 nan 0.000000000000000000e+00 0.000000000000000000e+00 0.000000000000000000e+00
5.331958532333374023e-01 5.320174694061279297e-01 5.288953781127929688e-01 5.542418956756591797e-01 5.965437889099121094e-01 5.815842151641845703e-01 5.667647123336791992e-01 5.520842075347900391e-01 5.597991943359375000e-01 5.766850709915161133e-01 6.127308607101440430e-01 6.496007442474365234e-01 6.873134374618530273e-01 7.258883714675903320e-01 7.995494604110717773e-01 8.858212232589721680e-01 0.000000000000000000e+00 0.000000000000000000e+00 0.000000000000000000e+00 nan 0.000000000000000000e+00 0.000000000000000000e+00
5.101597309112548828e-01 5.095571279525756836e-01 5.069434642791748047e-01 5.028707981109619141e-01 5.017061233520507812e-01 5.461560487747192383e-01 5.316686630249023438e-01 5.187855958938598633e-01 5.264283418655395508e-01 5.341095924377441406e-01 5.493899583816528320e-01 5.848116874694824219e-01 6.210433244705200195e-01 6.581032276153564453e-01 6.969550848007202148e-01 7.598271369934082031e-01 0.000000000000000000e+00 0.000000000000000000e+00 0.000000000000000000e+00 0.000000000000000000e+00 nan 0.000000000000000000e+00
4.792040586471557617e-01 4.857381582260131836e-01 4.845215082168579102e-01 4.806884527206420898e-01 4.785722494125366211e-01 4.786356687545776367e-01 4.968112707138061523e-01 4.862923622131347656e-01 4.937715530395507812e-01 5.012885332107543945e-01 5.088431835174560547e-01 5.225675106048583984e-01 5.573760271072387695e-01 5.929803848266601562e-01 6.303312778472900391e-01 6.735519170761108398e-01 0.000000000000000000e+00 0.000000000000000000e+00 0.000000000000000000e+00 0.000000000000000000e+00 0.000000000000000000e+00 nan
