nan 1.055747032165527344e+00 1.011493206024169922e+00 9.612790346145629883e-01 9.228305816650390625e-01 9.029245376586914062e-01 8.792961835861206055e-01 8.477903604507446289e-01 8.168126344680786133e-01 8.113030195236206055e-01 7.919771671295166016e-01 7.992964982986450195e-01 7.696636915206909180e-01 7.128568887710571289e-01 6.578736305236816406e-01 6.046552658081054688e-01
9.751977920532226562e-01 nan 1.116535663604736328e+00 1.056645631790161133e+00 9.837146997451782227e-01 9.274655580520629883e-01 8.996471166610717773e-01 8.678001165390014648e-01 8.364869356155395508e-01 7.998192310333251953e-01 7.617570161819458008e-01 7.689527273178100586e-01 7.469786405563354492e-01 6.908999681472778320e-01 6.366215944290161133e-01 5.840853452682495117e-01
8.983511924743652344e-01 1.039956092834472656e+00 nan 1.156118869781494141e+00 1.079027652740478516e+00 1.004693269729614258e+00 9.211176633834838867e-01 8.880265951156616211e-01 8.693190813064575195e-01 8.007264137268066406e-01 7.327469587326049805e-01 7.391208410263061523e-01 7.245842218399047852e-01 6.692246198654174805e-01 6.156418323516845703e-01 5.637791156768798828e-01
8.294219970703125000e-01 9.656990766525268555e-01 1.109470367431640625e+00 nan 1.183978319168090820e+00 1.095332860946655273e+00 1.007409334182739258e+00 9.313462972640991211e-01 8.585573434829711914e-01 7.963886260986328125e-01 7.417229413986206055e-01 7.080669403076171875e-01 7.040636539459228516e-01 6.492694616317749023e-01 5.962373018264770508e-01 5.449103116989135742e-01
7.811876535415649414e-01 8.913143873214721680e-01 1.025398254394531250e+00 1.138713121414184570e+00 nan 1.200243711471557617e+00 1.096693754196166992e+00 9.768497943878173828e-01 8.604563474655151367e-01 7.976511716842651367e-01 7.482874393463134766e-01 7.096179723739624023e-01 6.830594539642333984e-01 6.311178207397460938e-01 5.786693096160888672e-01 5.277365446090698242e-01
7.530304193496704102e-01 8.433413505554199219e-01 9.336053133010864258e-01 1.037917375564575195e+00 1.155422449111938477e+00 nan 1.198325634002685547e+00 1.066010475158691406e+00 9.416595697402954102e-01 8.289451599121093750e-01 7.772967815399169922e-01 7.307046651840209961e-01 6.853339672088623047e-01 6.130732297897338867e-01 5.603868961334228516e-01 5.100072622299194336e-01
7.322845458984375000e-01 8.209186792373657227e-01 8.793952465057373047e-01 9.418721199035644531e-01 1.045085191726684570e+00 1.164885520935058594e+00 nan 1.166213989257812500e+00 1.034149408340454102e+00 9.210001230239868164e-01 8.174812793731689453e-01 7.698358297348022461e-01 7.234394550323486328e-01 6.438435316085815430e-01 5.660020112991333008e-01 5.092247724533081055e-01
7.147966623306274414e-01 7.894890308380126953e-01 8.419650793075561523e-01 8.739194869995117188e-01 9.289008378982543945e-01 1.023312330245971680e+00 1.138048648834228516e+00 nan 1.134648561477661133e+00 1.017583847045898438e+00 9.036673307418823242e-01 8.098516464233398438e-01 7.624061107635498047e-01 6.933510303497314453e-01 5.891748666763305664e-01 5.203042030334472656e-01
7.356709241867065430e-01 7.602719068527221680e-01 7.990127801895141602e-01 8.152604103088378906e-01 8.203594684600830078e-01 8.854829072952270508e-01 9.954992532730102539e-01 1.111934661865234375e+00 nan 1.119023799896240234e+00 9.994753599166870117e-01 8.834007978439331055e-01 8.022540807723999023e-01 7.443498373031616211e-01 6.370362043380737305e-01 5.363245010375976562e-01
7.567766904830932617e-01 7.620246410369873047e-01 7.447431087493896484e-01 7.567549943923950195e-01 7.688493728637695312e-01 7.964322566986083984e-01 8.781073093414306641e-01 9.876931905746459961e-01 1.104131937026977539e+00 nan 1.100105047225952148e+00 9.781887531280517578e-01 8.633499145507812500e-01 7.946884632110595703e-01 6.863389015197753906e-01 5.825939178466796875e-01
7.724177837371826172e-01 7.615804672241210938e-01 7.285699844360351562e-01 6.961312294006347656e-01 7.058150768280029297e-01 7.294560670852661133e-01 7.795951366424560547e-01 8.646630048751831055e-01 9.789451360702514648e-01 1.122405290603637695e+00 nan 1.077747344970703125e+00 9.571286439895629883e-01 8.435125350952148438e-01 7.371262311935424805e-01 6.302570104598999023e-01
7.419576644897460938e-01 7.260134220123291016e-01 7.036957740783691406e-01 6.806651353836059570e-01 6.525228023529052734e-01 6.636927127838134766e-01 7.119252681732177734e-01 7.615561485290527344e-01 8.447632789611816406e-01 9.578258991241455078e-01 1.114331960678100586e+00 nan 1.055627346038818359e+00 9.362931251525878906e-01 7.894434928894042969e-01 6.793556213378906250e-01
5.516694784164428711e-01 6.616779565811157227e-01 6.487584114074707031e-01 6.264705657958984375e-01 6.044838428497314453e-01 5.901663303375244141e-01 6.323388814926147461e-01 6.864264011383056641e-01 7.423061132431030273e-01 8.250759840011596680e-01 9.339182376861572266e-01 1.103819608688354492e+00 nan 1.033742904663085938e+00 8.868532180786132812e-01 7.224233150482177734e-01
5.198886394500732422e-01 5.167388916015625000e-01 5.451159477233886719e-01 5.740233659744262695e-01 5.527458190917968750e-01 5.413390398025512695e-01 5.525729656219482422e-01 5.912197828292846680e-01 6.439447402954101562e-01 6.984169483184814453e-01 7.694488763809204102e-01 8.934879302978515625e-01 1.067412853240966797e+00 nan 9.828010797500610352e-01 7.943114042282104492e-01
4.850718975067138672e-01 4.854063987731933594e-01 4.796807765960693359e-01 4.784355163574218750e-01 5.026760101318359375e-01 4.940111637115478516e-01 5.048999786376953125e-01 5.158683061599731445e-01 5.511364936828613281e-01 6.025334596633911133e-01 6.578345298767089844e-01 7.224724292755126953e-01 8.336998224258422852e-01 9.620999097824096680e-01 nan 8.912547826766967773e-01
4.383993148803710938e-01 4.476027488708496094e-01 4.451156854629516602e-01 4.425342082977294922e-01 4.426398277282714844e-01 4.448462724685668945e-01 4.556310176849365234e-01 4.664962291717529297e-01 4.774425029754638672e-01 4.899747371673583984e-01 5.439412593841552734e-01 6.061192750930786133e-01 6.724587678909301758e-01 7.436985969543457031e-01 8.631246089935302734e-01 nan
