nan 1.043651342391967773e+00 1.012851238250732422e+00 9.825152158737182617e-01 9.508107900619506836e-01 9.202753305435180664e-01 9.112856388092041016e-01 8.927829265594482422e-01 8.706586360931396484e-01 8.487931489944458008e-01 8.271830081939697266e-01 8.058257102966308594e-01 7.915424108505249023e-01 7.978647947311401367e-01 8.001840114593505859e-01 8.119441270828247070e-01 0.000000000000000000e+00 0.000000000000000000e+00 0.000000000000000000e+00 0.000000000000000000e+00 0.000000000000000000e+00 0.000000000000000000e+00
1.020341396331787109e+00 nan 1.083937168121337891e+00 1.052529811859130859e+00 1.014924049377441406e+00 9.674150943756103516e-01 9.273289442062377930e-01 9.065008163452148438e-01 8.842161893844604492e-01 8.621922731399536133e-01 8.404254913330078125e-01 8.189134597778320312e-01 7.976526021957397461e-01 7.768329381942749023e-01 7.847899198532104492e-01 7.964494228363037109e-01 0.000000000000000000e+00 0.000000000000000000e+00 0.000000000000000000e+00 0.000000000000000000e+00 0.000000000000000000e+00 0.000000000000000000e+00
9.642653465270996094e-01 1.063439607620239258e+00 nan 1.125017166137695312e+00 1.081144571304321289e+00 1.031598329544067383e+00 9.803047180175781250e-01 9.222307205200195312e-01 8.978718519210815430e-01 8.756881952285766602e-01 8.537638187408447266e-01 8.320957422256469727e-01 8.061771392822265625e-01 7.771044969558715820e-01 7.695274353027343750e-01 7.810871601104736328e-01 0.000000000000000000e+00 0.000000000000000000e+00 0.000000000000000000e+00 0.000000000000000000e+00 0.000000000000000000e+00 0.000000000000000000e+00
9.097402095794677734e-01 1.006451606750488281e+00 1.108663320541381836e+00 nan 1.149541854858398438e+00 1.097567796707153320e+00 1.042283773422241211e+00 9.823923110961914062e-01 9.242571592330932617e-01 8.892823457717895508e-01 8.671990633010864258e-01 8.453738689422607422e-01 8.150832653045654297e-01 7.900555133819580078e-01 7.697190046310424805e-01 7.637368440628051758e-01 0.000000000000000000e+00 0.000000000000000000e+00 0.000000000000000000e+00 0.000000000000000000e+00 0.000000000000000000e+00 0.000000000000000000e+00
8.637999296188354492e-01 9.510375261306762695e-01 1.050426244735717773e+00 1.151128768920898438e+00 nan 1.165679216384887695e+00 1.106202363967895508e+00 1.044436454772949219e+00 9.844818115234375000e-01 9.262853860855102539e-01 8.807315826416015625e-01 8.554759025573730469e-01 8.283109664916992188e-01 8.031008243560791016e-01 7.825168371200561523e-01 7.548991441726684570e-01 0.000000000000000000e+00 0.000000000000000000e+00 0.000000000000000000e+00 0.000000000000000000e+00 0.000000000000000000e+00 0.000000000000000000e+00
8.162622451782226562e-01 8.963044881820678711e-01 9.960254430770874023e-01 1.090456247329711914e+00 1.177806138992309570e+00 nan 1.175234794616699219e+00 1.107010841369628906e+00 1.045280933380126953e+00 9.853594303131103516e-01 9.271932840347290039e-01 8.657394647598266602e-01 8.393386602401733398e-01 8.135211467742919922e-01 7.887356281280517578e-01 7.611439228057861328e-01 0.000000000000000000e+00 0.000000000000000000e+00 0.000000000000000000e+00 0.000000000000000000e+00 0.000000000000000000e+00 0.000000000000000000e+00
7.811939716339111328e-01 8.468390703201293945e-01 9.379594326019287109e-01 1.024068355560302734e+00 1.106320858001708984e+00 1.195111513137817383e+00 nan 1.188047885894775391e+00 1.114080905914306641e+00 1.045556306838989258e+00 9.830584526062011719e-01 9.134680032730102539e-01 8.507061004638671875e-01 8.164298534393310547e-01 7.929148674011230469e-01 7.652586698532104492e-01 0.000000000000000000e+00 0.000000000000000000e+00 0.000000000000000000e+00 0.000000000000000000e+00 0.000000000000000000e+00 0.000000000000000000e+00
7.718654870986938477e-01 8.143146038055419922e-01 8.811831474304199219e-01 9.596056938171386719e-01 1.036563873291015625e+00 1.111877918243408203e+00 1.213781356811523438e+00 nan 1.200936555862426758e+00 1.126533746719360352e+00 1.046264410018920898e+00 9.659852981567382812e-01 8.891299962997436523e-01 8.193432092666625977e-01 7.971040010452270508e-01 7.693831920623779297e-01 0.000000000000000000e+00 0.000000000000000000e+00 0.000000000000000000e+00 0.000000000000000000e+00 0.000000000000000000e+00 0.000000000000000000e+00
7.575126886367797852e-01 8.048126697540283203e-01 8.443449735641479492e-01 8.971960544586181641e-01 9.691171646118164062e-01 1.040877819061279297e+00 1.129840135574340820e+00 1.232610225677490234e+00 nan 1.211924314498901367e+00 1.124391078948974609e+00 1.031324863433837891e+00 9.506970643997192383e-01 8.759961128234863281e-01 8.108983039855957031e-01 7.778983116149902344e-01 0.000000000000000000e+00 0.000000000000000000e+00 0.000000000000000000e+00 0.000000000000000000e+00 0.000000000000000000e+00 0.000000000000000000e+00
7.413742542266845703e-01 7.953604459762573242e-01 8.312617540359497070e-01 8.623576164245605469e-01 9.039039611816406250e-01 9.732880592346191406e-01 1.049081087112426758e+00 1.147954702377319336e+00 1.245702505111694336e+00 nan 1.197398662567138672e+00 1.098441362380981445e+00 1.018082380294799805e+00 9.408011436462402344e-01 8.636225461959838867e-01 8.056319952011108398e-01 0.000000000000000000e+00 0.000000000000000000e+00 0.000000000000000000e+00 0.000000000000000000e+00 0.000000000000000000e+00 0.000000000000000000e+00
7.230432033538818359e-01 7.838143110275268555e-01 8.182712793350219727e-01 8.458954095840454102e-01 8.635265827178955078e-01 9.087363481521606445e-01 9.714181423187255859e-01 1.054407358169555664e+00 1.147496461868286133e+00 1.252441644668579102e+00 nan 1.170930385589599609e+00 1.087795734405517578e+00 1.007844686508178711e+00 9.279764890670776367e-01 8.498642444610595703e-01 0.000000000000000000e+00 0.000000000000000000e+00 0.000000000000000000e+00 0.000000000000000000e+00 0.000000000000000000e+00 0.000000000000000000e+00
7.231321334838867188e-01 7.669974565505981445e-01 8.053730726242065430e-01 8.280363082885742188e-01 8.403197526931762695e-01 8.526856899261474609e-01 9.009646177291870117e-01 9.664273262023925781e-01 1.049068212509155273e+00 1.130678176879882812e+00 1.249570131301879883e+00 nan 1.165874481201171875e+00 1.077204227447509766e+00 9.945427179336547852e-01 9.138298034667968750e-01 0.000000000000000000e+00 0.000000000000000000e+00 0.000000000000000000e+00 0.000000000000000000e+00 0.000000000000000000e+00 0.000000000000000000e+00
7.376112937927246094e-01 7.540353536605834961e-01 7.837460041046142578e-01 8.006658554077148438e-01 8.127653598785400391e-01 8.249461650848388672e-01 8.372088670730590820e-01 8.903536796569824219e-01 9.644355773925781250e-01 1.043095111846923828e+00 1.131324291229248047e+00 1.263077020645141602e+00 nan 1.170633077621459961e+00 1.063407182693481445e+00 9.800071716308593750e-01 0.000000000000000000e+00 0.000000000000000000e+00 0.000000000000000000e+00 0.000000000000000000e+00 0.000000000000000000e+00 0.000000000000000000e+00
7.516695261001586914e-01 7.638537883758544922e-01 7.570824623107910156e-01 7.717494964599609375e-01 7.856235504150390625e-01 7.976219654083251953e-01 8.088750839233398438e-01 8.157655000686645508e-01 8.836861848831176758e-01 9.591124057769775391e-01 1.037558794021606445e+00 1.144121408462524414e+00 1.276664733886718750e+00 nan 1.151795864105224609e+00 1.048472881317138672e+00 0.000000000000000000e+00 0.000000000000000000e+00 0.000000000000000000e+00 0.000000000000000000e+00 0.000000000000000000e+00 0.000000000000000000e+00
7.654953002929687500e-01 7.657247781753540039e-01 7.585378885269165039e-01 7.470003366470336914e-01 7.580010890960693359e-01 7.707068920135498047e-01 7.757422924041748047e-01 7.807743549346923828e-01 8.062560558319091797e-01 8.785816431045532227e-01 9.538036584854125977e-01 1.032037258148193359e+00 1.156995296478271484e+00 1.290334939956665039e+00 nan 1.134259462356567383e+00 0.000000000000000000e+00 0.000000000000000000e+00 0.000000000000000000e+00 0.000000000000000000e+00 0.000000000000000000e+00 0.000000000000000000e+00
7.716640233993530273e-01 7.675979137420654297e-01 7.599946260452270508e-01 7.484474182128906250e-01 7.369759082794189453e-01 7.341500520706176758e-01 7.424067258834838867e-01 7.481564283370971680e-01 7.690703868865966797e-01 8.013613224029541016e-01 8.734912872314453125e-01 9.485092163085937500e-01 1.043615818023681641e+00 1.169946670532226562e+00 1.278546810150146484e+00 nan 0.000000000000000000e+00 0.000000000000000000e+00 0.000000000000000000e+00 0.000000000000000000e+00 0.000000000000000000e+00 0.000000000000000000e+00
7.639368772506713867e-01 7.667694091796875000e-01 7.610533237457275391e-01 7.498958110809326172e-01 7.298474311828613281e-01 7.073079347610473633e-01 6.991804838180541992e-01 7.072706222534179688e-01 7.280452251434326172e-01 7.625759840011596680e-01 7.967520952224731445e-01 8.684144020080566406e-01 9.432290792465209961e-01 1.055886268615722656e+00 1.158523797988891602e+00 1.266172647476196289e+00 nan 0.000000000000000000e+00 0.000000000000000000e+00 0.000000000000000000e+00 0.000000000000000000e+00 0.000000000000000000e+00
5.945070981979370117e-01 7.219054698944091797e-01 7.345288991928100586e-01 7.234252691268920898e-01 7.072626352310180664e-01 6.912515163421630859e-01 6.753906011581420898e-01 6.649161577224731445e-01 6.822832822799682617e-01 7.158993482589721680e-01 7.501873970031738281e-01 7.851604223251342773e-01 8.592318296432495117e-01 9.472506046295166016e-01 1.044822931289672852e+00 1.145670175552368164e+00 0.000000000000000000e+00 nan 0.000000000000000000e+00 0.000000000000000000e+00 0.000000000000000000e+00 0.000000000000000000e+00
5.719810724258422852e-01 5.762318372726440430e-01 6.522322893142700195e-01 6.847575902938842773e-01 6.689577102661132812e-01 6.533057689666748047e-01 6.378008127212524414e-01 6.224411725997924805e-01 6.239376068115234375e-01 6.610028743743896484e-01 6.989141702651977539e-01 7.376906871795654297e-01 7.726132869720458984e-01 8.454725742340087891e-01 9.264827966690063477e-01 1.023963451385498047e+00 0.000000000000000000e+00 0.000000000000000000e+00 nan 0.000000000000000000e+00 0.000000000000000000e+00 0.000000000000000000e+00
5.534774065017700195e-01 5.553091764450073242e-01 5.519282817840576172e-01 5.713102817535400391e-01 6.315121650695800781e-01 6.162115335464477539e-01 6.010543107986450195e-01 5.860393047332763672e-01 5.818713903427124023e-01 5.955060720443725586e-01 6.319223642349243164e-01 6.691700220108032227e-01 7.072675228118896484e-01 7.462348937988281250e-01 8.135784864425659180e-01 8.932147026062011719e-01 0.000000000000000000e+00 0.000000000000000000e+00 0.000000000000000000e+00 nan 0.000000000000000000e+00 0.000000000000000000e+00
5.310763120651245117e-01 5.325615406036376953e-01 5.296996831893920898e-01 5.255777835845947266e-01 5.240645408630371094e-01 5.799494981765747070e-01 5.651323795318603516e-01 5.504542589187622070e-01 5.480830669403076172e-01 5.558856725692749023e-01 5.675723552703857422e-01 6.033511161804199219e-01 6.399464607238769531e-01 6.773771047592163086e-01 7.182865142822265625e-01 7.671563625335693359e-01 0.000000000000000000e+00 0.000000000000000000e+00 0.000000000000000000e+00 0.000000000000000000e+00 nan 0.000000000000000000e+00
5.010195970535278320e-01 5.076621770858764648e-01 5.077896118164062500e-01 5.037266016006469727e-01 5.010701417922973633e-01 5.009647607803344727e-01 5.150467157363891602e-01 5.156675577163696289e-01 5.150166749954223633e-01 5.226525068283081055e-01 5.303269624710083008e-01 5.401276350021362305e-01 5.752799510955810547e-01 6.112346649169921875e-01 6.505560874938964844e-01 6.910421848297119141e-01 0.000000000000000000e+00 0.000000000000000000e+00 0.000000000000000000e+00 0.000000000000000000e+00 0.000000000000000000e+00 nan
