nan 1.158300638198852539e+00 1.097772121429443359e+00 1.042506933212280273e+00 9.883571863174438477e-01 9.767879247665405273e-01 9.652860164642333984e-01 9.538509845733642578e-01 9.424822330474853516e-01 9.485073089599609375e-01 9.059287309646606445e-01 8.467122316360473633e-01 7.859640121459960938e-01 7.142360210418701172e-01 6.589827537536621094e-01 6.055103540420532227e-01
1.074781656265258789e+00 nan 1.205618381500244141e+00 1.149114608764648438e+00 1.087721586227416992e+00 1.022284984588623047e+00 1.007714271545410156e+00 9.960324764251708984e-01 9.801278114318847656e-01 9.385168552398681641e-01 8.609230518341064453e-01 8.154256343841552734e-01 7.620468139648437500e-01 6.912363767623901367e-01 6.367244720458984375e-01 5.839694738388061523e-01
9.908901453018188477e-01 1.143776178359985352e+00 nan 1.275930643081665039e+00 1.206740617752075195e+00 1.137573003768920898e+00 1.070573568344116211e+00 1.039124250411987305e+00 1.008064508438110352e+00 9.335392713546752930e-01 8.203138113021850586e-01 7.846691608428955078e-01 7.384498119354248047e-01 6.685452461242675781e-01 6.147646903991699219e-01 5.627175569534301758e-01
9.084751605987548828e-01 1.055118799209594727e+00 1.222015619277954102e+00 nan 1.329837083816528320e+00 1.245906114578247070e+00 1.176205396652221680e+00 1.104306459426879883e+00 9.954980611801147461e-01 9.218816757202148438e-01 8.186188936233520508e-01 7.469244003295898438e-01 7.107044458389282227e-01 6.471636295318603516e-01 5.939822196960449219e-01 5.425179004669189453e-01
8.286561965942382812e-01 9.702876806259155273e-01 1.133318662643432617e+00 1.281661033630371094e+00 nan 1.386287212371826172e+00 1.291896581649780273e+00 1.151493072509765625e+00 1.008977174758911133e+00 9.066663980484008789e-01 8.084454536437988281e-01 7.344161272048950195e-01 6.796854734420776367e-01 6.280483007431030273e-01 5.754840373992919922e-01 5.246169567108154297e-01
7.905491590499877930e-01 8.942897319793701172e-01 1.040150403976440430e+00 1.174820423126220703e+00 1.350002527236938477e+00 nan 1.397867918014526367e+00 1.232625722885131836e+00 1.084735155105590820e+00 9.453908205032348633e-01 8.250994682312011719e-01 7.432086467742919922e-01 6.866605281829833984e-01 6.130952835083007812e-01 5.572005510330200195e-01 5.069237947463989258e-01
7.599176168441772461e-01 8.737037181854248047e-01 9.536033868789672852e-01 1.076395750045776367e+00 1.227579593658447266e+00 1.368021249771118164e+00 nan 1.327897071838378906e+00 1.163349628448486328e+00 1.018521785736083984e+00 8.549021482467651367e-01 7.712289094924926758e-01 7.247956991195678711e-01 6.451596021652221680e-01 5.660233497619628906e-01 5.092455148696899414e-01
7.247600555419921875e-01 8.415787220001220703e-01 9.183233976364135742e-01 9.740195274353027344e-01 1.069353580474853516e+00 1.183156013488769531e+00 1.303216934204101562e+00 nan 1.255010128021240234e+00 1.094401597976684570e+00 9.308372735977172852e-01 8.112760782241821289e-01 7.637932300567626953e-01 6.947070360183715820e-01 5.904474258422851562e-01 5.203250646591186523e-01
7.430733442306518555e-01 8.016117811203002930e-01 8.661590814590454102e-01 8.945041894912719727e-01 9.078054428100585938e-01 1.012722969055175781e+00 1.123411178588867188e+00 1.240186452865600586e+00 nan 1.181032657623291016e+00 1.012269973754882812e+00 8.954527378082275391e-01 8.036724328994750977e-01 7.457463741302490234e-01 6.383469104766845703e-01 5.375546216964721680e-01
7.825101613998413086e-01 7.799487113952636719e-01 7.907912731170654297e-01 7.974042892456054688e-01 8.040418624877929688e-01 8.555958271026611328e-01 9.576421976089477539e-01 1.065300941467285156e+00 1.192060708999633789e+00 nan 1.113543748855590820e+00 9.908472299575805664e-01 8.752735853195190430e-01 7.961008548736572266e-01 6.876889467239379883e-01 5.838611125946044922e-01
8.037273883819580078e-01 7.663699388504028320e-01 7.294272184371948242e-01 7.026836872100830078e-01 7.116271257400512695e-01 7.508870363235473633e-01 8.065111637115478516e-01 9.141213893890380859e-01 1.028142213821411133e+00 1.181049346923828125e+00 nan 1.091042757034301758e+00 9.696522951126098633e-01 8.553092479705810547e-01 7.385171651840209961e-01 6.315624713897705078e-01
7.545888423919677734e-01 7.065601348876953125e-01 6.845254898071289062e-01 6.617540121078491211e-01 6.370378732681274414e-01 6.731494665145874023e-01 7.216562032699584961e-01 7.782734632492065430e-01 8.872611522674560547e-01 1.002176523208618164e+00 1.146694898605346680e+00 nan 1.068781375885009766e+00 9.486835002899169922e-01 7.938156127929687500e-01 6.724996566772460938e-01
5.549682378768920898e-01 6.505925655364990234e-01 6.302063465118408203e-01 6.081691980361938477e-01 5.864299535751342773e-01 5.890022516250610352e-01 6.412494182586669922e-01 6.956322193145751953e-01 7.565710544586181641e-01 8.663593530654907227e-01 9.738376140594482422e-01 1.135509252548217773e+00 nan 1.033921718597412109e+00 8.833702802658081055e-01 7.089823484420776367e-01
5.174541473388671875e-01 5.145549774169921875e-01 5.446195602416992188e-01 5.563123226165771484e-01 5.352740287780761719e-01 5.402107238769531250e-01 5.514364242553710938e-01 5.999059677124023438e-01 6.529188156127929688e-01 7.082053422927856445e-01 8.059176206588745117e-01 9.305258989334106445e-01 1.090025186538696289e+00 nan 9.759228229522705078e-01 7.877414226531982422e-01
4.821411371231079102e-01 4.832359552383422852e-01 4.775502681732177734e-01 4.762524366378784180e-01 4.857677221298217773e-01 4.929174184799194336e-01 5.037983655929565430e-01 5.147585868835449219e-01 5.596039295196533203e-01 6.118049621582031250e-01 6.692215204238891602e-01 7.465554475784301758e-01 8.695683479309082031e-01 9.834769964218139648e-01 nan 8.822590112686157227e-01
4.353202581405639648e-01 4.445039033889770508e-01 4.427931308746337891e-01 4.401628971099853516e-01 4.402683973312377930e-01 4.435466527938842773e-01 4.543217420578002930e-01 4.651771783828735352e-01 4.761136770248413086e-01 4.962856769561767578e-01 5.521157979965209961e-01 6.135578155517578125e-01 6.802046298980712891e-01 7.663697004318237305e-01 8.770846128463745117e-01 nan
