nan 1.020725727081298828e+00 9.772260189056396484e-01 9.280235767364501953e-01 8.906044960021972656e-01 8.710318803787231445e-01 8.516621589660644531e-01 8.296856880187988281e-01 7.990117073059082031e-01 7.831730842590332031e-01 7.869948148727416992e-01 8.034009933471679688e-01 7.670669555664062500e-01 7.044328451156616211e-01 6.440186500549316406e-01 5.857459306716918945e-01
9.416925907135009766e-01 nan 1.080479145050048828e+00 1.021773099899291992e+00 9.498862028121948242e-01 8.951617479324340820e-01 8.755421638488769531e-01 8.494995832443237305e-01 8.184931278228759766e-01 7.694648504257202148e-01 7.651480436325073242e-01 7.731646299362182617e-01 7.506389617919921875e-01 6.944426298141479492e-01 6.375373601913452148e-01 5.794943571090698242e-01
8.661495447158813477e-01 1.005352258682250977e+00 nan 1.119350194931030273e+00 1.043573856353759766e+00 9.705069065093994141e-01 9.000526666641235352e-01 8.695279359817504883e-01 8.381857872009277344e-01 7.905091047286987305e-01 7.361704111099243164e-01 7.432616949081420898e-01 7.281975746154785156e-01 6.727219820022583008e-01 6.190268993377685547e-01 5.670557022094726562e-01
7.976031303405761719e-01 9.315099716186523438e-01 1.072948694229125977e+00 nan 1.145795822143554688e+00 1.068878412246704102e+00 9.875347614288330078e-01 9.041345119476318359e-01 8.603882789611816406e-01 8.023045063018798828e-01 7.457208633422851562e-01 7.125903367996215820e-01 7.071886062622070312e-01 6.522940397262573242e-01 5.991644859313964844e-01 5.477434396743774414e-01
7.615622282028198242e-01 8.620822429656982422e-01 9.916065931320190430e-01 1.110263824462890625e+00 nan 1.178460597991943359e+00 1.075935125350952148e+00 9.888254404067993164e-01 8.846108913421630859e-01 8.088934421539306641e-01 7.523005008697509766e-01 7.135421037673950195e-01 6.875165700912475586e-01 6.341090202331542969e-01 5.815641880035400391e-01 5.307091474533081055e-01
7.567808628082275391e-01 8.239114284515380859e-01 9.134564399719238281e-01 1.023466587066650391e+00 1.137730598449707031e+00 nan 1.197738170623779297e+00 1.080116987228393555e+00 9.510518312454223633e-01 8.408406972885131836e-01 7.767025232315063477e-01 7.302373647689819336e-01 6.849873065948486328e-01 6.161241531372070312e-01 5.641577243804931641e-01 5.138622522354125977e-01
7.373329401016235352e-01 8.086371421813964844e-01 8.640401363372802734e-01 9.281022548675537109e-01 1.030583381652832031e+00 1.164749860763549805e+00 nan 1.181230306625366211e+00 1.046318054199218750e+00 9.341492652893066406e-01 8.257007598876953125e-01 7.698650360107421875e-01 7.235785722732543945e-01 6.441767215728759766e-01 5.662686824798583984e-01 5.096518993377685547e-01
7.148363590240478516e-01 7.923915386199951172e-01 8.277021646499633789e-01 8.589187860488891602e-01 9.348838329315185547e-01 1.042328119277954102e+00 1.158263683319091797e+00 nan 1.149885892868041992e+00 1.032130718231201172e+00 9.181939363479614258e-01 8.104002475738525391e-01 7.630536556243896484e-01 6.950298547744750977e-01 5.910317897796630859e-01 5.214973688125610352e-01
7.344902753829956055e-01 7.662001848220825195e-01 8.047648668289184570e-01 8.269609212875366211e-01 8.441526889801025391e-01 9.054547548294067383e-01 1.016780138015747070e+00 1.134609460830688477e+00 nan 1.136137723922729492e+00 1.015373468399047852e+00 8.985112905502319336e-01 8.034328222274780273e-01 7.474555969238281250e-01 6.402411460876464844e-01 5.396045446395874023e-01
7.557044029235839844e-01 7.698678970336914062e-01 7.648681402206420898e-01 7.882798910140991211e-01 7.962622642517089844e-01 8.051406145095825195e-01 8.987394571304321289e-01 1.009672403335571289e+00 1.149160623550415039e+00 nan 1.143479585647583008e+00 9.946933984756469727e-01 8.790305852890014648e-01 7.964924573898315430e-01 6.909725666046142578e-01 5.872234106063842773e-01
7.759464979171752930e-01 7.721841335296630859e-01 7.554347515106201172e-01 7.318989038467407227e-01 7.439552545547485352e-01 7.560957670211791992e-01 7.996836900711059570e-01 8.920478820800781250e-01 1.002589941024780273e+00 1.167373418807983398e+00 nan 1.124146938323974609e+00 9.742256402969360352e-01 8.597497940063476562e-01 7.432729005813598633e-01 6.363149881362915039e-01
7.587119340896606445e-01 7.588263750076293945e-01 7.408177852630615234e-01 7.131668329238891602e-01 6.823797225952148438e-01 6.940913200378417969e-01 7.356165647506713867e-01 7.860286235809326172e-01 8.819390535354614258e-01 1.004415512084960938e+00 1.182695865631103516e+00 nan 1.104988336563110352e+00 9.539681673049926758e-01 8.071080446243286133e-01 6.869249343872070312e-01
5.687772035598754883e-01 6.849801540374755859e-01 6.847733259201049805e-01 6.620182991027832031e-01 6.395708322525024414e-01 6.174265146255493164e-01 6.609038114547729492e-01 7.160285711288452148e-01 7.684340476989746094e-01 8.624628782272338867e-01 1.010251760482788086e+00 1.174888610839843750e+00 nan 1.086002826690673828e+00 9.135574102401733398e-01 7.390999794006347656e-01
5.390716791152954102e-01 5.357247591018676758e-01 5.668296813964843750e-01 6.085107326507568359e-01 5.867859125137329102e-01 5.653543472290039062e-01 5.712072849273681641e-01 6.195319890975952148e-01 6.732835769653320312e-01 7.288191318511962891e-01 8.206975460052490234e-01 9.709953069686889648e-01 1.164157629013061523e+00 nan 1.061474084854125977e+00 8.397849798202514648e-01
5.040146112442016602e-01 5.039765834808349609e-01 4.981089830398559570e-01 4.969367980957031250e-01 5.357003211975097656e-01 5.149588584899902344e-01 5.228842496871948242e-01 5.339659452438354492e-01 5.791907310485839844e-01 6.316033601760864258e-01 6.886012554168701172e-01 7.637835741043090820e-01 8.881227970123291016e-01 1.060174703598022461e+00 nan 9.691944122314453125e-01
4.572057723999023438e-01 4.665127992630004883e-01 4.635745286941528320e-01 4.610465764999389648e-01 4.611369371414184570e-01 4.625904560089111328e-01 4.734907150268554688e-01 4.844722747802734375e-01 4.955356121063232422e-01 5.225577354431152344e-01 5.777268409729003906e-01 6.429804563522338867e-01 7.109328508377075195e-01 8.097625970840454102e-01 9.549708366394042969e-01 nan
