nan 1.163963794708251953e+00 1.068259000778198242e+00 1.015498876571655273e+00 9.448180198669433594e-01 9.244331121444702148e-01 9.019950628280639648e-01 8.828911781311035156e-01 8.722283840179443359e-01 8.467600345611572266e-01 8.236428499221801758e-01 8.161761760711669922e-01 7.443972826004028320e-01 6.825666427612304688e-01 6.229275465011596680e-01 5.654023885726928711e-01
1.015915393829345703e+00 nan 1.206495285034179688e+00 1.113501787185668945e+00 1.038262128829956055e+00 9.653853178024291992e-01 9.358437061309814453e-01 9.248811006546020508e-01 9.139804840087890625e-01 8.560979366302490234e-01 8.140660524368286133e-01 7.862302064895629883e-01 7.222485542297363281e-01 6.669636964797973633e-01 6.134537458419799805e-01 5.592311620712280273e-01
9.374847412109375000e-01 1.082008600234985352e+00 nan 1.231771469116210938e+00 1.136196136474609375e+00 1.074134588241577148e+00 1.011647701263427734e+00 9.678072929382324219e-01 9.561491012573242188e-01 8.956283330917358398e-01 7.917073965072631836e-01 7.567782402038574219e-01 7.001712322235107422e-01 6.455951929092407227e-01 5.927710533142089844e-01 5.416424274444580078e-01
8.668349981307983398e-01 1.005898952484130859e+00 1.151405096054077148e+00 nan 1.289815664291381836e+00 1.182250261306762695e+00 1.113792657852172852e+00 1.048527002334594727e+00 9.844309091567993164e-01 8.903710842132568359e-01 7.936122417449951172e-01 7.204790115356445312e-01 6.797802448272705078e-01 6.257671117782592773e-01 5.734905004501342773e-01 5.228950977325439453e-01
8.033373355865478516e-01 9.337973594665527344e-01 1.066984653472900391e+00 1.193424224853515625e+00 nan 1.358290433883666992e+00 1.232116937637329102e+00 1.148652791976928711e+00 1.020328760147094727e+00 8.793635368347167969e-01 7.860518693923950195e-01 7.121338844299316406e-01 6.612927913665771484e-01 6.078739166259765625e-01 5.561728477478027344e-01 5.061342716217041016e-01
7.792575359344482422e-01 8.696140050888061523e-01 9.837440252304077148e-01 1.089728593826293945e+00 1.236659765243530273e+00 nan 1.422917366027832031e+00 1.244388103485107422e+00 1.096004486083984375e+00 9.458277225494384766e-01 8.112697601318359375e-01 7.375965118408203125e-01 6.921541690826416016e-01 6.015397310256958008e-01 5.436480045318603516e-01 4.895578622817993164e-01
7.493244409561157227e-01 8.468714952468872070e-01 9.030008316040039062e-01 9.912413358688354492e-01 1.121464014053344727e+00 1.296708822250366211e+00 nan 1.380594968795776367e+00 1.176364183425903320e+00 1.024407386779785156e+00 8.708813190460205078e-01 7.773927450180053711e-01 7.309094667434692383e-01 6.400918960571289062e-01 5.557601451873779297e-01 4.995232820510864258e-01
7.159514427185058594e-01 8.161355257034301758e-01 8.652688264846801758e-01 8.977724313735961914e-01 1.019038200378417969e+00 1.150534391403198242e+00 1.269109487533569336e+00 nan 1.305787324905395508e+00 1.106159687042236328e+00 9.531222581863403320e-01 8.398699760437011719e-01 7.705523967742919922e-01 6.908185482025146484e-01 5.870789289474487305e-01 5.112892389297485352e-01
7.254089117050170898e-01 7.776867151260375977e-01 8.260101079940795898e-01 8.547426462173461914e-01 8.988758325576782227e-01 9.838513135910034180e-01 1.093236684799194336e+00 1.208652973175048828e+00 nan 1.244377613067626953e+00 1.052071094512939453e+00 9.330811500549316406e-01 8.209909200668334961e-01 7.431142330169677734e-01 6.361660957336425781e-01 5.357794761657714844e-01
7.465118169784545898e-01 7.614338397979736328e-01 7.646348476409912109e-01 8.010878562927246094e-01 8.030076026916503906e-01 8.300874233245849609e-01 9.335310459136962891e-01 1.043290615081787109e+00 1.178837060928344727e+00 nan 1.225056886672973633e+00 1.031014680862426758e+00 9.132456779479980469e-01 7.970272302627563477e-01 6.867713928222656250e-01 5.832798480987548828e-01
7.639005184173583984e-01 7.555594444274902344e-01 7.396292686462402344e-01 7.146660089492797852e-01 7.266025543212890625e-01 7.501876354217529297e-01 8.084659576416015625e-01 9.150099754333496094e-01 1.026893377304077148e+00 1.193046331405639648e+00 nan 1.196187019348144531e+00 1.010174036026000977e+00 8.936136960983276367e-01 7.389416694641113281e-01 6.322495937347412109e-01
7.357968091964721680e-01 7.358045578002929688e-01 7.149695158004760742e-01 6.918066740036010742e-01 6.656396389007568359e-01 6.840322017669677734e-01 7.329461574554443359e-01 7.897502183914184570e-01 8.995549678802490234e-01 1.021610498428344727e+00 1.199964523315429688e+00 nan 1.167691230773925781e+00 9.895477294921875000e-01 8.276685476303100586e-01 6.827336549758911133e-01
5.600758790969848633e-01 6.710759401321411133e-01 6.597570180892944336e-01 6.373400688171386719e-01 6.152257919311523438e-01 6.005440950393676758e-01 6.536655426025390625e-01 7.085499763488769531e-01 7.705341577529907227e-01 8.798965215682983398e-01 1.018736362457275391e+00 1.188434362411499023e+00 nan 1.139565706253051758e+00 9.353288412094116211e-01 7.572073936462402344e-01
5.292828083038330078e-01 5.259855985641479492e-01 5.538961887359619141e-01 5.846269130706787109e-01 5.632246732711791992e-01 5.506738424301147461e-01 5.619578361511230469e-01 6.124738454818725586e-01 6.659913063049316406e-01 7.212848663330078125e-01 8.296769857406616211e-01 9.622267484664916992e-01 1.161008358001708984e+00 nan 1.085168123245239258e+00 8.489600419998168945e-01
4.944107532501220703e-01 4.944149255752563477e-01 4.886083602905273438e-01 4.874517917633056641e-01 5.128976106643676758e-01 5.029823780059814453e-01 5.139193534851074219e-01 5.249358415603637695e-01 5.723084211349487305e-01 6.244927644729614258e-01 6.833243370056152344e-01 7.724822759628295898e-01 8.974347114562988281e-01 1.051009654998779297e+00 nan 9.698293209075927734e-01
4.473414421081542969e-01 4.565924406051635742e-01 4.537380933761596680e-01 4.512350559234619141e-01 4.513247013092041016e-01 4.534256458282470703e-01 4.642575979232788086e-01 4.751703739166259766e-01 4.861644506454467773e-01 5.105307102203369141e-01 5.672026872634887695e-01 6.320208311080932617e-01 6.995199918746948242e-01 8.043184280395507812e-01 9.414018392562866211e-01 nan
