nan 1.067415237426757812e+00 1.018445253372192383e+00 9.882631301879882812e-01 9.585326910018920898e-01 9.257246255874633789e-01 9.164036512374877930e-01 9.026466608047485352e-01 8.889882564544677734e-01 8.754280805587768555e-01 8.549288511276245117e-01 8.333442211151123047e-01 8.155294656753540039e-01 8.248023986816406250e-01 8.135263919830322266e-01 7.978644371032714844e-01 0.000000000000000000e+00 0.000000000000000000e+00 0.000000000000000000e+00 0.000000000000000000e+00 0.000000000000000000e+00 0.000000000000000000e+00
1.002605199813842773e+00 nan 1.095461606979370117e+00 1.059580087661743164e+00 1.028783082962036133e+00 9.845507144927978516e-01 9.353297948837280273e-01 9.196006059646606445e-01 9.058204889297485352e-01 8.908146619796752930e-01 8.688122034072875977e-01 8.470658063888549805e-01 8.255724906921386719e-01 8.228832483291625977e-01 7.985739707946777344e-01 7.768191099166870117e-01 0.000000000000000000e+00 0.000000000000000000e+00 0.000000000000000000e+00 0.000000000000000000e+00 0.000000000000000000e+00 0.000000000000000000e+00
9.483371973037719727e-01 1.047833919525146484e+00 nan 1.133455038070678711e+00 1.100140094757080078e+00 1.050274372100830078e+00 9.992400407791137695e-01 9.494761228561401367e-01 9.228028059005737305e-01 9.049665927886962891e-01 8.827996253967285156e-01 8.609585762023925781e-01 8.536561727523803711e-01 8.365467786788940430e-01 7.695519924163818359e-01 7.560203075408935547e-01 0.000000000000000000e+00 0.000000000000000000e+00 0.000000000000000000e+00 0.000000000000000000e+00 0.000000000000000000e+00 0.000000000000000000e+00
8.955396413803100586e-01 9.923402070999145508e-01 1.094084024429321289e+00 nan 1.170320034027099609e+00 1.117980718612670898e+00 1.065261125564575195e+00 1.013853788375854492e+00 9.637262821197509766e-01 9.192246198654174805e-01 8.970364332199096680e-01 8.895925283432006836e-01 8.772618770599365234e-01 8.348134756088256836e-01 7.643535137176513672e-01 7.354648113250732422e-01 0.000000000000000000e+00 0.000000000000000000e+00 0.000000000000000000e+00 0.000000000000000000e+00 0.000000000000000000e+00 0.000000000000000000e+00
8.460886478424072266e-01 9.402366876602172852e-01 1.039186239242553711e+00 1.143182039260864258e+00 nan 1.189478158950805664e+00 1.134839296340942383e+00 1.081563711166381836e+00 1.027209758758544922e+00 9.679312705993652344e-01 9.246714115142822266e-01 9.166917800903320312e-01 8.740737438201904297e-01 8.311065435409545898e-01 7.725794315338134766e-01 7.260655164718627930e-01 0.000000000000000000e+00 0.000000000000000000e+00 0.000000000000000000e+00 0.000000000000000000e+00 0.000000000000000000e+00 0.000000000000000000e+00
7.998909950256347656e-01 8.916829824447631836e-01 9.881563186645507812e-01 1.089549541473388672e+00 1.179086685180664062e+00 nan 1.212568044662475586e+00 1.152144432067871094e+00 1.089212417602539062e+00 1.028891086578369141e+00 9.853131771087646484e-01 9.060359001159667969e-01 8.635088205337524414e-01 8.196773529052734375e-01 7.666367292404174805e-01 7.305667400360107422e-01 0.000000000000000000e+00 0.000000000000000000e+00 0.000000000000000000e+00 0.000000000000000000e+00 0.000000000000000000e+00 0.000000000000000000e+00
7.718746662139892578e-01 8.443443775177001953e-01 9.384034872055053711e-01 1.034249544143676758e+00 1.118788480758666992e+00 1.207405567169189453e+00 nan 1.233087539672851562e+00 1.157687187194824219e+00 1.094246625900268555e+00 1.015762567520141602e+00 9.311209917068481445e-01 8.530040979385375977e-01 8.083198070526123047e-01 7.650266885757446289e-01 7.350796461105346680e-01 0.000000000000000000e+00 0.000000000000000000e+00 0.000000000000000000e+00 0.000000000000000000e+00 0.000000000000000000e+00 0.000000000000000000e+00
7.511838674545288086e-01 8.160327672958374023e-01 8.878785371780395508e-01 9.781150817871093750e-01 1.055528163909912109e+00 1.130560874938964844e+00 1.226683616638183594e+00 nan 1.246749401092529297e+00 1.158607959747314453e+00 1.067804813385009766e+00 9.808213710784912109e-01 8.974969387054443359e-01 8.190518617630004883e-01 7.830700874328613281e-01 7.499455213546752930e-01 0.000000000000000000e+00 0.000000000000000000e+00 0.000000000000000000e+00 0.000000000000000000e+00 0.000000000000000000e+00 0.000000000000000000e+00
7.307347059249877930e-01 8.007104396820068359e-01 8.596719503402709961e-01 9.156081676483154297e-01 9.879640340805053711e-01 1.060530424118041992e+00 1.142648696899414062e+00 1.246129989624023438e+00 nan 1.230718851089477539e+00 1.136882305145263672e+00 1.046993255615234375e+00 9.608850479125976562e-01 8.754364252090454102e-01 8.112066984176635742e-01 7.775956392288208008e-01 0.000000000000000000e+00 0.000000000000000000e+00 0.000000000000000000e+00 0.000000000000000000e+00 0.000000000000000000e+00 0.000000000000000000e+00
7.154616117477416992e-01 7.809867858886718750e-01 8.439815044403076172e-01 8.863860368728637695e-01 9.226207733154296875e-01 9.928020238876342773e-01 1.065545082092285156e+00 1.153611898422241211e+00 1.238228559494018555e+00 nan 1.208267211914062500e+00 1.115375518798828125e+00 1.025872468948364258e+00 9.406489133834838867e-01 8.661403656005859375e-01 8.056827783584594727e-01 0.000000000000000000e+00 0.000000000000000000e+00 0.000000000000000000e+00 0.000000000000000000e+00 0.000000000000000000e+00 0.000000000000000000e+00
6.978222131729125977e-01 7.601896524429321289e-01 8.239107131958007812e-01 8.604123592376708984e-01 8.827965259552001953e-01 9.272997379302978516e-01 9.903799295425415039e-01 1.056670904159545898e+00 1.137478590011596680e+00 1.221461057662963867e+00 nan 1.186042308807373047e+00 1.092277050018310547e+00 1.008128881454467773e+00 9.311268329620361328e-01 8.534331321716308594e-01 0.000000000000000000e+00 0.000000000000000000e+00 0.000000000000000000e+00 0.000000000000000000e+00 0.000000000000000000e+00 0.000000000000000000e+00
7.100181579589843750e-01 7.422013282775878906e-01 8.004169464111328125e-01 8.347961902618408203e-01 8.568723201751708984e-01 8.759785890579223633e-01 9.041917324066162109e-01 9.640629291534423828e-01 1.040592432022094727e+00 1.120103836059570312e+00 1.202713251113891602e+00 nan 1.160857915878295898e+00 1.077955245971679688e+00 9.983763694763183594e-01 9.179439544677734375e-01 0.000000000000000000e+00 0.000000000000000000e+00 0.000000000000000000e+00 0.000000000000000000e+00 0.000000000000000000e+00 0.000000000000000000e+00
7.241441011428833008e-01 7.423450946807861328e-01 7.739421129226684570e-01 8.078624010086059570e-01 8.249312639236450195e-01 8.282284736633300781e-01 8.315315246582031250e-01 8.684003353118896484e-01 9.412024021148681641e-01 1.016840934753417969e+00 1.095426797866821289e+00 1.181130886077880859e+00 nan 1.150209665298461914e+00 1.067967653274536133e+00 9.846999645233154297e-01 0.000000000000000000e+00 0.000000000000000000e+00 0.000000000000000000e+00 0.000000000000000000e+00 0.000000000000000000e+00 0.000000000000000000e+00
7.378368377685546875e-01 7.573635578155517578e-01 7.574690580368041992e-01 7.657914161682128906e-01 7.750780582427978516e-01 7.836236953735351562e-01 7.902572154998779297e-01 8.024094104766845703e-01 8.573424816131591797e-01 9.318093061447143555e-01 1.009261846542358398e+00 1.089819431304931641e+00 1.193910598754882812e+00 nan 1.139877796173095703e+00 1.053779602050781250e+00 0.000000000000000000e+00 0.000000000000000000e+00 0.000000000000000000e+00 0.000000000000000000e+00 0.000000000000000000e+00 0.000000000000000000e+00
7.516381740570068359e-01 7.665469646453857422e-01 7.589898109436035156e-01 7.382038831710815430e-01 7.314485311508178711e-01 7.397842407226562500e-01 7.481600046157836914e-01 7.602413892745971680e-01 7.954810857772827148e-01 8.528085947036743164e-01 9.270936250686645508e-01 1.004356861114501953e+00 1.084717750549316406e+00 1.206765413284301758e+00 nan 1.127996444702148438e+00 0.000000000000000000e+00 0.000000000000000000e+00 0.000000000000000000e+00 0.000000000000000000e+00 0.000000000000000000e+00 0.000000000000000000e+00
7.655491828918457031e-01 7.684861421585083008e-01 7.525632381439208984e-01 7.297420501708984375e-01 7.072179317474365234e-01 6.970223188400268555e-01 7.051920890808105469e-01 7.139060497283935547e-01 7.482181787490844727e-01 7.832171916961669922e-01 8.398013114929199219e-01 9.172272682189941406e-01 9.979115724563598633e-01 1.090523719787597656e+00 1.219695329666137695e+00 nan 0.000000000000000000e+00 0.000000000000000000e+00 0.000000000000000000e+00 0.000000000000000000e+00 0.000000000000000000e+00 0.000000000000000000e+00
7.460554838180541992e-01 7.431778907775878906e-01 7.298212051391601562e-01 7.137846946716308594e-01 6.977266073226928711e-01 6.767842769622802734e-01 6.632804870605468750e-01 6.712880134582519531e-01 7.021993398666381836e-01 7.362771034240722656e-01 7.710369825363159180e-01 8.265986442565917969e-01 9.034689664840698242e-01 9.835491180419921875e-01 1.095263481140136719e+00 1.213958740234375000e+00 nan 0.000000000000000000e+00 0.000000000000000000e+00 0.000000000000000000e+00 0.000000000000000000e+00 0.000000000000000000e+00
5.996838808059692383e-01 7.039593458175659180e-01 6.904075145721435547e-01 6.753953695297241211e-01 6.596968173980712891e-01 6.441454887390136719e-01 6.287399530410766602e-01 6.192582845687866211e-01 6.527807712554931641e-01 6.905189752578735352e-01 7.243062257766723633e-01 7.587621212005615234e-01 8.132078647613525391e-01 8.894364833831787109e-01 9.720019102096557617e-01 1.082505464553833008e+00 0.000000000000000000e+00 nan 0.000000000000000000e+00 0.000000000000000000e+00 0.000000000000000000e+00 0.000000000000000000e+00
5.442839860916137695e-01 5.439850091934204102e-01 6.323896646499633789e-01 6.378657817840576172e-01 6.225160360336303711e-01 6.072998046875000000e-01 5.922262668609619141e-01 5.772939920425415039e-01 5.876219272613525391e-01 6.238583326339721680e-01 6.609218120574951172e-01 6.988312005996704102e-01 7.376059293746948242e-01 7.936251163482666016e-01 8.754537105560302734e-01 9.577842950820922852e-01 0.000000000000000000e+00 0.000000000000000000e+00 nan 0.000000000000000000e+00 0.000000000000000000e+00 0.000000000000000000e+00
5.222710371017456055e-01 5.213694572448730469e-01 5.184175968170166016e-01 5.523815155029296875e-01 5.861126184463500977e-01 5.712376832962036133e-01 5.565023422241210938e-01 5.420106649398803711e-01 5.497825145721435547e-01 5.598261356353759766e-01 5.954282283782958984e-01 6.318427324295043945e-01 6.690883636474609375e-01 7.071843147277832031e-01 7.519851922988891602e-01 8.313649892807006836e-01 0.000000000000000000e+00 0.000000000000000000e+00 0.000000000000000000e+00 nan 0.000000000000000000e+00 0.000000000000000000e+00
4.996743202209472656e-01 4.991182088851928711e-01 4.966689348220825195e-01 4.926359653472900391e-01 4.915270805358886719e-01 5.359847545623779297e-01 5.215799808502197266e-01 5.090738534927368164e-01 5.166797637939453125e-01 5.243240594863891602e-01 5.325171947479248047e-01 5.674957036972045898e-01 6.032727956771850586e-01 6.398663520812988281e-01 6.772952079772949219e-01 7.190659046173095703e-01 0.000000000000000000e+00 0.000000000000000000e+00 0.000000000000000000e+00 0.000000000000000000e+00 nan 0.000000000000000000e+00
4.693074226379394531e-01 4.758094549179077148e-01 4.745264053344726562e-01 4.707310199737548828e-01 4.686760902404785156e-01 4.687507152557373047e-01 4.874410629272460938e-01 4.768404960632324219e-01 4.842840433120727539e-01 4.917651414871215820e-01 4.992837905883789062e-01 5.068404674530029297e-01 5.400524139404296875e-01 5.752030611038208008e-01 6.111559867858886719e-01 6.508518457412719727e-01 0.000000000000000000e+00 0.000000000000000000e+00 0.000000000000000000e+00 0.000000000000000000e+00 0.000000000000000000e+00 nan
