nan 1.085555553436279297e+00 1.040307044982910156e+00 9.850327968597412109e-01 9.455044269561767578e-01 9.130222797393798828e-01 8.808075189590454102e-01 8.491351604461669922e-01 8.179963827133178711e-01 8.136773109436035156e-01 7.972952127456665039e-01 8.142791986465454102e-01 8.088676929473876953e-01 7.505643367767333984e-01 6.920582056045532227e-01 6.317141056060791016e-01
1.046271800994873047e+00 nan 1.145199060440063477e+00 1.079950094223022461e+00 1.003125667572021484e+00 9.330809116363525391e-01 9.005285501480102539e-01 8.685241937637329102e-01 8.444656133651733398e-01 8.124155998229980469e-01 7.914195060729980469e-01 7.835918664932250977e-01 7.845984697341918945e-01 7.270771265029907227e-01 6.714100837707519531e-01 6.175370216369628906e-01
9.639523029327392578e-01 1.111365318298339844e+00 nan 1.179175376892089844e+00 1.094308853149414062e+00 1.006176233291625977e+00 9.217526912689208984e-01 8.968368768692016602e-01 8.771349191665649414e-01 8.497575521469116211e-01 7.654494047164916992e-01 7.533299922943115234e-01 7.604501247406005859e-01 7.039051055908203125e-01 6.489849090576171875e-01 5.958347320556640625e-01
8.833483457565307617e-01 1.028061389923095703e+00 1.174099445343017578e+00 nan 1.190640449523925781e+00 1.096610784530639648e+00 1.012251138687133789e+00 9.498021602630615234e-01 9.076063632965087891e-01 8.531171083450317383e-01 7.738622426986694336e-01 7.231796979904174805e-01 7.302769422531127930e-01 6.812380552291870117e-01 6.269565820693969727e-01 5.744276046752929688e-01
8.047242164611816406e-01 9.433959722518920898e-01 1.075983047485351562e+00 1.199941635131835938e+00 nan 1.209304332733154297e+00 1.110255241394042969e+00 1.031858921051025391e+00 9.252865314483642578e-01 8.351851701736450195e-01 7.639391422271728516e-01 7.239569425582885742e-01 6.977337598800659180e-01 6.617271900177001953e-01 6.080757379531860352e-01 5.561563968658447266e-01
7.748481035232543945e-01 8.622651100158691406e-01 9.811620712280273438e-01 1.088876485824584961e+00 1.227019786834716797e+00 nan 1.240924358367919922e+00 1.122056245803833008e+00 9.814896583557128906e-01 8.542739152908325195e-01 7.763073444366455078e-01 7.297780513763427734e-01 6.913696527481079102e-01 6.424428224563598633e-01 5.894140005111694336e-01 5.380971431732177734e-01
7.518947124481201172e-01 8.357081413269042969e-01 8.944400548934936523e-01 9.896908998489379883e-01 1.106081008911132812e+00 1.253590345382690430e+00 nan 1.202078342437744141e+00 1.056210994720458984e+00 9.291476011276245117e-01 8.176214694976806641e-01 7.688505649566650391e-01 7.224799394607543945e-01 6.591105461120605469e-01 5.814267396926879883e-01 5.240904092788696289e-01
7.280570268630981445e-01 8.060606718063354492e-01 8.562463521957397461e-01 8.932994604110717773e-01 9.856905937194824219e-01 1.109908342361450195e+00 1.229554891586303711e+00 nan 1.150452136993408203e+00 1.026030778884887695e+00 9.090987443923950195e-01 8.088440895080566406e-01 7.614250183105468750e-01 7.090780735015869141e-01 6.039344072341918945e-01 5.352789163589477539e-01
7.318906784057617188e-01 7.758702039718627930e-01 8.084719181060791016e-01 8.323947191238403320e-01 8.742482662200927734e-01 9.625988006591796875e-01 1.073891878128051758e+00 1.204914569854736328e+00 nan 1.127842426300048828e+00 1.005180120468139648e+00 8.887743949890136719e-01 8.012506961822509766e-01 7.540307044982910156e-01 6.522401571273803711e-01 5.505932569503784180e-01
7.529505491256713867e-01 7.529214620590209961e-01 7.619106769561767578e-01 7.845572233200073242e-01 7.928216457366943359e-01 8.352638483047485352e-01 9.423497915267944336e-01 1.055684089660644531e+00 1.216633081436157227e+00 nan 1.106096982955932617e+00 9.838328361511230469e-01 8.686664104461669922e-01 7.936892509460449219e-01 7.020008563995361328e-01 5.972923040390014648e-01
7.632831335067749023e-01 7.557234764099121094e-01 7.391959428787231445e-01 7.290387153625488281e-01 7.409423589706420898e-01 7.662091255187988281e-01 8.280847072601318359e-01 9.347516298294067383e-01 1.050320148468017578e+00 1.233950376510620117e+00 nan 1.083675384521484375e+00 9.627126455307006836e-01 8.487724065780639648e-01 7.532598972320556641e-01 6.453981399536132812e-01
7.459523677825927734e-01 7.467153072357177734e-01 7.296538352966308594e-01 6.979376077651977539e-01 6.789023876190185547e-01 6.992387771606445312e-01 7.485018968582153320e-01 8.138020038604736328e-01 9.249670505523681641e-01 1.065986394882202148e+00 1.213024377822875977e+00 nan 1.061492443084716797e+00 9.418176412582397461e-01 8.085800409317016602e-01 6.949527263641357422e-01
5.715485811233520508e-01 6.900566816329956055e-01 6.738796234130859375e-01 6.512520313262939453e-01 6.289303302764892578e-01 6.222214698791503906e-01 6.759736537933349609e-01 7.307779788970947266e-01 7.944450378417968750e-01 9.039894342422485352e-01 1.033151388168334961e+00 1.205567598342895508e+00 nan 1.039545536041259766e+00 9.135477542877197266e-01 7.459994554519653320e-01
5.422371625900268555e-01 5.391930341720581055e-01 5.715392827987670898e-01 5.980058908462524414e-01 5.764039754867553711e-01 5.642827749252319336e-01 5.813572406768798828e-01 6.337554454803466797e-01 6.878898143768310547e-01 7.458267211914062500e-01 8.576313257217407227e-01 1.004755735397338867e+00 1.198136091232299805e+00 nan 1.016875028610229492e+00 8.309667110443115234e-01
5.060708522796630859e-01 5.074503421783447266e-01 5.015863180160522461e-01 5.002561807632446289e-01 5.255713462829589844e-01 5.162503719329833984e-01 5.273013114929199219e-01 5.415223836898803711e-01 5.926007032394409180e-01 6.457028388977050781e-01 7.043269872665405273e-01 7.975949048995971680e-01 9.242025613784790039e-01 1.096134424209594727e+00 nan 9.364506006240844727e-01
4.592998027801513672e-01 4.686369895935058594e-01 4.670740365982055664e-01 4.643884897232055664e-01 4.644957780838012695e-01 4.669179916381835938e-01 4.778676033020019531e-01 4.888987541198730469e-01 5.000122785568237305e-01 5.356540679931640625e-01 5.929532051086425781e-01 6.566181182861328125e-01 7.250434160232543945e-01 8.444559574127197266e-01 9.862861633300781250e-01 nan
