nan 1.039992809295654297e+00 9.960783720016479492e-01 9.481250047683715820e-01 9.243314266204833984e-01 9.044096469879150391e-01 8.743379116058349609e-01 8.429151773452758789e-01 8.120192289352416992e-01 8.187059164047241211e-01 8.025738000869750977e-01 8.120685815811157227e-01 7.951906919479370117e-01 7.375643253326416016e-01 6.817879676818847656e-01 6.272236108779907227e-01
1.020406246185302734e+00 nan 1.100315809249877930e+00 1.042852163314819336e+00 9.708586931228637695e-01 9.269396066665649414e-01 8.946352005004882812e-01 8.628722429275512695e-01 8.316417932510375977e-01 8.033922910690307617e-01 7.742627859115600586e-01 7.815096378326416016e-01 7.721782922744750977e-01 7.152907848358154297e-01 6.602294445037841797e-01 6.069353818893432617e-01
9.418008327484130859e-01 1.086646556854248047e+00 nan 1.142145633697509766e+00 1.065554380416870117e+00 9.855436086654663086e-01 9.151521921157836914e-01 8.830453157424926758e-01 8.636715412139892578e-01 8.154790401458740234e-01 7.443412542343139648e-01 7.514659166336059570e-01 7.493971586227416992e-01 6.930105686187744141e-01 6.384414434432983398e-01 5.856311321258544922e-01
8.690496683120727539e-01 1.008278608322143555e+00 1.157241582870483398e+00 nan 1.166667699813842773e+00 1.075750589370727539e+00 9.886485338211059570e-01 9.131788015365600586e-01 8.776518106460571289e-01 8.102216720581054688e-01 7.488477230072021484e-01 7.213000059127807617e-01 7.262978553771972656e-01 6.705615520477294922e-01 6.166247129440307617e-01 5.644294023513793945e-01
7.939075231552124023e-01 9.319090843200683594e-01 1.071263790130615234e+00 1.187747478485107422e+00 nan 1.174735784530639648e+00 1.076548814773559570e+00 9.833203554153442383e-01 8.594824075698852539e-01 7.983064651489257812e-01 7.547529935836791992e-01 7.157899141311645508e-01 6.958819627761840820e-01 6.511745452880859375e-01 5.978637933731079102e-01 5.462740659713745117e-01
7.675107717514038086e-01 8.542711734771728516e-01 9.767941236495971680e-01 1.084896802902221680e+00 1.215224742889404297e+00 nan 1.188430786132812500e+00 1.056588172912597656e+00 9.262399673461914062e-01 8.176326751708984375e-01 7.698227167129516602e-01 7.234266996383666992e-01 6.833568811416625977e-01 6.320127248764038086e-01 5.793205499649047852e-01 5.283296108245849609e-01
7.459712028503417969e-01 8.310928344726562500e-01 8.949210643768310547e-01 9.859000444412231445e-01 1.094926595687866211e+00 1.240915298461914062e+00 nan 1.155982732772827148e+00 1.017595767974853516e+00 9.040600061416625977e-01 8.098382949829101562e-01 7.623933553695678711e-01 7.161918878555297852e-01 6.443499326705932617e-01 5.730998516082763672e-01 5.160654783248901367e-01
7.228552103042602539e-01 8.053516149520874023e-01 8.567178249359130859e-01 8.916040658950805664e-01 9.915008544921875000e-01 1.094193935394287109e+00 1.212949752807617188e+00 nan 1.115824222564697266e+00 9.997920989990234375e-01 8.862223625183105469e-01 8.022408485412597656e-01 7.549948692321777344e-01 6.938731670379638672e-01 5.896645784378051758e-01 5.271949768066406250e-01
7.270681858062744141e-01 7.751420736312866211e-01 8.176873922348022461e-01 8.417321443557739258e-01 8.587546348571777344e-01 9.479815959930419922e-01 1.058445930480957031e+00 1.176280736923217773e+00 nan 1.100337266921997070e+00 9.811524152755737305e-01 8.661415576934814453e-01 7.946751117706298828e-01 7.448874711990356445e-01 6.375406980514526367e-01 5.384063720703125000e-01
7.478387355804443359e-01 7.586047649383544922e-01 7.706499099731445312e-01 7.865055799484252930e-01 7.938227653503417969e-01 8.286303281784057617e-01 9.353293180465698242e-01 1.048253774642944336e+00 1.194456338882446289e+00 nan 1.080860137939453125e+00 9.600608348846435547e-01 8.462743759155273438e-01 7.871413230895996094e-01 6.868585348129272461e-01 5.830818414688110352e-01
7.678004503250122070e-01 7.617560625076293945e-01 7.356576919555664062e-01 7.243918180465698242e-01 7.362636327743530273e-01 7.631145715713500977e-01 8.208147287368774414e-01 9.277586936950683594e-01 1.040241479873657227e+00 1.213514089584350586e+00 nan 1.058706998825073242e+00 9.391938447952270508e-01 8.275485038757324219e-01 7.376617193222045898e-01 6.307595968246459961e-01
7.483601570129394531e-01 7.420662641525268555e-01 7.194594144821166992e-01 6.910331249237060547e-01 6.743904352188110352e-01 6.960712671279907227e-01 7.452424764633178711e-01 8.013830184936523438e-01 9.117869138717651367e-01 1.044107437133789062e+00 1.204451322555541992e+00 nan 1.036789894104003906e+00 9.185491800308227539e-01 7.899949550628662109e-01 6.798732280731201172e-01
5.653997659683227539e-01 6.849342584609985352e-01 6.640138626098632812e-01 6.415197849273681641e-01 6.193296909332275391e-01 6.169584989547729492e-01 6.705365180969238281e-01 7.258895635604858398e-01 7.821587324142456055e-01 8.913844823837280273e-01 1.020365953445434570e+00 1.194886445999145508e+00 nan 1.015105962753295898e+00 8.806632757186889648e-01 7.302188873291015625e-01
5.333374738693237305e-01 5.306602716445922852e-01 5.767800807952880859e-01 5.885874032974243164e-01 5.671128034591674805e-01 5.568003654479980469e-01 5.762269496917724609e-01 6.284551620483398438e-01 6.824139356613159180e-01 7.381607294082641602e-01 8.433899879455566406e-01 9.816944599151611328e-01 1.182556390762329102e+00 nan 9.814577102661132812e-01 7.934569120407104492e-01
4.982938766479492188e-01 4.989145994186401367e-01 4.932620525360107422e-01 4.921449422836303711e-01 5.165798664093017578e-01 5.089975595474243164e-01 5.199956893920898438e-01 5.365214347839355469e-01 5.874340534210205078e-01 6.400336027145385742e-01 6.973142623901367188e-01 7.830400466918945312e-01 9.086226224899291992e-01 1.072021722793579102e+00 nan 8.900184631347656250e-01
4.517598152160644531e-01 4.610487222671508789e-01 4.589363336563110352e-01 4.564665555953979492e-01 4.565732479095458984e-01 4.598966836929321289e-01 4.707937240600585938e-01 4.817720651626586914e-01 4.928325414657592773e-01 5.302846431732177734e-01 5.863516330718994141e-01 6.492937803268432617e-01 7.174166440963745117e-01 8.294008970260620117e-01 9.567449092864990234e-01 nan
