nan 1.012984514236450195e+00 9.696513414382934570e-01 9.206128120422363281e-01 8.914680480957031250e-01 8.718866109848022461e-01 8.525078296661376953e-01 8.247469663619995117e-01 7.941557168960571289e-01 7.852920293807983398e-01 7.915259599685668945e-01 8.084979057312011719e-01 7.845087051391601562e-01 7.212562561035156250e-01 6.602458953857421875e-01 6.013979911804199219e-01
9.664400815963745117e-01 nan 1.072508811950683594e+00 1.014002323150634766e+00 9.426220655441284180e-01 8.960274457931518555e-01 8.759570121765136719e-01 8.445072174072265625e-01 8.135845661163330078e-01 7.676097154617309570e-01 7.696237564086914062e-01 7.827016115188598633e-01 7.718484401702880859e-01 7.144706249237060547e-01 6.537007093429565430e-01 5.950846672058105469e-01
8.899341821670532227e-01 1.030911207199096680e+00 nan 1.111454963684082031e+00 1.035960912704467773e+00 9.631661176681518555e-01 8.962717056274414062e-01 8.644813299179077148e-01 8.332239389419555664e-01 7.886316776275634766e-01 7.455083131790161133e-01 7.526377439498901367e-01 7.491352558135986328e-01 6.929875612258911133e-01 6.386420726776123047e-01 5.860410928726196289e-01
8.191699981689453125e-01 9.546833038330078125e-01 1.097792387008666992e+00 nan 1.136223793029785156e+00 1.059649229049682617e+00 9.745330810546875000e-01 8.916782140731811523e-01 8.533531427383422852e-01 8.071576356887817383e-01 7.536122798919677734e-01 7.225766181945800781e-01 7.271107435226440430e-01 6.715754270553588867e-01 6.178259849548339844e-01 5.658049583435058594e-01
7.715355157852172852e-01 8.844225406646728516e-01 1.015475273132324219e+00 1.135808467864990234e+00 nan 1.161858081817626953e+00 1.062355041503906250e+00 9.758151769638061523e-01 8.837040662765502930e-01 8.137642145156860352e-01 7.602217197418212891e-01 7.212882041931152344e-01 6.973567008972167969e-01 6.531783342361450195e-01 6.000204086303710938e-01 5.485717058181762695e-01
7.683148384094238281e-01 8.307585716247558594e-01 9.363886117935180664e-01 1.046336650848388672e+00 1.167324066162109375e+00 nan 1.180988550186157227e+00 1.075421094894409180e+00 9.424856901168823242e-01 8.347442150115966797e-01 7.743872404098510742e-01 7.279826402664184570e-01 6.895598173141479492e-01 6.349835395812988281e-01 5.824106931686401367e-01 5.315283536911010742e-01
7.484165430068969727e-01 8.169118165969848633e-01 8.706387281417846680e-01 9.498945474624633789e-01 1.053534030914306641e+00 1.194717645645141602e+00 nan 1.176407575607299805e+00 1.039415597915649414e+00 9.277112483978271484e-01 8.189227581024169922e-01 7.675585746765136719e-01 7.213324308395385742e-01 6.515654325485229492e-01 5.753600597381591797e-01 5.184146165847778320e-01
7.258887290954589844e-01 8.005739450454711914e-01 8.371371030807495117e-01 8.654992580413818359e-01 9.567526578903198242e-01 1.075099468231201172e+00 1.199460744857788086e+00 nan 1.142633914947509766e+00 1.025275945663452148e+00 9.110726118087768555e-01 8.080409765243530273e-01 7.607562541961669922e-01 7.026470899581909180e-01 5.981814861297607422e-01 5.303288698196411133e-01
7.317391633987426758e-01 7.774454355239868164e-01 8.140814304351806641e-01 8.372666835784912109e-01 8.594356775283813477e-01 9.398063421249389648e-01 1.053138494491577148e+00 1.185071945190429688e+00 nan 1.127778291702270508e+00 1.007891178131103516e+00 8.914630413055419922e-01 8.010826110839843750e-01 7.539799213409423828e-01 6.476119756698608398e-01 5.465233325958251953e-01
7.529196739196777344e-01 7.684777975082397461e-01 7.782323360443115234e-01 7.983673810958862305e-01 8.117406368255615234e-01 8.262709379196166992e-01 9.329701662063598633e-01 1.045902967453002930e+00 1.203589200973510742e+00 nan 1.126763582229614258e+00 9.872879981994628906e-01 8.720545768737792969e-01 7.941514253616333008e-01 6.985714435577392578e-01 5.943560600280761719e-01
7.730675935745239258e-01 7.711374759674072266e-01 7.543979883193969727e-01 7.539625167846679688e-01 7.646919488906860352e-01 7.720752954483032227e-01 8.198348283767700195e-01 9.261579513549804688e-01 1.038692951202392578e+00 1.222263097763061523e+00 nan 1.107581853866577148e+00 9.668961763381958008e-01 8.528453111648559570e-01 7.511067390441894531e-01 6.436682939529418945e-01
7.638678550720214844e-01 7.643486261367797852e-01 7.536113262176513672e-01 7.207232713699340820e-01 7.038124799728393555e-01 7.156734466552734375e-01 7.571614980697631836e-01 8.124973773956298828e-01 9.193696975708007812e-01 1.055178403854370117e+00 1.230385303497314453e+00 nan 1.088572740554809570e+00 9.467140436172485352e-01 8.108494281768798828e-01 6.945054531097412109e-01
5.760298967361450195e-01 7.052980661392211914e-01 6.984999179840087891e-01 6.755596399307250977e-01 6.529291868209838867e-01 6.417472362518310547e-01 6.862322092056274414e-01 7.398512363433837891e-01 7.937397956848144531e-01 9.037892818450927734e-01 1.060769319534301758e+00 1.222407341003417969e+00 nan 1.069735288619995117e+00 9.175190925598144531e-01 7.466562986373901367e-01
5.492244958877563477e-01 5.463854074478149414e-01 5.857034921646118164e-01 6.216160058975219727e-01 5.997141599655151367e-01 5.781080722808837891e-01 5.914112329483032227e-01 6.442294120788574219e-01 6.988006830215454102e-01 7.551832199096679688e-01 8.670120239257812500e-01 1.038408041000366211e+00 1.214651584625244141e+00 nan 1.051404237747192383e+00 8.418005704879760742e-01
5.140955448150634766e-01 5.143933296203613281e-01 5.085085630416870117e-01 5.073646306991577148e-01 5.482124090194702148e-01 5.273019075393676758e-01 5.339071750640869141e-01 5.516272783279418945e-01 6.030403375625610352e-01 6.561571359634399414e-01 7.139595746994018555e-01 8.080598115921020508e-01 9.354045391082763672e-01 1.131320714950561523e+00 nan 9.710201025009155273e-01
4.673516750335693359e-01 4.767267704010009766e-01 4.741350412368774414e-01 4.716411828994750977e-01 4.717490673065185547e-01 4.736156463623046875e-01 4.846150875091552734e-01 4.956966638565063477e-01 5.068609714508056641e-01 5.488344430923461914e-01 6.049062013626098633e-01 6.711956262588500977e-01 7.402229309082031250e-01 8.644527196884155273e-01 1.023299455642700195e+00 nan
