nan 1.007850646972656250e+00 9.646282196044921875e-01 9.210489988327026367e-01 8.916177749633789062e-01 8.720347881317138672e-01 8.526544570922851562e-01 8.334748744964599609e-01 8.056825399398803711e-01 8.046861886978149414e-01 7.898980379104614258e-01 7.991278171539306641e-01 7.561985254287719727e-01 6.963109970092773438e-01 6.361848115921020508e-01 5.781897306442260742e-01
9.593359231948852539e-01 nan 1.067223072052001953e+00 1.014459609985351562e+00 9.431300163269042969e-01 8.961776494979858398e-01 8.765474557876586914e-01 8.563575744628906250e-01 8.252363204956054688e-01 7.802196741104125977e-01 7.615919113159179688e-01 7.687869071960449219e-01 7.336860895156860352e-01 6.780341863632202148e-01 6.241687536239624023e-01 5.719680786132812500e-01
8.831065893173217773e-01 1.023573875427246094e+00 nan 1.112006664276123047e+00 1.036493062973022461e+00 9.636793136596679688e-01 9.007483720779418945e-01 8.764600753784179688e-01 8.450018167495727539e-01 7.862673997879028320e-01 7.318841218948364258e-01 7.389577627182006836e-01 7.114621400833129883e-01 6.565237045288085938e-01 6.033486127853393555e-01 5.518805980682373047e-01
8.136152029037475586e-01 9.487148523330688477e-01 1.093878030776977539e+00 nan 1.137980937957763672e+00 1.061343431472778320e+00 9.870845079421997070e-01 9.037029743194580078e-01 8.554039001464843750e-01 7.931797504425048828e-01 7.337714433670043945e-01 7.085471153259277344e-01 6.904773712158203125e-01 6.361200809478759766e-01 5.835107564926147461e-01 5.325930118560791016e-01
7.606890201568603516e-01 8.786686658859252930e-01 1.014915943145751953e+00 1.135288476943969727e+00 nan 1.173015356063842773e+00 1.075464963912963867e+00 9.771348237991333008e-01 8.607246875762939453e-01 7.997353076934814453e-01 7.403059005737304688e-01 7.018129825592041016e-01 6.718721389770507812e-01 6.181131601333618164e-01 5.660828351974487305e-01 5.157254934310913086e-01
7.460666894912719727e-01 8.283350467681884766e-01 9.358512163162231445e-01 1.050371885299682617e+00 1.174136638641357422e+00 nan 1.186852455139160156e+00 1.055228471755981445e+00 9.315263032913208008e-01 8.214966058731079102e-01 7.687165737152099609e-01 7.224603891372680664e-01 6.774137020111083984e-01 6.003525257110595703e-01 5.488466024398803711e-01 4.990435838699340820e-01
7.309217453002929688e-01 8.163561820983886719e-01 8.812487125396728516e-01 9.579341411590576172e-01 1.062000751495361328e+00 1.199504375457763672e+00 nan 1.155131816864013672e+00 1.025416851043701172e+00 9.132194519042968750e-01 8.092256784439086914e-01 7.619098424911499023e-01 7.158315181732177734e-01 6.245999336242675781e-01 5.546070337295532227e-01 4.984118938446044922e-01
7.091820240020751953e-01 7.942792177200317383e-01 8.439480066299438477e-01 8.760800361633300781e-01 9.648206233978271484e-01 1.057937145233154297e+00 1.175743341445922852e+00 nan 1.123871326446533203e+00 1.010050773620605469e+00 8.982692956924438477e-01 8.022629022598266602e-01 7.551292181015014648e-01 6.748476028442382812e-01 5.720877647399902344e-01 5.101691484451293945e-01
7.240806818008422852e-01 7.645633220672607422e-01 8.073868751525878906e-01 8.388819694519042969e-01 8.488281965255737305e-01 9.254816770553588867e-01 1.034828424453735352e+00 1.151095867156982422e+00 nan 1.111782550811767578e+00 9.944391250610351562e-01 8.787909746170043945e-01 7.953269481658935547e-01 7.266491651535034180e-01 6.207112073898315430e-01 5.220185518264770508e-01
7.448271512985229492e-01 7.644764184951782227e-01 7.703839540481567383e-01 7.863736152648925781e-01 7.938479185104370117e-01 8.128895759582519531e-01 9.134041070938110352e-01 1.025193929672241211e+00 1.161554574966430664e+00 nan 1.101430177688598633e+00 9.739741086959838867e-01 8.595124483108520508e-01 7.800530195236206055e-01 6.708385944366455078e-01 5.683248043060302734e-01
7.648779153823852539e-01 7.698086500167846680e-01 7.432730197906494141e-01 7.245069742202758789e-01 7.365120649337768555e-01 7.552547454833984375e-01 8.062372207641601562e-01 9.066609144210815430e-01 1.018056631088256836e+00 1.179872274398803711e+00 nan 1.082477092742919922e+00 9.537187814712524414e-01 8.404319286346435547e-01 7.225161790847778320e-01 6.168317794799804688e-01
7.526777982711791992e-01 7.455987930297851562e-01 7.228590250015258789e-01 6.985633373260498047e-01 6.751991510391235352e-01 6.889079809188842773e-01 7.379633188247680664e-01 7.884436845779418945e-01 8.909211158752441406e-01 1.011952877044677734e+00 1.199224710464477539e+00 nan 1.063694238662719727e+00 9.336718320846557617e-01 7.757922410964965820e-01 6.668391227722167969e-01
5.620887279510498047e-01 6.884407997131347656e-01 6.673927307128906250e-01 6.448725461959838867e-01 6.226565837860107422e-01 6.075310707092285156e-01 6.608844995498657227e-01 7.160084247589111328e-01 7.708252668380737305e-01 8.713521957397460938e-01 1.018104791641235352e+00 1.191358089447021484e+00 nan 1.045081377029418945e+00 8.795813322067260742e-01 7.183930873870849609e-01
5.300161838531494141e-01 5.271029472351074219e-01 5.743925571441650391e-01 5.919169187545776367e-01 5.704160928726196289e-01 5.529235601425170898e-01 5.674886703491210938e-01 6.195130348205566406e-01 6.732639074325561523e-01 7.287988662719726562e-01 8.251971006393432617e-01 9.704427719116210938e-01 1.170056581497192383e+00 nan 1.005986213684082031e+00 8.033846616744995117e-01
4.958686828613281250e-01 4.952973127365112305e-01 4.896984100341796875e-01 4.887503385543823242e-01 5.198576450347900391e-01 5.051629543304443359e-01 5.161156654357910156e-01 5.284438133239746094e-01 5.791721343994140625e-01 6.315842866897583008e-01 6.871826648712158203e-01 7.681424617767333984e-01 8.927890062332153320e-01 1.059597253799438477e+00 nan 9.087507724761962891e-01
4.492377042770385742e-01 4.584937095642089844e-01 4.552817344665527344e-01 4.529803991317749023e-01 4.530701637268066406e-01 4.560136795043945312e-01 4.668649435043334961e-01 4.777971506118774414e-01 4.888107776641845703e-01 5.217969417572021484e-01 5.756322145462036133e-01 6.407991647720336914e-01 7.086613178253173828e-01 8.122648000717163086e-01 9.543346166610717773e-01 nan
