nan 1.166414737701416016e+00 1.077357769012451172e+00 1.004630565643310547e+00 9.746555089950561523e-01 9.402819871902465820e-01 9.111235141754150391e-01 8.974044322967529297e-01 8.837836980819702148e-01 8.702607154846191406e-01 8.568348884582519531e-01 8.469849824905395508e-01 8.390768766403198242e-01 8.449313640594482422e-01 8.292698860168457031e-01 8.135786056518554688e-01 0.000000000000000000e+00 0.000000000000000000e+00 0.000000000000000000e+00 0.000000000000000000e+00 0.000000000000000000e+00 0.000000000000000000e+00
1.085496425628662109e+00 nan 1.197610616683959961e+00 1.105538606643676758e+00 1.045484304428100586e+00 1.005013465881347656e+00 9.551057815551757812e-01 9.143115282058715820e-01 9.005694389343261719e-01 8.869260549545288086e-01 8.769906759262084961e-01 8.780581951141357422e-01 8.696762323379516602e-01 8.409345149993896484e-01 8.253070116043090820e-01 8.092615604400634766e-01 0.000000000000000000e+00 0.000000000000000000e+00 0.000000000000000000e+00 0.000000000000000000e+00 0.000000000000000000e+00 0.000000000000000000e+00
9.720466136932373047e-01 1.126087188720703125e+00 nan 1.227422952651977539e+00 1.134102106094360352e+00 1.071224689483642578e+00 1.019669055938720703e+00 9.693967103958129883e-01 9.203757047653198242e-01 9.074844121932983398e-01 9.085692167282104492e-01 9.096544981002807617e-01 9.007842540740966797e-01 8.619312047958374023e-01 8.213522434234619141e-01 7.885556221008300781e-01 0.000000000000000000e+00 0.000000000000000000e+00 0.000000000000000000e+00 0.000000000000000000e+00 0.000000000000000000e+00 0.000000000000000000e+00
9.020938873291015625e-01 1.008793354034423828e+00 1.162836074829101562e+00 nan 1.255747556686401367e+00 1.152395963668823242e+00 1.086364746093750000e+00 1.034432411193847656e+00 9.877731800079345703e-01 9.534198045730590820e-01 9.406789541244506836e-01 9.390683174133300781e-01 9.314593076705932617e-01 8.892954587936401367e-01 8.117334842681884766e-01 7.680871486663818359e-01 0.000000000000000000e+00 0.000000000000000000e+00 0.000000000000000000e+00 0.000000000000000000e+00 0.000000000000000000e+00 0.000000000000000000e+00
8.532451391220092773e-01 9.477580785751342773e-01 1.047091007232666016e+00 1.200597286224365234e+00 nan 1.283116817474365234e+00 1.178544759750366211e+00 1.103944540023803711e+00 1.067844629287719727e+00 1.032364130020141602e+00 9.974921941757202148e-01 9.679765701293945312e-01 9.605245590209960938e-01 8.956819772720336914e-01 8.122582435607910156e-01 7.589011192321777344e-01 0.000000000000000000e+00 0.000000000000000000e+00 0.000000000000000000e+00 0.000000000000000000e+00 0.000000000000000000e+00 0.000000000000000000e+00
8.068684339523315430e-01 8.990162611007690430e-01 9.958634376525878906e-01 1.097649812698364258e+00 1.229404687881469727e+00 nan 1.324752569198608398e+00 1.219316482543945312e+00 1.144064426422119141e+00 1.107275962829589844e+00 1.064453840255737305e+00 1.020112037658691406e+00 9.611659049987792969e-01 8.875534534454345703e-01 8.044874668121337891e-01 7.532577514648437500e-01 0.000000000000000000e+00 0.000000000000000000e+00 0.000000000000000000e+00 0.000000000000000000e+00 0.000000000000000000e+00 0.000000000000000000e+00
7.616522312164306641e-01 8.514941930770874023e-01 9.459177255630493164e-01 1.045156955718994141e+00 1.131192207336425781e+00 1.279720306396484375e+00 nan 1.376105546951293945e+00 1.281455755233764648e+00 1.188426971435546875e+00 1.131443738937377930e+00 1.065888881683349609e+00 9.791423082351684570e-01 8.794600963592529297e-01 7.999585866928100586e-01 7.528740167617797852e-01 0.000000000000000000e+00 0.000000000000000000e+00 0.000000000000000000e+00 0.000000000000000000e+00 0.000000000000000000e+00 0.000000000000000000e+00
7.490603923797607422e-01 8.079142570495605469e-01 8.972218036651611328e-01 9.905186891555786133e-01 1.072151184082031250e+00 1.158411502838134766e+00 1.331243515014648438e+00 nan 1.434352397918701172e+00 1.327107667922973633e+00 1.210797548294067383e+00 1.115730762481689453e+00 1.024936437606811523e+00 9.190000295639038086e-01 8.176348209381103516e-01 7.699713706970214844e-01 0.000000000000000000e+00 0.000000000000000000e+00 0.000000000000000000e+00 0.000000000000000000e+00 0.000000000000000000e+00 0.000000000000000000e+00
7.354294061660766602e-01 7.997055053710937500e-01 8.557224273681640625e-01 9.361120462417602539e-01 1.014745473861694336e+00 1.096130609512329102e+00 1.197110652923583984e+00 1.393018007278442383e+00 nan 1.470784664154052734e+00 1.316233396530151367e+00 1.172883272171020508e+00 1.079636096954345703e+00 9.723232984542846680e-01 8.605357408523559570e-01 7.872354984283447266e-01 0.000000000000000000e+00 0.000000000000000000e+00 0.000000000000000000e+00 0.000000000000000000e+00 0.000000000000000000e+00 0.000000000000000000e+00
7.219048738479614258e-01 7.900273799896240234e-01 8.472968339920043945e-01 8.923407793045043945e-01 9.589301347732543945e-01 1.037782907485961914e+00 1.117645263671875000e+00 1.242035388946533203e+00 1.444815874099731445e+00 nan 1.426697015762329102e+00 1.274904489517211914e+00 1.134964227676391602e+00 1.027127981185913086e+00 9.140305519104003906e-01 8.273308277130126953e-01 0.000000000000000000e+00 0.000000000000000000e+00 0.000000000000000000e+00 0.000000000000000000e+00 0.000000000000000000e+00 0.000000000000000000e+00
7.036780118942260742e-01 7.760773897171020508e-01 8.386306762695312500e-01 8.762539625167846680e-01 9.026912450790405273e-01 9.708021879196166992e-01 1.046938657760620117e+00 1.156845092773437500e+00 1.251544713973999023e+00 1.411307096481323242e+00 nan 1.383397579193115234e+00 1.232067584991455078e+00 1.083456039428710938e+00 9.690637588500976562e-01 8.909330368041992188e-01 0.000000000000000000e+00 0.000000000000000000e+00 0.000000000000000000e+00 0.000000000000000000e+00 0.000000000000000000e+00 0.000000000000000000e+00
6.988970041275024414e-01 7.588731050491333008e-01 8.249083757400512695e-01 8.541836738586425781e-01 8.764928579330444336e-01 9.060231447219848633e-01 9.833489656448364258e-01 1.049159765243530273e+00 1.127399682998657227e+00 1.220685005187988281e+00 1.386536836624145508e+00 nan 1.347417354583740234e+00 1.183588743209838867e+00 1.038041353225708008e+00 9.567490816116333008e-01 0.000000000000000000e+00 0.000000000000000000e+00 0.000000000000000000e+00 0.000000000000000000e+00 0.000000000000000000e+00 0.000000000000000000e+00
7.065840959548950195e-01 7.456804513931274414e-01 7.984703779220581055e-01 8.286530971527099609e-01 8.506553173065185547e-01 8.729220628738403320e-01 8.938808441162109375e-01 9.485222101211547852e-01 1.025080680847167969e+00 1.104646921157836914e+00 1.200695991516113281e+00 1.386533498764038086e+00 nan 1.328291654586791992e+00 1.152588129043579102e+00 1.027222633361816406e+00 0.000000000000000000e+00 0.000000000000000000e+00 0.000000000000000000e+00 0.000000000000000000e+00 0.000000000000000000e+00 0.000000000000000000e+00
7.201372385025024414e-01 7.543921470642089844e-01 7.713357210159301758e-01 7.983618974685668945e-01 8.232667446136474609e-01 8.320059776306152344e-01 8.353159427642822266e-01 8.552424907684326172e-01 9.275315999984741211e-01 1.002637624740600586e+00 1.080670118331909180e+00 1.176618576049804688e+00 1.380062818527221680e+00 nan 1.322868347167968750e+00 1.158644914627075195e+00 0.000000000000000000e+00 0.000000000000000000e+00 0.000000000000000000e+00 0.000000000000000000e+00 0.000000000000000000e+00 0.000000000000000000e+00
7.337980270385742188e-01 7.579509019851684570e-01 7.719061374664306641e-01 7.645081281661987305e-01 7.746243476867675781e-01 7.812334299087524414e-01 7.875082492828369141e-01 7.931468486785888672e-01 8.336485624313354492e-01 9.050962924957275391e-01 9.793280363082885742e-01 1.056452274322509766e+00 1.169421195983886719e+00 1.373610258102416992e+00 nan 1.329025506973266602e+00 0.000000000000000000e+00 0.000000000000000000e+00 0.000000000000000000e+00 0.000000000000000000e+00 0.000000000000000000e+00 0.000000000000000000e+00
7.475672960281372070e-01 7.651780843734741211e-01 7.643799781799316406e-01 7.508090734481811523e-01 7.261360883712768555e-01 7.233015298843383789e-01 7.297194004058837891e-01 7.361612319946289062e-01 7.682098150253295898e-01 8.126583099365234375e-01 8.867156505584716797e-01 9.623600244522094727e-01 1.041037321090698242e+00 1.174969196319580078e+00 1.396696805953979492e+00 nan 0.000000000000000000e+00 0.000000000000000000e+00 0.000000000000000000e+00 0.000000000000000000e+00 0.000000000000000000e+00 0.000000000000000000e+00
7.290413379669189453e-01 7.457853555679321289e-01 7.406673431396484375e-01 7.243572473526000977e-01 7.082000970840454102e-01 6.877533197402954102e-01 6.832797527313232422e-01 6.913836002349853516e-01 7.213922739028930664e-01 7.558541297912597656e-01 7.996506690979003906e-01 8.753868341445922852e-01 9.543102979660034180e-01 1.043431520462036133e+00 1.200615644454956055e+00 1.415021181106567383e+00 nan 0.000000000000000000e+00 0.000000000000000000e+00 0.000000000000000000e+00 0.000000000000000000e+00 0.000000000000000000e+00
6.069049835205078125e-01 7.145731449127197266e-01 7.010383605957031250e-01 6.857308149337768555e-01 6.699355840682983398e-01 6.542884111404418945e-01 6.387876272201538086e-01 6.381751298904418945e-01 6.709501743316650391e-01 7.091510295867919922e-01 7.438608407974243164e-01 7.867358922958374023e-01 8.619287014007568359e-01 9.402859210968017578e-01 1.056410789489746094e+00 1.217079639434814453e+00 0.000000000000000000e+00 nan 0.000000000000000000e+00 0.000000000000000000e+00 0.000000000000000000e+00 0.000000000000000000e+00
5.519911050796508789e-01 5.514879226684570312e-01 6.499059200286865234e-01 6.479699611663818359e-01 6.325284242630004883e-01 6.172317266464233398e-01 6.020781993865966797e-01 5.870667695999145508e-01 6.053227186203002930e-01 6.420232057571411133e-01 6.795628070831298828e-01 7.179604768753051758e-01 7.596647739410400391e-01 8.414583206176757812e-01 9.331941604614257812e-01 1.066093206405639648e+00 0.000000000000000000e+00 0.000000000000000000e+00 nan 0.000000000000000000e+00 0.000000000000000000e+00 0.000000000000000000e+00
5.298963785171508789e-01 5.287420749664306641e-01 5.258973836898803711e-01 5.689001083374023438e-01 5.959591865539550781e-01 5.810050964355468750e-01 5.661910772323608398e-01 5.515158176422119141e-01 5.581738948822021484e-01 5.775319337844848633e-01 6.135970354080200195e-01 6.504868268966674805e-01 6.882196664810180664e-01 7.268153429031372070e-01 8.014067411422729492e-01 8.911716938018798828e-01 0.000000000000000000e+00 0.000000000000000000e+00 0.000000000000000000e+00 nan 0.000000000000000000e+00 0.000000000000000000e+00
5.080806016921997070e-01 5.063297748565673828e-01 5.039883852005004883e-01 4.999237060546875000e-01 4.991497993469238281e-01 5.455899238586425781e-01 5.311077833175659180e-01 5.172030925750732422e-01 5.248378515243530273e-01 5.325111150741577148e-01 5.502222776412963867e-01 5.856630802154541016e-01 6.219140291213989258e-01 6.589938402175903320e-01 6.978416442871093750e-01 7.648199796676635742e-01 0.000000000000000000e+00 0.000000000000000000e+00 0.000000000000000000e+00 0.000000000000000000e+00 nan 0.000000000000000000e+00
4.776250123977661133e-01 4.833960533142089844e-01 4.817242622375488281e-01 4.778984785079956055e-01 4.761688709259033203e-01 4.762320518493652344e-01 4.968103170394897461e-01 4.847435951232910156e-01 4.922150373458862305e-01 4.997241497039794922e-01 5.072710514068603516e-01 5.233852863311767578e-01 5.582125186920166016e-01 5.938359498977661133e-01 6.307103633880615234e-01 6.735790967941284180e-01 0.000000000000000000e+00 0.000000000000000000e+00 0.000000000000000000e+00 0.000000000000000000e+00 0.000000000000000000e+00 nan
