nan 1.041861057281494141e+00 9.979060888290405273e-01 9.499809741973876953e-01 9.165196418762207031e-01 8.966789245605468750e-01 8.770436048507690430e-01 8.461806774139404297e-01 8.152300119400024414e-01 8.163757324218750000e-01 7.906732559204101562e-01 7.979871034622192383e-01 7.633587121963500977e-01 7.067542076110839844e-01 6.519668102264404297e-01 5.989381074905395508e-01
9.676096439361572266e-01 nan 1.102239131927490234e+00 1.044798135757446289e+00 9.723535776138305664e-01 9.211394786834716797e-01 8.979923725128173828e-01 8.661730289459228516e-01 8.348871469497680664e-01 7.865227460861206055e-01 7.604749202728271484e-01 7.676656246185302734e-01 7.407543659210205078e-01 6.848754882812500000e-01 6.307905912399291992e-01 5.784416198730468750e-01
8.910583257675170898e-01 1.032119035720825195e+00 nan 1.143770217895507812e+00 1.067120552062988281e+00 9.932118654251098633e-01 9.185457229614257812e-01 8.863818645477294922e-01 8.481477499008178711e-01 7.873914241790771484e-01 7.307860851287841797e-01 7.378554344177246094e-01 7.184398174285888672e-01 6.632773876190185547e-01 6.098855733871459961e-01 5.582077503204345703e-01
8.224762678146362305e-01 9.582359790802001953e-01 1.103564739227294922e+00 nan 1.171568393707275391e+00 1.088330030441284180e+00 1.000700235366821289e+00 9.050055742263793945e-01 8.423424959182739258e-01 7.900606393814086914e-01 7.373518943786621094e-01 7.067769765853881836e-01 6.980381011962890625e-01 6.434377431869506836e-01 5.905929803848266602e-01 5.394475460052490234e-01
7.786933183670043945e-01 8.872833251953125000e-01 1.021021366119384766e+00 1.136964797973632812e+00 nan 1.189074516296386719e+00 1.081351995468139648e+00 9.588056802749633789e-01 8.438137769699096680e-01 7.949107885360717773e-01 7.438998222351074219e-01 7.053275108337402344e-01 6.793496608734130859e-01 6.253502368927001953e-01 5.730872154235839844e-01 5.225045680999755859e-01
7.495352029800415039e-01 8.407602310180664062e-01 9.318015575408935547e-01 1.036251783370971680e+00 1.151847600936889648e+00 nan 1.178277015686035156e+00 1.047168731689453125e+00 9.239518642425537109e-01 8.242089748382568359e-01 7.742073535919189453e-01 7.278074026107788086e-01 6.826208829879760742e-01 6.091773509979248047e-01 5.557738542556762695e-01 5.057480335235595703e-01
7.288306951522827148e-01 8.183687925338745117e-01 8.792635202407836914e-01 9.402849674224853516e-01 1.043413639068603516e+00 1.152510881423950195e+00 nan 1.146680593490600586e+00 1.018089771270751953e+00 9.115308523178100586e-01 8.148419857025146484e-01 7.673792839050292969e-01 7.211575508117675781e-01 6.383383274078369141e-01 5.628267526626586914e-01 5.061646699905395508e-01
7.129250764846801758e-01 7.887822389602661133e-01 8.420021533966064453e-01 8.741004467010498047e-01 9.174191951751708984e-01 1.013968229293823242e+00 1.129257678985595703e+00 nan 1.122018098831176758e+00 1.008067607879638672e+00 8.953101634979248047e-01 8.074554204940795898e-01 7.600727081298828125e-01 6.876800060272216797e-01 5.838527679443359375e-01 5.172215700149536133e-01
7.338755130767822266e-01 7.591743469238281250e-01 8.017649650573730469e-01 8.122733831405639648e-01 8.193280696868896484e-01 8.822913169860839844e-01 9.921212196350097656e-01 1.108359575271606445e+00 nan 1.109028816223144531e+00 9.906975030899047852e-01 8.751326799392700195e-01 7.998678684234619141e-01 7.385079860687255859e-01 6.315537691116333008e-01 5.311794281005859375e-01
7.549172639846801758e-01 7.634625434875488281e-01 7.412043809890747070e-01 7.531918287277221680e-01 7.652617692947387695e-01 7.955176830291748047e-01 8.749281167984008789e-01 9.843283891677856445e-01 1.100111961364746094e+00 nan 1.090885639190673828e+00 9.695043563842773438e-01 8.551698923110961914e-01 7.908666133880615234e-01 6.806914806365966797e-01 5.772938728332519531e-01
7.732911109924316406e-01 7.577255964279174805e-01 7.247490882873535156e-01 6.923820972442626953e-01 7.023552656173706055e-01 7.272422313690185547e-01 7.773172855377197266e-01 8.587840795516967773e-01 9.727061986923217773e-01 1.113569498062133789e+00 nan 1.068625926971435547e+00 9.485367536544799805e-01 8.354195356369018555e-01 7.313086986541748047e-01 6.247973442077636719e-01
7.365332841873168945e-01 7.207894325256347656e-01 6.985015869140625000e-01 6.755411624908447266e-01 6.488701105117797852e-01 6.615630388259887695e-01 7.097338438034057617e-01 7.593011856079101562e-01 8.389472961425781250e-01 9.516534805297851562e-01 1.105751037597656250e+00 nan 1.046603202819824219e+00 9.277927875518798828e-01 7.834506034851074219e-01 6.737314462661743164e-01
5.477386713027954102e-01 6.624889373779296875e-01 6.437318325042724609e-01 6.215119361877441406e-01 5.995922088623046875e-01 5.867183208465576172e-01 6.292173862457275391e-01 6.832014322280883789e-01 7.389742136001586914e-01 8.193219900131225586e-01 9.281016588211059570e-01 1.095281600952148438e+00 nan 1.024550914764404297e+00 8.716049194335937500e-01 7.137652635574340820e-01
5.160381793975830078e-01 5.130227804183959961e-01 5.458357334136962891e-01 5.692247152328491211e-01 5.480118989944458008e-01 5.379968881607055664e-01 5.492063760757446289e-01 5.881769657135009766e-01 6.408010721206665039e-01 6.951689720153808594e-01 7.628636360168457031e-01 8.859840631484985352e-01 1.055028200149536133e+00 nan 9.659240245819091797e-01 7.786951065063476562e-01
4.816069602966308594e-01 4.816964864730834961e-01 4.760555028915405273e-01 4.748777151107788086e-01 4.980947971343994141e-01 4.907715320587158203e-01 5.016367435455322266e-01 5.125812292098999023e-01 5.481703281402587891e-01 5.994689464569091797e-01 6.542226076126098633e-01 7.184526920318603516e-01 8.264329433441162109e-01 9.511361122131347656e-01 nan 8.729691505432128906e-01
4.350153207778930664e-01 4.441970586776733398e-01 4.415469169616699219e-01 4.390348196029663086e-01 4.391403198242187500e-01 4.416851997375488281e-01 4.524463415145874023e-01 4.632878303527832031e-01 4.742101430892944336e-01 4.868546724319458008e-01 5.402967929840087891e-01 6.020791530609130859e-01 6.682517528533935547e-01 7.371574640274047852e-01 8.519868850708007812e-01 nan
