nan 1.024445772171020508e+00 9.808660745620727539e-01 9.298590421676635742e-01 8.968005180358886719e-01 8.771640062332153320e-01 8.570224046707153320e-01 8.258899450302124023e-01 7.952795028686523438e-01 7.823382616043090820e-01 7.901772260665893555e-01 8.071364164352416992e-01 7.882854938507080078e-01 7.248992919921875000e-01 6.637595891952514648e-01 6.047871112823486328e-01
9.732929468154907227e-01 nan 1.084309101104736328e+00 1.023698091506958008e+00 9.519233703613281250e-01 9.013729095458984375e-01 8.771320581436157227e-01 8.456627130508422852e-01 8.147206306457519531e-01 7.665903568267822266e-01 7.682914733886718750e-01 7.841165065765380859e-01 7.780108451843261719e-01 7.180991172790527344e-01 6.572006940841674805e-01 5.984606742858886719e-01
8.965203762054443359e-01 1.037988662719726562e+00 nan 1.121564388275146484e+00 1.045709133148193359e+00 9.725656509399414062e-01 8.974596261978149414e-01 8.656492233276367188e-01 8.343724012374877930e-01 7.876002788543701172e-01 7.466733455657958984e-01 7.540287971496582031e-01 7.552187442779541016e-01 6.988756656646728516e-01 6.443412303924560547e-01 5.915572643280029297e-01
8.257182836532592773e-01 9.613916873931884766e-01 1.103150844573974609e+00 nan 1.146338462829589844e+00 1.066405057907104492e+00 9.796952009201049805e-01 8.966237306594848633e-01 8.516788482666015625e-01 8.076778650283813477e-01 7.576780319213867188e-01 7.239995002746582031e-01 7.311409711837768555e-01 6.773362159729003906e-01 6.234015226364135742e-01 5.712012052536010742e-01
7.770785093307495117e-01 8.908898830413818359e-01 1.020623683929443359e+00 1.141208171844482422e+00 nan 1.170623540878295898e+00 1.067746877670288086e+00 9.809805154800415039e-01 8.864703178405761719e-01 8.157480955123901367e-01 7.643027305603027344e-01 7.252789735794067383e-01 6.987587213516235352e-01 6.588757038116455078e-01 6.055345535278320312e-01 5.539085865020751953e-01
7.711324691772460938e-01 8.357305526733398438e-01 9.413347244262695312e-01 1.047880649566650391e+00 1.170570850372314453e+00 nan 1.189831733703613281e+00 1.080887794494628906e+00 9.524523019790649414e-01 8.426557779312133789e-01 7.770333290100097656e-01 7.317816019058227539e-01 6.934771537780761719e-01 6.406182050704956055e-01 5.878642797470092773e-01 5.368064641952514648e-01
7.517086267471313477e-01 8.198069334030151367e-01 8.707129955291748047e-01 9.513657093048095703e-01 1.055083513259887695e+00 1.198005437850952148e+00 nan 1.187574863433837891e+00 1.048252820968627930e+00 9.360563755035400391e-01 8.262727260589599609e-01 7.701946496963500977e-01 7.238996028900146484e-01 6.583590507507324219e-01 5.794847011566162109e-01 5.223901271820068359e-01
7.289584875106811523e-01 8.021999597549438477e-01 8.385554552078247070e-01 8.655734062194824219e-01 9.582291841506958008e-01 1.075633049011230469e+00 1.205660820007324219e+00 nan 1.151918411254882812e+00 1.034051656723022461e+00 9.187948703765869141e-01 8.107373714447021484e-01 7.633819580078125000e-01 7.096507549285888672e-01 6.047555208206176758e-01 5.343356132507324219e-01
7.334231138229370117e-01 7.792334556579589844e-01 8.154820203781127930e-01 8.364068269729614258e-01 8.598940372467041016e-01 9.438773393630981445e-01 1.057447433471679688e+00 1.193151235580444336e+00 nan 1.142752408981323242e+00 1.016004800796508789e+00 8.991060256958007812e-01 8.037687540054321289e-01 7.565957307815551758e-01 6.543893814086914062e-01 5.528849363327026367e-01
7.546241283416748047e-01 7.673734426498413086e-01 7.775335311889648438e-01 7.975257635116577148e-01 8.138176202774047852e-01 8.307821750640869141e-01 9.370266199111938477e-01 1.050196647644042969e+00 1.211736679077148438e+00 nan 1.139345169067382812e+00 9.953184127807617188e-01 8.796192407608032227e-01 7.968269586563110352e-01 7.055583000183105469e-01 6.009143590927124023e-01
7.743139266967773438e-01 7.699553966522216797e-01 7.532269954681396484e-01 7.581781148910522461e-01 7.667149305343627930e-01 7.741067409515380859e-01 8.236539363861083984e-01 9.302002191543579102e-01 1.045443296432495117e+00 1.230479717254638672e+00 nan 1.120049715042114258e+00 9.748440980911254883e-01 8.603323698043823242e-01 7.583097219467163086e-01 6.504293680191040039e-01
7.642012834548950195e-01 7.645565271377563477e-01 7.554188966751098633e-01 7.242693901062011719e-01 7.079074382781982422e-01 7.197968959808349609e-01 7.599692344665527344e-01 8.172270059585571289e-01 9.233976602554321289e-01 1.062777042388916016e+00 1.234995126724243164e+00 nan 1.100929975509643555e+00 9.544374942779541016e-01 8.222485780715942383e-01 7.005655765533447266e-01
5.777078866958618164e-01 7.013273239135742188e-01 7.033709287643432617e-01 6.803648471832275391e-01 6.576695442199707031e-01 6.469017267227172852e-01 6.899514198303222656e-01 7.426314353942871094e-01 7.997096776962280273e-01 9.100110530853271484e-01 1.065223932266235352e+00 1.227296352386474609e+00 nan 1.082414865493774414e+00 9.280093908309936523e-01 7.517814636230468750e-01
5.508739948272705078e-01 5.497519969940185547e-01 5.854732990264892578e-01 6.262664794921875000e-01 6.042839288711547852e-01 5.825972557067871094e-01 5.946739912033081055e-01 6.475135087966918945e-01 7.021038532257080078e-01 7.585030794143676758e-01 8.739359378814697266e-01 1.049916505813598633e+00 1.219791650772094727e+00 nan 1.064063072204589844e+00 8.518211841583251953e-01
5.172501802444458008e-01 5.177555084228515625e-01 5.118514299392700195e-01 5.106639862060546875e-01 5.525523424148559570e-01 5.315649509429931641e-01 5.369910001754760742e-01 5.545037984848022461e-01 6.060123443603515625e-01 6.592274904251098633e-01 7.177478075027465820e-01 8.147652149200439453e-01 9.460996389389038086e-01 1.143353700637817383e+00 nan 9.901387691497802734e-01
4.705168008804321289e-01 4.799257516860961914e-01 4.774898290634155273e-01 4.749333858489990234e-01 4.750415086746215820e-01 4.766110181808471680e-01 4.876328706741333008e-01 4.987369775772094727e-01 5.099239349365234375e-01 5.520282983779907227e-01 6.087874174118041992e-01 6.752370595932006836e-01 7.444313764572143555e-01 8.722329139709472656e-01 1.034745693206787109e+00 nan
