nan 1.055846214294433594e+00 1.025105237960815430e+00 9.948234558105468750e-01 9.649949073791503906e-01 9.266180992126464844e-01 9.171849489212036133e-01 9.031975269317626953e-01 8.810510635375976562e-01 8.591622114181518555e-01 8.375279903411865234e-01 8.161457777023315430e-01 7.952086925506591797e-01 7.973461151123046875e-01 7.921160459518432617e-01 8.038527965545654297e-01 0.000000000000000000e+00 0.000000000000000000e+00 0.000000000000000000e+00 0.000000000000000000e+00 0.000000000000000000e+00 0.000000000000000000e+00
1.024399042129516602e+00 nan 1.097743749618530273e+00 1.066375970840454102e+00 1.031018733978271484e+00 9.833678007125854492e-01 9.342684745788574219e-01 9.174422025680541992e-01 8.951299190521240234e-01 8.730772733688354492e-01 8.512812852859497070e-01 8.297388553619384766e-01 8.084471225738525391e-01 7.789235115051269531e-01 7.769193649291992188e-01 7.885565757751464844e-01 0.000000000000000000e+00 0.000000000000000000e+00 0.000000000000000000e+00 0.000000000000000000e+00 0.000000000000000000e+00 0.000000000000000000e+00
9.692826271057128906e-01 1.069780111312866211e+00 nan 1.140494823455810547e+00 1.098888397216796875e+00 1.049029111862182617e+00 9.980258941650390625e-01 9.425586462020874023e-01 9.093142747879028320e-01 8.870965242385864258e-01 8.651372194290161133e-01 8.434337377548217773e-01 8.211086988449096680e-01 7.859627008438110352e-01 7.617788314819335938e-01 7.732880115509033203e-01 0.000000000000000000e+00 0.000000000000000000e+00 0.000000000000000000e+00 0.000000000000000000e+00 0.000000000000000000e+00 0.000000000000000000e+00
9.158536195755004883e-01 1.013691663742065430e+00 1.116525888442993164e+00 nan 1.169026374816894531e+00 1.116694211959838867e+00 1.064006567001342773e+00 1.003871202468872070e+00 9.451062679290771484e-01 9.010196924209594727e-01 8.787993192672729492e-01 8.568385839462280273e-01 8.294851779937744141e-01 7.971273660659790039e-01 7.666536569595336914e-01 7.572109699249267578e-01 0.000000000000000000e+00 0.000000000000000000e+00 0.000000000000000000e+00 0.000000000000000000e+00 0.000000000000000000e+00 0.000000000000000000e+00
8.639365434646606445e-01 9.591231346130371094e-01 1.059170484542846680e+00 1.162849903106689453e+00 nan 1.185950756072998047e+00 1.129022836685180664e+00 1.066587686538696289e+00 1.005983352661132812e+00 9.471563100814819336e-01 8.924157619476318359e-01 8.702958822250366211e-01 8.379001617431640625e-01 8.089764118194580078e-01 7.811788320541381836e-01 7.531058788299560547e-01 0.000000000000000000e+00 0.000000000000000000e+00 0.000000000000000000e+00 0.000000000000000000e+00 0.000000000000000000e+00 0.000000000000000000e+00
8.196448087692260742e-01 9.092379808425903320e-01 1.006365776062011719e+00 1.102122068405151367e+00 1.187788248062133789e+00 nan 1.200667858123779297e+00 1.129716157913208008e+00 1.067320823669433594e+00 1.006753683090209961e+00 9.479606151580810547e-01 8.862468004226684570e-01 8.481566905975341797e-01 8.266600370407104492e-01 7.866598367691040039e-01 7.591003179550170898e-01 0.000000000000000000e+00 0.000000000000000000e+00 0.000000000000000000e+00 0.000000000000000000e+00 0.000000000000000000e+00 0.000000000000000000e+00
7.811365127563476562e-01 8.542386293411254883e-01 9.517475366592407227e-01 1.041192770004272461e+00 1.123654842376708984e+00 1.211681604385375977e+00 nan 1.213630914688110352e+00 1.138798952102661133e+00 1.067599296569824219e+00 1.007023811340332031e+00 9.380170106887817383e-01 8.700069189071655273e-01 8.233925104141235352e-01 7.908343076705932617e-01 7.632101774215698242e-01 0.000000000000000000e+00 0.000000000000000000e+00 0.000000000000000000e+00 0.000000000000000000e+00 0.000000000000000000e+00 0.000000000000000000e+00
7.718082666397094727e-01 8.142560720443725586e-01 8.949694633483886719e-01 9.761844873428344727e-01 1.053323507308959961e+00 1.128153085708618164e+00 1.230492353439331055e+00 nan 1.226670265197753906e+00 1.151397466659545898e+00 1.074395656585693359e+00 9.923050403594970703e-01 9.089424610137939453e-01 8.344038724899291992e-01 7.950185537338256836e-01 7.673299312591552734e-01 0.000000000000000000e+00 0.000000000000000000e+00 0.000000000000000000e+00 0.000000000000000000e+00 0.000000000000000000e+00 0.000000000000000000e+00
7.568459510803222656e-01 8.047544956207275391e-01 8.519926071166992188e-01 9.132469892501831055e-01 9.853217601776123047e-01 1.057672977447509766e+00 1.145917177200317383e+00 1.249463081359863281e+00 nan 1.239786624908447266e+00 1.153596162796020508e+00 1.061573266983032227e+00 9.681866168975830078e-01 8.928159475326538086e-01 8.181988000869750977e-01 7.825725078582763672e-01 0.000000000000000000e+00 0.000000000000000000e+00 0.000000000000000000e+00 0.000000000000000000e+00 0.000000000000000000e+00 0.000000000000000000e+00
7.411559820175170898e-01 7.953025102615356445e-01 8.328095674514770508e-01 8.729147911071777344e-01 9.195719957351684570e-01 9.895271062850952148e-01 1.064548969268798828e+00 1.164168596267700195e+00 1.268595457077026367e+00 nan 1.230119943618774414e+00 1.128778934478759766e+00 1.036176204681396484e+00 9.582020044326782227e-01 8.810694217681884766e-01 8.103790283203125000e-01 0.000000000000000000e+00 0.000000000000000000e+00 0.000000000000000000e+00 0.000000000000000000e+00 0.000000000000000000e+00 0.000000000000000000e+00
7.228271961212158203e-01 7.831375598907470703e-01 8.198081254959106445e-01 8.468410968780517578e-01 8.688123226165771484e-01 9.236381053924560547e-01 9.937415122985839844e-01 1.076680183410644531e+00 1.170778512954711914e+00 1.271794080734252930e+00 nan 1.198175668716430664e+00 1.106514453887939453e+00 1.025846719741821289e+00 9.461140632629394531e-01 8.671824932098388672e-01 0.000000000000000000e+00 0.000000000000000000e+00 0.000000000000000000e+00 0.000000000000000000e+00 0.000000000000000000e+00 0.000000000000000000e+00
7.184321880340576172e-01 7.680654525756835938e-01 8.068989515304565430e-01 8.302474021911621094e-01 8.472801446914672852e-01 8.596928119659423828e-01 9.164463281631469727e-01 9.858654737472534180e-01 1.073619127273559570e+00 1.154333591461181641e+00 1.264490842819213867e+00 nan 1.186038494110107422e+00 1.095828056335449219e+00 1.013407707214355469e+00 9.317468404769897461e-01 0.000000000000000000e+00 0.000000000000000000e+00 0.000000000000000000e+00 0.000000000000000000e+00 0.000000000000000000e+00 0.000000000000000000e+00
7.328718900680541992e-01 7.497377395629882812e-01 7.901605367660522461e-01 8.074762821197509766e-01 8.196215629577636719e-01 8.318483829498291016e-01 8.473657369613647461e-01 9.040769338607788086e-01 9.760131835937500000e-01 1.055136203765869141e+00 1.137427806854248047e+00 1.268789052963256836e+00 nan 1.190841436386108398e+00 1.083028316497802734e+00 9.985436201095581055e-01 0.000000000000000000e+00 0.000000000000000000e+00 0.000000000000000000e+00 0.000000000000000000e+00 0.000000000000000000e+00 0.000000000000000000e+00
7.467702627182006836e-01 7.631738185882568359e-01 7.579505443572998047e-01 7.781276702880859375e-01 7.923771142959594727e-01 8.044208288192749023e-01 8.165456056594848633e-01 8.289471864700317383e-01 8.947879076004028320e-01 9.706585407257080078e-01 1.049567222595214844e+00 1.149533271789550781e+00 1.282411336898803711e+00 nan 1.180397748947143555e+00 1.067650318145751953e+00 0.000000000000000000e+00 0.000000000000000000e+00 0.000000000000000000e+00 0.000000000000000000e+00 0.000000000000000000e+00 0.000000000000000000e+00
7.605572938919067383e-01 7.668744325637817383e-01 7.594069242477416992e-01 7.478634119033813477e-01 7.643296718597412109e-01 7.774040699005126953e-01 7.837265729904174805e-01 7.887812852859497070e-01 8.169013261795043945e-01 8.896534442901611328e-01 9.653184413909912109e-01 1.044013261795043945e+00 1.162439584732055664e+00 1.296115636825561523e+00 nan 1.166785478591918945e+00 0.000000000000000000e+00 0.000000000000000000e+00 0.000000000000000000e+00 0.000000000000000000e+00 0.000000000000000000e+00 0.000000000000000000e+00
7.727664709091186523e-01 7.687486410140991211e-01 7.608643770217895508e-01 7.493114471435546875e-01 7.378342151641845703e-01 7.425370216369628906e-01 7.508336305618286133e-01 7.560167312622070312e-01 7.746148109436035156e-01 8.119777441024780273e-01 8.845329284667968750e-01 9.599928855895996094e-01 1.048774003982543945e+00 1.175423622131347656e+00 1.293310403823852539e+00 nan 0.000000000000000000e+00 0.000000000000000000e+00 0.000000000000000000e+00 0.000000000000000000e+00 0.000000000000000000e+00 0.000000000000000000e+00
7.631492614746093750e-01 7.660315036773681641e-01 7.620075941085815430e-01 7.507603168487548828e-01 7.327829599380493164e-01 7.102050781250000000e-01 7.073982954025268555e-01 7.155275344848632812e-01 7.340480089187622070e-01 7.686984539031982422e-01 8.070678710937500000e-01 8.794260025024414062e-01 9.546815156936645508e-01 1.061075687408447266e+00 1.172509431838989258e+00 1.285240888595581055e+00 nan 0.000000000000000000e+00 0.000000000000000000e+00 0.000000000000000000e+00 0.000000000000000000e+00 0.000000000000000000e+00
5.963737964630126953e-01 7.237828969955444336e-01 7.336151599884033203e-01 7.245059013366699219e-01 7.083331346511840820e-01 6.923121213912963867e-01 6.764411926269531250e-01 6.729681491851806641e-01 6.881270408630371094e-01 7.218599319458007812e-01 7.562669515609741211e-01 7.953448295593261719e-01 8.708225488662719727e-01 9.527378082275390625e-01 1.058071851730346680e+00 1.163724422454833984e+00 0.000000000000000000e+00 nan 0.000000000000000000e+00 0.000000000000000000e+00 0.000000000000000000e+00 0.000000000000000000e+00
5.700086355209350586e-01 5.741422176361083984e-01 6.560223102569580078e-01 6.858141422271728516e-01 6.700042486190795898e-01 6.543426513671875000e-01 6.388278007507324219e-01 6.234586238861083984e-01 6.282672882080078125e-01 6.654312610626220703e-01 7.034436464309692383e-01 7.423235177993774414e-01 7.820583581924438477e-01 8.569774627685546875e-01 9.399497509002685547e-01 1.045591831207275391e+00 0.000000000000000000e+00 0.000000000000000000e+00 nan 0.000000000000000000e+00 0.000000000000000000e+00 0.000000000000000000e+00
5.515280961990356445e-01 5.540550947189331055e-01 5.507425069808959961e-01 5.749146938323974609e-01 6.325353384017944336e-01 6.172249317169189453e-01 6.020584106445312500e-01 5.870339870452880859e-01 5.809845924377441406e-01 5.997599363327026367e-01 6.362733840942382812e-01 6.736201047897338867e-01 7.118194103240966797e-01 7.508904933929443359e-01 8.240201473236083984e-01 9.069137573242187500e-01 0.000000000000000000e+00 0.000000000000000000e+00 0.000000000000000000e+00 nan 0.000000000000000000e+00 0.000000000000000000e+00
5.305777788162231445e-01 5.313258171081542969e-01 5.285308361053466797e-01 5.244120359420776367e-01 5.230432748794555664e-01 5.809401273727416992e-01 5.661138296127319336e-01 5.514265298843383789e-01 5.472153425216674805e-01 5.550135374069213867e-01 5.717515945434570312e-01 6.076258420944213867e-01 6.443188190460205078e-01 6.818492412567138672e-01 7.219842672348022461e-01 7.791818380355834961e-01 0.000000000000000000e+00 0.000000000000000000e+00 0.000000000000000000e+00 0.000000000000000000e+00 nan 0.000000000000000000e+00
5.003666877746582031e-01 5.070062875747680664e-01 5.066374540328979492e-01 5.025775432586669922e-01 5.000642538070678711e-01 4.999591112136840820e-01 5.184495449066162109e-01 5.166180133819580078e-01 5.141674280166625977e-01 5.217989683151245117e-01 5.294691324234008789e-01 5.442337989807128906e-01 5.794799327850341797e-01 6.155303716659545898e-01 6.541084051132202148e-01 6.953479051589965820e-01 0.000000000000000000e+00 0.000000000000000000e+00 0.000000000000000000e+00 0.000000000000000000e+00 0.000000000000000000e+00 nan
