nan 1.348044157028198242e+00 1.240622997283935547e+00 1.151948451995849609e+00 1.136293649673461914e+00 1.102626562118530273e+00 1.066649198532104492e+00 1.048615694046020508e+00 1.040576934814453125e+00 1.032569408416748047e+00 1.024593830108642578e+00 1.016649484634399414e+00 1.008301734924316406e+00 9.806684255599975586e-01 9.633088111877441406e-01 9.458416700363159180e-01 0.000000000000000000e+00 0.000000000000000000e+00 0.000000000000000000e+00 0.000000000000000000e+00 0.000000000000000000e+00 0.000000000000000000e+00
1.212369203567504883e+00 nan 1.385264396667480469e+00 1.295920848846435547e+00 1.226228952407836914e+00 1.189480066299438477e+00 1.150580167770385742e+00 1.103923559188842773e+00 1.071974277496337891e+00 1.063843727111816406e+00 1.055745363235473633e+00 1.047678709030151367e+00 1.033818483352661133e+00 9.838448762893676758e-01 9.590480327606201172e-01 9.416188001632690430e-01 0.000000000000000000e+00 0.000000000000000000e+00 0.000000000000000000e+00 0.000000000000000000e+00 0.000000000000000000e+00 0.000000000000000000e+00
1.090315341949462891e+00 1.250609636306762695e+00 nan 1.469635009765625000e+00 1.360716819763183594e+00 1.279522895812988281e+00 1.235858201980590820e+00 1.187351465225219727e+00 1.139897346496582031e+00 1.095599412918090820e+00 1.087376356124877930e+00 1.079185485839843750e+00 1.059659719467163086e+00 1.013000726699829102e+00 9.580006599426269531e-01 9.233421087265014648e-01 0.000000000000000000e+00 0.000000000000000000e+00 0.000000000000000000e+00 0.000000000000000000e+00 0.000000000000000000e+00 0.000000000000000000e+00
1.012069463729858398e+00 1.140071868896484375e+00 1.329095125198364258e+00 nan 1.565351724624633789e+00 1.442204952239990234e+00 1.327152252197265625e+00 1.274087429046630859e+00 1.224751472473144531e+00 1.176485776901245117e+00 1.129266738891601562e+00 1.106638431549072266e+00 1.085828781127929688e+00 1.042585134506225586e+00 9.760988950729370117e-01 8.922995328903198242e-01 0.000000000000000000e+00 0.000000000000000000e+00 0.000000000000000000e+00 0.000000000000000000e+00 0.000000000000000000e+00 0.000000000000000000e+00
9.639465808868408203e-01 1.085303783416748047e+00 1.214159965515136719e+00 1.420112133026123047e+00 nan 1.653482675552368164e+00 1.519903898239135742e+00 1.393049716949462891e+00 1.311313629150390625e+00 1.259895324707031250e+00 1.211355447769165039e+00 1.153465747833251953e+00 1.111487150192260742e+00 1.064931154251098633e+00 9.765968322753906250e-01 8.929662704467773438e-01 0.000000000000000000e+00 0.000000000000000000e+00 0.000000000000000000e+00 0.000000000000000000e+00 0.000000000000000000e+00 0.000000000000000000e+00
9.130773544311523438e-01 1.034478425979614258e+00 1.163583517074584961e+00 1.289752960205078125e+00 1.501240253448486328e+00 nan 1.717162370681762695e+00 1.580377817153930664e+00 1.450479030609130859e+00 1.359514713287353516e+00 1.281476259231567383e+00 1.216607570648193359e+00 1.152316331863403320e+00 1.056077241897583008e+00 9.681543111801147461e-01 8.849360942840576172e-01 0.000000000000000000e+00 0.000000000000000000e+00 0.000000000000000000e+00 0.000000000000000000e+00 0.000000000000000000e+00 0.000000000000000000e+00
8.608156442642211914e-01 9.808197021484375000e-01 1.106519460678100586e+00 1.222806692123413086e+00 1.347866773605346680e+00 1.574663877487182617e+00 nan 1.782369613647460938e+00 1.642302274703979492e+00 1.509285926818847656e+00 1.398063182830810547e+00 1.306405067443847656e+00 1.191825151443481445e+00 1.083031892776489258e+00 9.690815210342407227e-01 8.804349899291992188e-01 0.000000000000000000e+00 0.000000000000000000e+00 0.000000000000000000e+00 0.000000000000000000e+00 0.000000000000000000e+00 0.000000000000000000e+00
8.262809514999389648e-01 9.285764694213867188e-01 1.050961256027221680e+00 1.156225681304931641e+00 1.256280183792114258e+00 1.405143022537231445e+00 1.649576187133789062e+00 nan 1.849140405654907227e+00 1.702334165573120117e+00 1.550968885421752930e+00 1.376611948013305664e+00 1.249664545059204102e+00 1.140912771224975586e+00 1.002460241317749023e+00 8.970408439636230469e-01 0.000000000000000000e+00 0.000000000000000000e+00 0.000000000000000000e+00 0.000000000000000000e+00 0.000000000000000000e+00 0.000000000000000000e+00
8.095396757125854492e-01 9.022253751754760742e-01 9.935173988342285156e-01 1.091639041900634766e+00 1.186187028884887695e+00 1.299982547760009766e+00 1.463816881179809570e+00 1.726668119430541992e+00 nan 1.905710697174072266e+00 1.690294265747070312e+00 1.473124504089355469e+00 1.309030532836914062e+00 1.200402259826660156e+00 1.057940721511840820e+00 9.205925464630126953e-01 0.000000000000000000e+00 0.000000000000000000e+00 0.000000000000000000e+00 0.000000000000000000e+00 0.000000000000000000e+00 0.000000000000000000e+00
7.930796146392822266e-01 8.859819173812866211e-01 9.631892442703247070e-01 1.027827024459838867e+00 1.118271350860595703e+00 1.212749719619750977e+00 1.356090784072875977e+00 1.533903360366821289e+00 1.797989845275878906e+00 nan 1.826067209243774414e+00 1.597937107086181641e+00 1.393084049224853516e+00 1.260351657867431641e+00 1.114958524703979492e+00 9.738049507141113281e-01 0.000000000000000000e+00 0.000000000000000000e+00 0.000000000000000000e+00 0.000000000000000000e+00 0.000000000000000000e+00 0.000000000000000000e+00
7.776386737823486328e-01 8.686927556991577148e-01 9.449399709701538086e-01 9.961569309234619141e-01 1.052465200424194336e+00 1.142945051193237305e+00 1.245844125747680664e+00 1.398841381072998047e+00 1.551218032836914062e+00 1.743365764617919922e+00 nan 1.731462717056274414e+00 1.508749723434448242e+00 1.340767383575439453e+00 1.173556089401245117e+00 1.028491497039794922e+00 0.000000000000000000e+00 0.000000000000000000e+00 0.000000000000000000e+00 0.000000000000000000e+00 0.000000000000000000e+00 0.000000000000000000e+00
7.793744802474975586e-01 8.515627384185791016e-01 9.215134382247924805e-01 9.704816341400146484e-01 1.004128456115722656e+00 1.063803434371948242e+00 1.152009725570678711e+00 1.259579658508300781e+00 1.355401992797851562e+00 1.475680828094482422e+00 1.665427684783935547e+00 nan 1.655865669250488281e+00 1.450910091400146484e+00 1.249025106430053711e+00 1.086442708969116211e+00 0.000000000000000000e+00 0.000000000000000000e+00 0.000000000000000000e+00 0.000000000000000000e+00 0.000000000000000000e+00 0.000000000000000000e+00
7.974313497543334961e-01 8.317006826400756836e-01 8.892952203750610352e-01 9.319486618041992188e-01 9.682322740554809570e-01 1.001840829849243164e+00 1.060817480087280273e+00 1.132210731506347656e+00 1.212928056716918945e+00 1.296700716018676758e+00 1.405140638351440430e+00 1.608029603958129883e+00 nan 1.604027032852172852e+00 1.356970071792602539e+00 1.154886722564697266e+00 0.000000000000000000e+00 0.000000000000000000e+00 0.000000000000000000e+00 0.000000000000000000e+00 0.000000000000000000e+00 0.000000000000000000e+00
8.147493600845336914e-01 8.394709825515747070e-01 8.511662483215332031e-01 8.894236087799072266e-01 9.308154582977294922e-01 9.619220495223999023e-01 9.633692502975463867e-01 1.016385793685913086e+00 1.092718362808227539e+00 1.171940326690673828e+00 1.254161596298217773e+00 1.362261295318603516e+00 1.574525833129882812e+00 nan 1.509591579437255859e+00 1.260378837585449219e+00 0.000000000000000000e+00 0.000000000000000000e+00 0.000000000000000000e+00 0.000000000000000000e+00 0.000000000000000000e+00 0.000000000000000000e+00
8.348020315170288086e-01 8.417704105377197266e-01 8.467407226562500000e-01 8.533995151519775391e-01 8.880575895309448242e-01 8.930666446685791016e-01 8.980892896652221680e-01 9.182701110839843750e-01 9.790378808975219727e-01 1.053956508636474609e+00 1.131711483001708984e+00 1.212409496307373047e+00 1.332821607589721680e+00 1.549666404724121094e+00 nan 1.411040067672729492e+00 0.000000000000000000e+00 0.000000000000000000e+00 0.000000000000000000e+00 0.000000000000000000e+00 0.000000000000000000e+00 0.000000000000000000e+00
8.527587652206420898e-01 8.440732955932617188e-01 8.423261642456054688e-01 8.489689826965332031e-01 8.248671293258666992e-01 8.206868171691894531e-01 8.255174160003662109e-01 8.423866033554077148e-01 8.752288818359375000e-01 9.376615285873413086e-01 1.014863014221191406e+00 1.092228174209594727e+00 1.171431541442871094e+00 1.310296297073364258e+00 1.471930742263793945e+00 nan 0.000000000000000000e+00 0.000000000000000000e+00 0.000000000000000000e+00 0.000000000000000000e+00 0.000000000000000000e+00 0.000000000000000000e+00
8.086311817169189453e-01 8.055486679077148438e-01 7.991896867752075195e-01 7.953901290893554688e-01 7.851285934448242188e-01 7.634437084197998047e-01 7.557200193405151367e-01 7.687758207321166992e-01 8.003058433532714844e-01 8.323978185653686523e-01 8.927456140518188477e-01 9.681572914123535156e-01 1.047767639160156250e+00 1.134603738784790039e+00 1.246698141098022461e+00 1.405397891998291016e+00 nan 0.000000000000000000e+00 0.000000000000000000e+00 0.000000000000000000e+00 0.000000000000000000e+00 0.000000000000000000e+00
6.539211273193359375e-01 7.569742202758789062e-01 7.279521226882934570e-01 7.055138349533081055e-01 6.936004161834716797e-01 6.817703247070312500e-01 6.700224876403808594e-01 6.812086105346679688e-01 7.237836122512817383e-01 7.674366235733032227e-01 8.023846149444580078e-01 8.631169795989990234e-01 9.394522905349731445e-01 1.018915414810180664e+00 1.084224462509155273e+00 1.195612430572509766e+00 0.000000000000000000e+00 nan 0.000000000000000000e+00 0.000000000000000000e+00 0.000000000000000000e+00 0.000000000000000000e+00
6.230638027191162109e-01 5.987471342086791992e-01 6.386660337448120117e-01 6.335191726684570312e-01 6.186133623123168945e-01 6.073067188262939453e-01 5.960792303085327148e-01 5.932668447494506836e-01 6.190216541290283203e-01 6.600217819213867188e-01 7.020602226257324219e-01 7.451632022857666016e-01 8.096139430999755859e-01 8.982878923416137695e-01 9.709372520446777344e-01 1.037159919738769531e+00 0.000000000000000000e+00 0.000000000000000000e+00 nan 0.000000000000000000e+00 0.000000000000000000e+00 0.000000000000000000e+00
5.969403982162475586e-01 5.639314651489257812e-01 5.272278785705566406e-01 5.451925992965698242e-01 5.819643735885620117e-01 5.671414136886596680e-01 5.524573326110839844e-01 5.475913286209106445e-01 5.553790330886840820e-01 5.753761529922485352e-01 6.113919019699096680e-01 6.482312679290771484e-01 6.859126091003417969e-01 7.338912487030029297e-01 8.107565641403198242e-01 8.976312875747680664e-01 0.000000000000000000e+00 0.000000000000000000e+00 0.000000000000000000e+00 nan 0.000000000000000000e+00 0.000000000000000000e+00
5.623570680618286133e-01 5.298739671707153320e-01 5.024100542068481445e-01 4.983495473861694336e-01 4.971121549606323242e-01 5.320367813110351562e-01 5.176815986633300781e-01 5.144817829132080078e-01 5.221028327941894531e-01 5.297623872756958008e-01 5.481036901473999023e-01 5.834960937500000000e-01 6.196975708007812500e-01 6.567267179489135742e-01 6.970305442810058594e-01 7.708479166030883789e-01 0.000000000000000000e+00 0.000000000000000000e+00 0.000000000000000000e+00 0.000000000000000000e+00 nan 0.000000000000000000e+00
5.321696996688842773e-01 5.004854202270507812e-01 4.797064065933227539e-01 4.758857488632202148e-01 4.737014770507812500e-01 4.737645387649536133e-01 4.803137779235839844e-01 4.818431138992309570e-01 4.894800186157226562e-01 4.970341920852661133e-01 5.045675039291381836e-01 5.213034152984619141e-01 5.560830831527709961e-01 5.916578769683837891e-01 6.304038763046264648e-01 6.736632585525512695e-01 0.000000000000000000e+00 0.000000000000000000e+00 0.000000000000000000e+00 0.000000000000000000e+00 0.000000000000000000e+00 nan
