nan 1.210461854934692383e+00 1.117851495742797852e+00 1.080114364624023438e+00 1.049010276794433594e+00 1.003922462463378906e+00 9.706920385360717773e-01 9.595183134078979492e-01 9.518293142318725586e-01 9.441702365875244141e-01 9.365413188934326172e-01 9.289424419403076172e-01 9.213732481002807617e-01 9.258861541748046875e-01 9.091690778732299805e-01 8.921836614608764648e-01 0.000000000000000000e+00 0.000000000000000000e+00 0.000000000000000000e+00 0.000000000000000000e+00 0.000000000000000000e+00 0.000000000000000000e+00
1.113488197326660156e+00 nan 1.240448713302612305e+00 1.154726028442382812e+00 1.120640277862548828e+00 1.070886850357055664e+00 1.025551795959472656e+00 9.896687269210815430e-01 9.818611145019531250e-01 9.740843772888183594e-01 9.663379192352294922e-01 9.586223363876342773e-01 9.509365558624267578e-01 9.224238395690917969e-01 9.050254821777343750e-01 8.685488700866699219e-01 0.000000000000000000e+00 0.000000000000000000e+00 0.000000000000000000e+00 0.000000000000000000e+00 0.000000000000000000e+00 0.000000000000000000e+00
1.024669170379638672e+00 1.150019645690917969e+00 nan 1.270842313766479492e+00 1.191504955291748047e+00 1.145939826965332031e+00 1.108853101730346680e+00 1.063505172729492188e+00 1.018737792968750000e+00 1.004458665847778320e+00 9.965931177139282227e-01 9.887586832046508789e-01 9.765797853469848633e-01 9.506770372390747070e-01 8.848717212677001953e-01 8.383908271789550781e-01 0.000000000000000000e+00 0.000000000000000000e+00 0.000000000000000000e+00 0.000000000000000000e+00 0.000000000000000000e+00 0.000000000000000000e+00
9.698029756546020508e-01 1.070395946502685547e+00 1.187182188034057617e+00 nan 1.300283670425415039e+00 1.234192371368408203e+00 1.192905664443969727e+00 1.145330667495727539e+00 1.098788261413574219e+00 1.053255319595336914e+00 1.027313947677612305e+00 1.019358873367309570e+00 1.001693725585937500e+00 9.663344621658325195e-01 8.812160491943359375e-01 8.127166032791137695e-01 0.000000000000000000e+00 0.000000000000000000e+00 0.000000000000000000e+00 0.000000000000000000e+00 0.000000000000000000e+00 0.000000000000000000e+00
9.164199829101562500e-01 1.016158580780029297e+00 1.118980169296264648e+00 1.231376886367797852e+00 nan 1.361827135086059570e+00 1.276945114135742188e+00 1.226387739181518555e+00 1.178568124771118164e+00 1.131775140762329102e+00 1.085987329483032227e+00 1.046136617660522461e+00 1.016829967498779297e+00 9.651112556457519531e-01 8.815944194793701172e-01 8.146063089370727539e-01 0.000000000000000000e+00 0.000000000000000000e+00 0.000000000000000000e+00 0.000000000000000000e+00 0.000000000000000000e+00 0.000000000000000000e+00
8.611479997634887695e-01 9.591333866119384766e-01 1.062277317047119141e+00 1.174895763397216797e+00 1.280099153518676758e+00 nan 1.408630371093750000e+00 1.312840938568115234e+00 1.252618312835693359e+00 1.200444936752319336e+00 1.153182268142700195e+00 1.091334819793701172e+00 1.004241943359375000e+00 9.528460502624511719e-01 8.735579252243041992e-01 8.085082769393920898e-01 0.000000000000000000e+00 0.000000000000000000e+00 0.000000000000000000e+00 0.000000000000000000e+00 0.000000000000000000e+00 0.000000000000000000e+00
8.049473762512207031e-01 9.026294946670532227e-01 1.002798557281494141e+00 1.109749794006347656e+00 1.210917234420776367e+00 1.330352783203125000e+00 nan 1.454136610031127930e+00 1.349302530288696289e+00 1.288130521774291992e+00 1.224489212036132812e+00 1.121606111526489258e+00 1.023481130599975586e+00 9.406574964523315430e-01 8.655555248260498047e-01 8.024308681488037109e-01 0.000000000000000000e+00 0.000000000000000000e+00 0.000000000000000000e+00 0.000000000000000000e+00 0.000000000000000000e+00 0.000000000000000000e+00
7.835742235183715820e-01 8.505964279174804688e-01 9.450352191925048828e-01 1.046554803848266602e+00 1.142233133316040039e+00 1.247642278671264648e+00 1.381163835525512695e+00 nan 1.500502586364746094e+00 1.390343666076660156e+00 1.283190965652465820e+00 1.177592754364013672e+00 1.076878786087036133e+00 9.808223247528076172e-01 8.802152872085571289e-01 8.130601644515991211e-01 0.000000000000000000e+00 0.000000000000000000e+00 0.000000000000000000e+00 0.000000000000000000e+00 0.000000000000000000e+00 0.000000000000000000e+00
7.627468109130859375e-01 8.349825143814086914e-01 8.982882499694824219e-01 9.852533340454101562e-01 1.075683116912841797e+00 1.168261766433715820e+00 1.289248466491699219e+00 1.436370849609375000e+00 nan 1.508021354675292969e+00 1.345866680145263672e+00 1.235056638717651367e+00 1.131684303283691406e+00 1.033093452453613281e+00 9.161022901535034180e-01 8.307442665100097656e-01 0.000000000000000000e+00 0.000000000000000000e+00 0.000000000000000000e+00 0.000000000000000000e+00 0.000000000000000000e+00 0.000000000000000000e+00
7.410088777542114258e-01 8.139284849166870117e-01 8.806425333023071289e-01 9.368075132369995117e-01 1.011200189590454102e+00 1.100902795791625977e+00 1.206960201263427734e+00 1.331624507904052734e+00 1.458411693572998047e+00 nan 1.456250905990600586e+00 1.294582843780517578e+00 1.187937259674072266e+00 1.086744546890258789e+00 9.691902399063110352e-01 8.590631484985351562e-01 0.000000000000000000e+00 0.000000000000000000e+00 0.000000000000000000e+00 0.000000000000000000e+00 0.000000000000000000e+00 0.000000000000000000e+00
7.132689952850341797e-01 7.927466630935668945e-01 8.631609678268432617e-01 9.137020111083984375e-01 9.518599510192871094e-01 1.035636901855468750e+00 1.121866226196289062e+00 1.216653585433959961e+00 1.300567388534545898e+00 1.414582490921020508e+00 nan 1.402553081512451172e+00 1.245674371719360352e+00 1.141811609268188477e+00 1.023749113082885742e+00 9.123182296752929688e-01 0.000000000000000000e+00 0.000000000000000000e+00 0.000000000000000000e+00 0.000000000000000000e+00 0.000000000000000000e+00 0.000000000000000000e+00
7.083601951599121094e-01 7.718120813369750977e-01 8.403081893920898438e-01 8.902112245559692383e-01 9.224874973297119141e-01 9.606518745422363281e-01 1.025533676147460938e+00 1.096240997314453125e+00 1.175596475601196289e+00 1.257956027984619141e+00 1.371534109115600586e+00 nan 1.350059032440185547e+00 1.197947502136230469e+00 1.079259872436523438e+00 9.663050174713134766e-01 0.000000000000000000e+00 0.000000000000000000e+00 0.000000000000000000e+00 0.000000000000000000e+00 0.000000000000000000e+00 0.000000000000000000e+00
7.339905500411987305e-01 7.594823837280273438e-01 8.111507892608642578e-01 8.530530929565429688e-01 8.880536556243896484e-01 9.103106260299682617e-01 9.189350605010986328e-01 9.823125600814819336e-01 1.057161331176757812e+00 1.134835720062255859e+00 1.215443372726440430e+00 1.338708639144897461e+00 nan 1.302624940872192383e+00 1.135970592498779297e+00 1.023893117904663086e+00 0.000000000000000000e+00 0.000000000000000000e+00 0.000000000000000000e+00 0.000000000000000000e+00 0.000000000000000000e+00 0.000000000000000000e+00
7.596703767776489258e-01 7.687104940414428711e-01 7.805637121200561523e-01 8.121302127838134766e-01 8.445731401443481445e-01 8.490276336669921875e-01 8.501960039138793945e-01 8.738428354263305664e-01 9.445959329605102539e-01 1.018020153045654297e+00 1.094217300415039062e+00 1.173290967941284180e+00 1.317272424697875977e+00 nan 1.237835884094238281e+00 1.093876600265502930e+00 0.000000000000000000e+00 0.000000000000000000e+00 0.000000000000000000e+00 0.000000000000000000e+00 0.000000000000000000e+00 0.000000000000000000e+00
7.854684591293334961e-01 7.749539613723754883e-01 7.759090662002563477e-01 7.795090675354003906e-01 7.732752561569213867e-01 7.778061628341674805e-01 7.823485136032104492e-01 7.993727922439575195e-01 8.368403911590576172e-01 9.075965881347656250e-01 9.796242713928222656e-01 1.055013895034790039e+00 1.136322259902954102e+00 1.301694631576538086e+00 nan 1.205876111984252930e+00 0.000000000000000000e+00 0.000000000000000000e+00 0.000000000000000000e+00 0.000000000000000000e+00 0.000000000000000000e+00 0.000000000000000000e+00
8.046724796295166016e-01 7.881147861480712891e-01 7.712435722351074219e-01 7.456413507461547852e-01 7.206945419311523438e-01 7.125008106231689453e-01 7.187229394912719727e-01 7.340244054794311523e-01 7.666891813278198242e-01 8.047398328781127930e-01 8.785015344619750977e-01 9.552775621414184570e-01 1.034558296203613281e+00 1.133538246154785156e+00 1.276007890701293945e+00 nan 0.000000000000000000e+00 0.000000000000000000e+00 0.000000000000000000e+00 0.000000000000000000e+00 0.000000000000000000e+00 0.000000000000000000e+00
7.625340223312377930e-01 7.595676183700561523e-01 7.254720926284790039e-01 7.104073762893676758e-01 6.983515024185180664e-01 6.776690483093261719e-01 6.657794713973999023e-01 6.777255535125732422e-01 7.093298435211181641e-01 7.416175603866577148e-01 7.804607152938842773e-01 8.553125858306884766e-01 9.333112239837646484e-01 1.014589071273803711e+00 1.120055913925170898e+00 1.265934705734252930e+00 nan 0.000000000000000000e+00 0.000000000000000000e+00 0.000000000000000000e+00 0.000000000000000000e+00 0.000000000000000000e+00
6.127135753631591797e-01 6.967482566833496094e-01 6.831486225128173828e-01 6.682678461074829102e-01 6.526224613189697266e-01 6.371238231658935547e-01 6.217705011367797852e-01 6.202632188796997070e-01 6.572445631027221680e-01 6.950700283050537109e-01 7.293764352798461914e-01 7.672843933105468750e-01 8.415822982788085938e-01 9.190036058425903320e-01 9.966561794281005859e-01 1.107130765914916992e+00 0.000000000000000000e+00 nan 0.000000000000000000e+00 0.000000000000000000e+00 0.000000000000000000e+00 0.000000000000000000e+00
5.614787340164184570e-01 5.456453561782836914e-01 6.236511468887329102e-01 6.308377981185913086e-01 6.155434846878051758e-01 6.003925800323486328e-01 5.853837728500366211e-01 5.770097970962524414e-01 5.918960571289062500e-01 6.282299757003784180e-01 6.653932332992553711e-01 7.034045457839965820e-01 7.422838211059570312e-01 8.210103511810302734e-01 9.018793106079101562e-01 9.813140630722045898e-01 0.000000000000000000e+00 0.000000000000000000e+00 nan 0.000000000000000000e+00 0.000000000000000000e+00 0.000000000000000000e+00
5.275206565856933594e-01 5.230391025543212891e-01 5.199631452560424805e-01 5.441231727600097656e-01 5.792963504791259766e-01 5.644855499267578125e-01 5.498133897781372070e-01 5.433254241943359375e-01 5.511040687561035156e-01 5.640255212783813477e-01 5.997232198715209961e-01 6.362358331680297852e-01 6.735818386077880859e-01 7.117801904678344727e-01 7.759656906127929688e-01 8.571557998657226562e-01 0.000000000000000000e+00 0.000000000000000000e+00 0.000000000000000000e+00 nan 0.000000000000000000e+00 0.000000000000000000e+00
5.007060766220092773e-01 5.007635354995727539e-01 4.981924295425415039e-01 4.941552877426147461e-01 4.929027557373046875e-01 5.293838977813720703e-01 5.150411128997802734e-01 5.103605985641479492e-01 5.179730653762817383e-01 5.256239175796508789e-01 5.366429090499877930e-01 5.717157125473022461e-01 6.075890064239501953e-01 6.442811489105224609e-01 6.836410760879516602e-01 7.327568531036376953e-01 0.000000000000000000e+00 0.000000000000000000e+00 0.000000000000000000e+00 0.000000000000000000e+00 nan 0.000000000000000000e+00
4.699507951736450195e-01 4.764556884765625000e-01 4.757429361343383789e-01 4.719443321228027344e-01 4.697475433349609375e-01 4.698220491409301758e-01 4.788039922714233398e-01 4.780015945434570312e-01 4.855496883392333984e-01 4.930371046066284180e-01 5.005621910095214844e-01 5.097396373748779297e-01 5.441983938217163086e-01 5.794436931610107422e-01 6.172764301300048828e-01 6.578727960586547852e-01 0.000000000000000000e+00 0.000000000000000000e+00 0.000000000000000000e+00 0.000000000000000000e+00 0.000000000000000000e+00 nan
