nan 1.106195688247680664e+00 1.068997859954833984e+00 1.037815570831298828e+00 1.005565881729125977e+00 9.582775831222534180e-01 9.432719945907592773e-01 9.205576181411743164e-01 8.981088399887084961e-01 8.759224414825439453e-01 8.539952039718627930e-01 8.323245048522949219e-01 8.109070062637329102e-01 8.082569837570190430e-01 7.962533235549926758e-01 8.011800050735473633e-01 0.000000000000000000e+00 0.000000000000000000e+00 0.000000000000000000e+00 0.000000000000000000e+00 0.000000000000000000e+00 0.000000000000000000e+00
1.052555561065673828e+00 nan 1.142066478729248047e+00 1.109783172607421875e+00 1.071478843688964844e+00 1.022636175155639648e+00 9.694317579269409180e-01 9.344767332077026367e-01 9.118651151657104492e-01 8.895180225372314453e-01 8.674319982528686523e-01 8.456041812896728516e-01 8.222332000732421875e-01 8.008031845092773438e-01 7.848628759384155273e-01 7.857773303985595703e-01 0.000000000000000000e+00 0.000000000000000000e+00 0.000000000000000000e+00 0.000000000000000000e+00 0.000000000000000000e+00 0.000000000000000000e+00
9.947350025177001953e-01 1.097956657409667969e+00 nan 1.184292554855346680e+00 1.139558076858520508e+00 1.088444471359252930e+00 1.031070232391357422e+00 9.715076684951782227e-01 9.257212877273559570e-01 9.032123088836669922e-01 8.809660673141479492e-01 8.589800596237182617e-01 8.422852754592895508e-01 8.238943815231323242e-01 7.805038690567016602e-01 7.828609943389892578e-01 0.000000000000000000e+00 0.000000000000000000e+00 0.000000000000000000e+00 0.000000000000000000e+00 0.000000000000000000e+00 0.000000000000000000e+00
9.385433197021484375e-01 1.040015220642089844e+00 1.143936872482299805e+00 nan 1.209875106811523438e+00 1.156259775161743164e+00 1.094638109207153320e+00 1.033211469650268555e+00 9.735858440399169922e-01 9.170057773590087891e-01 8.945984840393066406e-01 8.836184740066528320e-01 8.648148775100708008e-01 8.461989164352416992e-01 8.016042709350585938e-01 7.647007703781127930e-01 0.000000000000000000e+00 0.000000000000000000e+00 0.000000000000000000e+00 0.000000000000000000e+00 0.000000000000000000e+00 0.000000000000000000e+00
8.836822509765625000e-01 9.827394485473632812e-01 1.085079908370971680e+00 1.187711477279663086e+00 nan 1.228787899017333984e+00 1.160195350646972656e+00 1.096846103668212891e+00 1.035354375839233398e+00 9.756660461425781250e-01 9.293681383132934570e-01 9.066535234451293945e-01 8.876198530197143555e-01 8.687764406204223633e-01 8.156296014785766602e-01 7.633839845657348633e-01 0.000000000000000000e+00 0.000000000000000000e+00 0.000000000000000000e+00 0.000000000000000000e+00 0.000000000000000000e+00 0.000000000000000000e+00
8.288842439651489258e-01 9.250597953796386719e-01 1.026293039321899414e+00 1.122784614562988281e+00 1.208698749542236328e+00 nan 1.241906642913818359e+00 1.166118860244750977e+00 1.097275495529174805e+00 1.036867856979370117e+00 9.928929805755615234e-01 9.388782978057861328e-01 9.038608074188232422e-01 8.695756196975708008e-01 8.130412101745605469e-01 7.613304853439331055e-01 0.000000000000000000e+00 0.000000000000000000e+00 0.000000000000000000e+00 0.000000000000000000e+00 0.000000000000000000e+00 0.000000000000000000e+00
7.820113897323608398e-01 8.690582513809204102e-01 9.673464298248291016e-01 1.055177927017211914e+00 1.138071775436401367e+00 1.232718467712402344e+00 nan 1.255112648010253906e+00 1.178878545761108398e+00 1.109098911285400391e+00 1.051005601882934570e+00 9.947458505630493164e-01 9.259110689163208008e-01 8.570319414138793945e-01 8.060135841369628906e-01 7.585933208465576172e-01 0.000000000000000000e+00 0.000000000000000000e+00 0.000000000000000000e+00 0.000000000000000000e+00 0.000000000000000000e+00 0.000000000000000000e+00
7.663292884826660156e-01 8.243072032928466797e-01 9.100968837738037109e-01 9.897246360778808594e-01 1.067263364791870117e+00 1.148058891296386719e+00 1.251708269119262695e+00 nan 1.268396615982055664e+00 1.198673725128173828e+00 1.130001783370971680e+00 1.053623914718627930e+00 9.584586620330810547e-01 8.677033185958862305e-01 7.990132570266723633e-01 7.627021074295043945e-01 0.000000000000000000e+00 0.000000000000000000e+00 0.000000000000000000e+00 0.000000000000000000e+00 0.000000000000000000e+00 0.000000000000000000e+00
7.513992786407470703e-01 8.084893226623535156e-01 8.628090620040893555e-01 9.263559579849243164e-01 9.987999200820922852e-01 1.071642398834228516e+00 1.166328668594360352e+00 1.270859479904174805e+00 nan 1.289164066314697266e+00 1.209311246871948242e+00 1.106931686401367188e+00 1.009295701980590820e+00 9.175686836242675781e-01 8.258755207061767578e-01 7.851108312606811523e-01 0.000000000000000000e+00 0.000000000000000000e+00 0.000000000000000000e+00 0.000000000000000000e+00 0.000000000000000000e+00 0.000000000000000000e+00
7.354507446289062500e-01 7.928086519241333008e-01 8.419286012649536133e-01 8.836003541946411133e-01 9.326034784317016602e-01 1.003033638000488281e+00 1.084186315536499023e+00 1.183344841003417969e+00 1.282276391983032227e+00 nan 1.271983861923217773e+00 1.161622524261474609e+00 1.061452388763427734e+00 9.710497856140136719e-01 8.890116214752197266e-01 8.129569292068481445e-01 0.000000000000000000e+00 0.000000000000000000e+00 0.000000000000000000e+00 0.000000000000000000e+00 0.000000000000000000e+00 0.000000000000000000e+00
7.171821594238281250e-01 7.776092290878295898e-01 8.212823867797851562e-01 8.572276830673217773e-01 8.794741630554199219e-01 9.345935583114624023e-01 9.994713068008422852e-01 1.087865829467773438e+00 1.184115648269653320e+00 1.269694089889526367e+00 nan 1.228639125823974609e+00 1.122807264328002930e+00 1.035452604293823242e+00 9.543309211730957031e-01 8.750660419464111328e-01 0.000000000000000000e+00 0.000000000000000000e+00 0.000000000000000000e+00 0.000000000000000000e+00 0.000000000000000000e+00 0.000000000000000000e+00
7.184290885925292969e-01 7.611491680145263672e-01 8.023949861526489258e-01 8.284270763397216797e-01 8.451378345489501953e-01 8.620014190673828125e-01 9.215720891952514648e-01 9.965621232986450195e-01 1.076976060867309570e+00 1.157821178436279297e+00 1.261389017105102539e+00 nan 1.203914403915405273e+00 1.105765581130981445e+00 1.021908521652221680e+00 9.399029016494750977e-01 0.000000000000000000e+00 0.000000000000000000e+00 0.000000000000000000e+00 0.000000000000000000e+00 0.000000000000000000e+00 0.000000000000000000e+00
7.328687906265258789e-01 7.492820024490356445e-01 7.758967876434326172e-01 7.957409620285034180e-01 8.083113431930541992e-01 8.248381614685058594e-01 8.467074632644653320e-01 9.014583826065063477e-01 9.754717350006103516e-01 1.052365779876708984e+00 1.132253170013427734e+00 1.256313085556030273e+00 nan 1.205901145935058594e+00 1.091786384582519531e+00 1.006981849670410156e+00 0.000000000000000000e+00 0.000000000000000000e+00 0.000000000000000000e+00 0.000000000000000000e+00 0.000000000000000000e+00 0.000000000000000000e+00
7.468274831771850586e-01 7.571742534637451172e-01 7.501599788665771484e-01 7.635108232498168945e-01 7.807397842407226562e-01 7.927054166793823242e-01 8.009402751922607422e-01 8.139095306396484375e-01 8.865419626235961914e-01 9.620823860168457031e-01 1.040647745132446289e+00 1.133792877197265625e+00 1.270859003067016602e+00 nan 1.183004140853881836e+00 1.076380252838134766e+00 0.000000000000000000e+00 0.000000000000000000e+00 0.000000000000000000e+00 0.000000000000000000e+00 0.000000000000000000e+00 0.000000000000000000e+00
7.606149911880493164e-01 7.590382099151611328e-01 7.516098022460937500e-01 7.401175498962402344e-01 7.498260736465454102e-01 7.629568576812744141e-01 7.679527997970581055e-01 7.729628086090087891e-01 8.089944124221801758e-01 8.814296722412109375e-01 9.567655324935913086e-01 1.035118103027343750e+00 1.146604776382446289e+00 1.287470817565917969e+00 nan 1.168123722076416016e+00 0.000000000000000000e+00 0.000000000000000000e+00 0.000000000000000000e+00 0.000000000000000000e+00 0.000000000000000000e+00 0.000000000000000000e+00
7.649292945861816406e-01 7.609040737152099609e-01 7.530608177185058594e-01 7.415590286254882812e-01 7.266837358474731445e-01 7.211407423019409180e-01 7.293354272842407227e-01 7.375692129135131836e-01 7.676863670349121094e-01 8.040924072265625000e-01 8.763314485549926758e-01 9.514632225036621094e-01 1.033771514892578125e+00 1.159493684768676758e+00 1.269082307815551758e+00 nan 0.000000000000000000e+00 0.000000000000000000e+00 0.000000000000000000e+00 0.000000000000000000e+00 0.000000000000000000e+00 0.000000000000000000e+00
7.507293224334716797e-01 7.535662651062011719e-01 7.514362335205078125e-01 7.408981323242187500e-01 7.182146310806274414e-01 6.958266496658325195e-01 6.864335536956787109e-01 6.944630146026611328e-01 7.212907075881958008e-01 7.556864023208618164e-01 7.946166992187500000e-01 8.700637817382812500e-01 9.461750984191894531e-01 1.045983076095581055e+00 1.148178339004516602e+00 1.258342981338500977e+00 nan 0.000000000000000000e+00 0.000000000000000000e+00 0.000000000000000000e+00 0.000000000000000000e+00 0.000000000000000000e+00
5.868555307388305664e-01 7.134294509887695312e-01 7.206052541732788086e-01 7.055014371871948242e-01 6.895068883895874023e-01 6.736624240875244141e-01 6.579663753509521484e-01 6.511411666870117188e-01 6.757075786590576172e-01 7.091923952102661133e-01 7.433462142944335938e-01 7.813355922698974609e-01 8.562242984771728516e-01 9.342612028121948242e-01 1.030966758728027344e+00 1.138256788253784180e+00 0.000000000000000000e+00 nan 0.000000000000000000e+00 0.000000000000000000e+00 0.000000000000000000e+00 0.000000000000000000e+00
5.638526678085327148e-01 5.679396390914916992e-01 6.395022869110107422e-01 6.672359704971313477e-01 6.516002416610717773e-01 6.361113786697387695e-01 6.207675933837890625e-01 6.055676937103271484e-01 6.130785942077636719e-01 6.498960256576538086e-01 6.875537633895874023e-01 7.260711193084716797e-01 7.678239345550537109e-01 8.424873352050781250e-01 9.157825708389282227e-01 1.013114213943481445e+00 0.000000000000000000e+00 0.000000000000000000e+00 nan 0.000000000000000000e+00 0.000000000000000000e+00 0.000000000000000000e+00
5.454446077346801758e-01 5.452536344528198242e-01 5.419273376464843750e-01 5.592036247253417969e-01 6.145443916320800781e-01 5.994027853012084961e-01 5.844032764434814453e-01 5.695444345474243164e-01 5.720107555389404297e-01 5.848371982574462891e-01 6.210100650787353516e-01 6.580085754394531250e-01 6.958513259887695312e-01 7.345579862594604492e-01 8.030138015747070312e-01 8.840694427490234375e-01 0.000000000000000000e+00 0.000000000000000000e+00 0.000000000000000000e+00 nan 0.000000000000000000e+00 0.000000000000000000e+00
5.216537714004516602e-01 5.226531028747558594e-01 5.198421478271484375e-01 5.157465934753417969e-01 5.142865180969238281e-01 5.635179281234741211e-01 5.488549470901489258e-01 5.343294143676757812e-01 5.384331941604614258e-01 5.461871623992919922e-01 5.570902824401855469e-01 5.926297903060913086e-01 6.289805173873901367e-01 6.661608219146728516e-01 7.067911624908447266e-01 7.578678131103515625e-01 0.000000000000000000e+00 0.000000000000000000e+00 0.000000000000000000e+00 0.000000000000000000e+00 nan 0.000000000000000000e+00
4.911994934082031250e-01 4.977984428405761719e-01 4.977632761001586914e-01 4.939079284667968750e-01 4.914395809173583984e-01 4.913350343704223633e-01 5.033519268035888672e-01 4.999045133590698242e-01 5.055727958679199219e-01 5.131610631942749023e-01 5.207877159118652344e-01 5.298291444778442383e-01 5.647463798522949219e-01 6.004606485366821289e-01 6.395139694213867188e-01 6.798845529556274414e-01 0.000000000000000000e+00 0.000000000000000000e+00 0.000000000000000000e+00 0.000000000000000000e+00 0.000000000000000000e+00 nan
