nan 1.065928459167480469e+00 1.035036563873291016e+00 1.004606485366821289e+00 9.746315479278564453e-01 9.284472465515136719e-01 9.173247814178466797e-01 9.035609960556030273e-01 8.878811597824096680e-01 8.659129142761230469e-01 8.442002534866333008e-01 8.227403163909912109e-01 8.015300035476684570e-01 8.012015819549560547e-01 7.894096374511718750e-01 8.011286258697509766e-01 0.000000000000000000e+00 0.000000000000000000e+00 0.000000000000000000e+00 0.000000000000000000e+00 0.000000000000000000e+00 0.000000000000000000e+00
9.828735589981079102e-01 nan 1.108031272888183594e+00 1.076509714126586914e+00 1.040769100189208984e+00 9.927314519882202148e-01 9.431296586990356445e-01 9.205232858657836914e-01 9.020112752914428711e-01 8.798785209655761719e-01 8.580032587051391602e-01 8.363827466964721680e-01 8.150137662887573242e-01 7.842235565185546875e-01 7.742359638214111328e-01 7.858554124832153320e-01 0.000000000000000000e+00 0.000000000000000000e+00 0.000000000000000000e+00 0.000000000000000000e+00 0.000000000000000000e+00 0.000000000000000000e+00
9.291402101516723633e-01 1.027656555175781250e+00 nan 1.150991916656494141e+00 1.108964443206787109e+00 1.058537244796752930e+00 1.007297515869140625e+00 9.573330879211425781e-01 9.162470102310180664e-01 8.939486742019653320e-01 8.719097375869750977e-01 8.501273393630981445e-01 8.285983800888061523e-01 7.957793474197387695e-01 7.591909170150756836e-01 7.650257349014282227e-01 0.000000000000000000e+00 0.000000000000000000e+00 0.000000000000000000e+00 0.000000000000000000e+00 0.000000000000000000e+00 0.000000000000000000e+00
8.768626451492309570e-01 9.727094173431396484e-01 1.073450803756713867e+00 nan 1.179439067840576172e+00 1.126516580581665039e+00 1.073584556579589844e+00 1.020332574844360352e+00 9.611978530883789062e-01 9.081240892410278320e-01 8.859204053878784180e-01 8.639749288558959961e-01 8.404194116592407227e-01 8.110864162445068359e-01 7.642024755477905273e-01 7.443122863769531250e-01 0.000000000000000000e+00 0.000000000000000000e+00 0.000000000000000000e+00 0.000000000000000000e+00 0.000000000000000000e+00 0.000000000000000000e+00
8.281913995742797852e-01 9.214266538619995117e-01 1.019416809082031250e+00 1.120852470397949219e+00 nan 1.198653697967529297e+00 1.143785715103149414e+00 1.083413600921630859e+00 1.022491455078125000e+00 9.633153676986694336e-01 9.057952165603637695e-01 8.784337043762207031e-01 8.509646654129028320e-01 8.168214559555053711e-01 7.717936038970947266e-01 7.444632053375244141e-01 0.000000000000000000e+00 0.000000000000000000e+00 0.000000000000000000e+00 0.000000000000000000e+00 0.000000000000000000e+00 0.000000000000000000e+00
7.814688682556152344e-01 8.719501495361328125e-01 9.688817262649536133e-01 1.062883615493774414e+00 1.149064302444458008e+00 nan 1.219040393829345703e+00 1.146792650222778320e+00 1.083897113800048828e+00 1.022844076156616211e+00 9.635798931121826172e-01 9.051276445388793945e-01 8.541183471679687500e-01 8.140634298324584961e-01 7.759332656860351562e-01 7.485390901565551758e-01 0.000000000000000000e+00 0.000000000000000000e+00 0.000000000000000000e+00 0.000000000000000000e+00 0.000000000000000000e+00 0.000000000000000000e+00
7.699904441833496094e-01 8.185312747955322266e-01 9.134269952774047852e-01 1.000868797302246094e+00 1.080558061599731445e+00 1.156439304351806641e+00 nan 1.232111454010009766e+00 1.156654834747314453e+00 1.084177732467651367e+00 1.023116350173950195e+00 9.500083923339843750e-01 8.631627559661865234e-01 8.169729709625244141e-01 7.800827026367187500e-01 7.526245117187500000e-01 0.000000000000000000e+00 0.000000000000000000e+00 0.000000000000000000e+00 0.000000000000000000e+00 0.000000000000000000e+00 0.000000000000000000e+00
7.550293207168579102e-01 8.031860589981079102e-01 8.616939783096313477e-01 9.371448755264282227e-01 1.011654138565063477e+00 1.084964990615844727e+00 1.174780130386352539e+00 nan 1.245259523391723633e+00 1.169358491897583008e+00 1.091238021850585938e+00 9.973610639572143555e-01 9.065970182418823242e-01 8.328627347946166992e-01 7.915258407592773438e-01 7.588788270950317383e-01 0.000000000000000000e+00 0.000000000000000000e+00 0.000000000000000000e+00 0.000000000000000000e+00 0.000000000000000000e+00 0.000000000000000000e+00
7.401947975158691406e-01 7.937425374984741211e-01 8.424854278564453125e-01 8.849430084228515625e-01 9.450323581695556641e-01 1.015915393829345703e+00 1.092317581176757812e+00 1.193277120590209961e+00 nan 1.255675077438354492e+00 1.160657882690429688e+00 1.062473773956298828e+00 9.716820716857910156e-01 8.961775302886962891e-01 8.223662376403808594e-01 7.863157987594604492e-01 0.000000000000000000e+00 0.000000000000000000e+00 0.000000000000000000e+00 0.000000000000000000e+00 0.000000000000000000e+00 0.000000000000000000e+00
7.243382930755615234e-01 7.812937498092651367e-01 8.218330144882202148e-01 8.610954284667968750e-01 8.833884000778198242e-01 9.491524696350097656e-01 1.020185470581054688e+00 1.110113143920898438e+00 1.208662033081054688e+00 nan 1.231094121932983398e+00 1.129709005355834961e+00 1.039792537689208984e+00 9.616796970367431641e-01 8.853809833526611328e-01 8.141808509826660156e-01 0.000000000000000000e+00 0.000000000000000000e+00 0.000000000000000000e+00 0.000000000000000000e+00 0.000000000000000000e+00 0.000000000000000000e+00
7.107046842575073242e-01 7.662371397018432617e-01 8.085573911666870117e-01 8.350379467010498047e-01 8.570188283920288086e-01 8.846005201339721680e-01 9.498158693313598633e-01 1.020815849304199219e+00 1.100722074508666992e+00 1.182491540908813477e+00 nan 1.199136018753051758e+00 1.110255718231201172e+00 1.029444456100463867e+00 9.505747556686401367e-01 8.714622259140014648e-01 0.000000000000000000e+00 0.000000000000000000e+00 0.000000000000000000e+00 0.000000000000000000e+00 0.000000000000000000e+00 0.000000000000000000e+00
7.250795364379882812e-01 7.513078451156616211e-01 7.923717498779296875e-01 8.174808025360107422e-01 8.307763338088989258e-01 8.436597585678100586e-01 8.738510608673095703e-01 9.231978654861450195e-01 9.980573654174804688e-01 1.075830459594726562e+00 1.158416032791137695e+00 nan 1.183780908584594727e+00 1.099550008773803711e+00 1.018022537231445312e+00 9.361745119094848633e-01 0.000000000000000000e+00 0.000000000000000000e+00 0.000000000000000000e+00 0.000000000000000000e+00 0.000000000000000000e+00 0.000000000000000000e+00
7.395750284194946289e-01 7.566269636154174805e-01 7.689918279647827148e-01 7.900184392929077148e-01 8.033647537231445312e-01 8.154823780059814453e-01 8.230092525482177734e-01 8.415929079055786133e-01 9.133934974670410156e-01 9.900091886520385742e-01 1.069692850112915039e+00 1.165440559387207031e+00 nan 1.188579082489013672e+00 1.087802886962890625e+00 1.003124475479125977e+00 0.000000000000000000e+00 0.000000000000000000e+00 0.000000000000000000e+00 0.000000000000000000e+00 0.000000000000000000e+00 0.000000000000000000e+00
7.536165714263916016e-01 7.675189971923828125e-01 7.600567340850830078e-01 7.559176683425903320e-01 7.761281728744506836e-01 7.845603227615356445e-01 7.896174192428588867e-01 7.946889400482177734e-01 8.347421884536743164e-01 9.082086086273193359e-01 9.846167564392089844e-01 1.064084291458129883e+00 1.178442478179931641e+00 nan 1.185970306396484375e+00 1.072389602661132812e+00 0.000000000000000000e+00 0.000000000000000000e+00 0.000000000000000000e+00 0.000000000000000000e+00 0.000000000000000000e+00 0.000000000000000000e+00
7.674577236175537109e-01 7.693940401077270508e-01 7.615147829055786133e-01 7.499575614929199219e-01 7.373921871185302734e-01 7.456642389297485352e-01 7.539757490158081055e-01 7.618160247802734375e-01 7.856125831604003906e-01 8.297704458236694336e-01 9.030377864837646484e-01 9.792387485504150391e-01 1.063935518264770508e+00 1.191522359848022461e+00 nan 1.172535181045532227e+00 0.000000000000000000e+00 0.000000000000000000e+00 0.000000000000000000e+00 0.000000000000000000e+00 0.000000000000000000e+00 0.000000000000000000e+00
7.753319740295410156e-01 7.712708711624145508e-01 7.629739046096801758e-01 7.479770183563232422e-01 7.252011299133300781e-01 7.027221918106079102e-01 7.104625701904296875e-01 7.186063528060913086e-01 7.421721220016479492e-01 7.769849300384521484e-01 8.237460851669311523e-01 8.978809118270874023e-01 9.738754034042358398e-01 1.076328039169311523e+00 1.196707963943481445e+00 nan 0.000000000000000000e+00 0.000000000000000000e+00 0.000000000000000000e+00 0.000000000000000000e+00 0.000000000000000000e+00 0.000000000000000000e+00
7.545670270919799805e-01 7.573982477188110352e-01 7.527993917465209961e-01 7.367316484451293945e-01 7.167392969131469727e-01 6.943705081939697266e-01 6.722930669784545898e-01 6.759706735610961914e-01 6.960359811782836914e-01 7.299269437789916992e-01 7.644952535629272461e-01 8.102493286132812500e-01 8.863534927368164062e-01 9.656572341918945312e-01 1.080995798110961914e+00 1.189191579818725586e+00 nan 0.000000000000000000e+00 0.000000000000000000e+00 0.000000000000000000e+00 0.000000000000000000e+00 0.000000000000000000e+00
5.794879198074340820e-01 7.044109106063842773e-01 7.127989530563354492e-01 6.977654695510864258e-01 6.818435192108154297e-01 6.660709381103515625e-01 6.504461765289306641e-01 6.349679231643676758e-01 6.500680446624755859e-01 6.841151714324951172e-01 7.177678346633911133e-01 7.520931959152221680e-01 7.968527078628540039e-01 8.723936080932617188e-01 9.589213132858276367e-01 1.068058729171752930e+00 0.000000000000000000e+00 nan 0.000000000000000000e+00 0.000000000000000000e+00 0.000000000000000000e+00 0.000000000000000000e+00
5.570961236953735352e-01 5.567947626113891602e-01 6.209332942962646484e-01 6.596736907958984375e-01 6.441088914871215820e-01 6.286902427673339844e-01 6.134159564971923828e-01 5.982850790023803711e-01 5.938903093338012695e-01 6.211791038513183594e-01 6.581814289093017578e-01 6.960282325744628906e-01 7.347389459609985352e-01 7.832350730895996094e-01 8.571391105651855469e-01 9.442027807235717773e-01 0.000000000000000000e+00 0.000000000000000000e+00 nan 0.000000000000000000e+00 0.000000000000000000e+00 0.000000000000000000e+00
5.352145433425903320e-01 5.340254306793212891e-01 5.307080745697021484e-01 5.415441989898681641e-01 6.072210073471069336e-01 5.921481847763061523e-01 5.772166252136230469e-01 5.624252557754516602e-01 5.598453283309936523e-01 5.677071809768676758e-01 5.927958488464355469e-01 6.291503906250000000e-01 6.663345098495483398e-01 7.043675184249877930e-01 7.441984415054321289e-01 8.197290897369384766e-01 0.000000000000000000e+00 0.000000000000000000e+00 0.000000000000000000e+00 nan 0.000000000000000000e+00 0.000000000000000000e+00
5.114867687225341797e-01 5.115890502929687500e-01 5.087834596633911133e-01 5.047178268432617188e-01 5.032651424407958984e-01 5.564260482788085938e-01 5.418294668197631836e-01 5.273699760437011719e-01 5.265276432037353516e-01 5.342215299606323242e-01 5.419542789459228516e-01 5.649095773696899414e-01 6.006275415420532227e-01 6.371607780456542969e-01 6.754468679428100586e-01 7.177770137786865234e-01 0.000000000000000000e+00 0.000000000000000000e+00 0.000000000000000000e+00 0.000000000000000000e+00 nan 0.000000000000000000e+00
4.807435274124145508e-01 4.872963428497314453e-01 4.865952730178833008e-01 4.827687740325927734e-01 4.803674221038818359e-01 4.804425239562988281e-01 4.863266944885253906e-01 4.931011199951171875e-01 4.939215183258056641e-01 5.014511346817016602e-01 5.090186595916748047e-01 5.166243314743041992e-01 5.375114679336547852e-01 5.726041793823242188e-01 6.094051599502563477e-01 6.496138572692871094e-01 0.000000000000000000e+00 0.000000000000000000e+00 0.000000000000000000e+00 0.000000000000000000e+00 0.000000000000000000e+00 nan
