nan 1.039211988449096680e+00 1.008478641510009766e+00 9.782086610794067383e-01 9.483948945999145508e-01 9.252341985702514648e-01 9.167189598083496094e-01 9.027408361434936523e-01 8.852998018264770508e-01 8.632631301879882812e-01 8.414839506149291992e-01 8.199594020843505859e-01 8.073725700378417969e-01 8.195985555648803711e-01 8.082847595214843750e-01 8.133078813552856445e-01 0.000000000000000000e+00 0.000000000000000000e+00 0.000000000000000000e+00 0.000000000000000000e+00 0.000000000000000000e+00 0.000000000000000000e+00
1.011339187622070312e+00 nan 1.079410314559936523e+00 1.048071146011352539e+00 1.017082929611206055e+00 9.695230722427368164e-01 9.328081607818603516e-01 9.187126159667968750e-01 8.989634513854980469e-01 8.767670392990112305e-01 8.548299074172973633e-01 8.331495523452758789e-01 8.117223978042602539e-01 8.010587692260742188e-01 7.887797355651855469e-01 7.919522523880004883e-01 0.000000000000000000e+00 0.000000000000000000e+00 0.000000000000000000e+00 0.000000000000000000e+00 0.000000000000000000e+00 0.000000000000000000e+00
9.557901620864868164e-01 1.055421113967895508e+00 nan 1.120401144027709961e+00 1.083374500274658203e+00 1.033881187438964844e+00 9.830174446105957031e-01 9.348183870315551758e-01 9.127261638641357422e-01 8.903688192367553711e-01 8.682727813720703125e-01 8.464351892471313477e-01 8.248527050018310547e-01 7.967929840087890625e-01 7.658867835998535156e-01 7.708481550216674805e-01 0.000000000000000000e+00 0.000000000000000000e+00 0.000000000000000000e+00 0.000000000000000000e+00 0.000000000000000000e+00 0.000000000000000000e+00
9.017750024795532227e-01 9.986543655395507812e-01 1.100468873977661133e+00 nan 1.151844739913940430e+00 1.099924802780151367e+00 1.047409296035766602e+00 9.944829940795898438e-01 9.359931945800781250e-01 9.040693044662475586e-01 8.818131685256958008e-01 8.598172664642333984e-01 8.373841047286987305e-01 7.939289808273315430e-01 7.567074298858642578e-01 7.499926090240478516e-01 0.000000000000000000e+00 0.000000000000000000e+00 0.000000000000000000e+00 0.000000000000000000e+00 0.000000000000000000e+00 0.000000000000000000e+00
8.503305912017822266e-01 9.444619417190551758e-01 1.043381929397583008e+00 1.147334098815917969e+00 nan 1.168667078018188477e+00 1.114293813705444336e+00 1.056791305541992188e+00 9.965325593948364258e-01 9.380338191986083984e-01 8.954514265060424805e-01 8.732962608337402344e-01 8.362513780593872070e-01 7.963138818740844727e-01 7.647920846939086914e-01 7.374490499496459961e-01 0.000000000000000000e+00 0.000000000000000000e+00 0.000000000000000000e+00 0.000000000000000000e+00 0.000000000000000000e+00 0.000000000000000000e+00
7.974388599395751953e-01 8.919608592987060547e-01 9.911837577819824219e-01 1.090668916702270508e+00 1.175114393234252930e+00 nan 1.183114051818847656e+00 1.119154214859008789e+00 1.057068347930908203e+00 9.968016147613525391e-01 9.383003711700439453e-01 8.788195848464965820e-01 8.352903127670288086e-01 7.997070550918579102e-01 7.695417404174804688e-01 7.422460317611694336e-01 0.000000000000000000e+00 0.000000000000000000e+00 0.000000000000000000e+00 0.000000000000000000e+00 0.000000000000000000e+00 0.000000000000000000e+00
7.694625854492187500e-01 8.369220495223999023e-01 9.335201978683471680e-01 1.027310848236083984e+00 1.110074520111083984e+00 1.192591190338134766e+00 nan 1.193121671676635742e+00 1.119439601898193359e+00 1.057345390319824219e+00 9.852725267410278320e-01 9.034870862960815430e-01 8.347781896591186523e-01 8.025935888290405273e-01 7.736761569976806641e-01 7.463167905807495117e-01 0.000000000000000000e+00 0.000000000000000000e+00 0.000000000000000000e+00 0.000000000000000000e+00 0.000000000000000000e+00 0.000000000000000000e+00
7.547733783721923828e-01 8.066053390502929688e-01 8.772724866867065430e-01 9.627448320388793945e-01 1.040193080902099609e+00 1.114544153213500977e+00 1.211239576339721680e+00 nan 1.206040143966674805e+00 1.124858379364013672e+00 1.035390615463256836e+00 9.496898651123046875e-01 8.655188083648681641e-01 8.110212087631225586e-01 7.786170244216918945e-01 7.503969669342041016e-01 0.000000000000000000e+00 0.000000000000000000e+00 0.000000000000000000e+00 0.000000000000000000e+00 0.000000000000000000e+00 0.000000000000000000e+00
7.399410009384155273e-01 7.929258346557617188e-01 8.494850397109985352e-01 9.002352952957153320e-01 9.726262092590332031e-01 1.044514894485473633e+00 1.127394437789916992e+00 1.230046749114990234e+00 nan 1.195436477661132812e+00 1.102996826171875000e+00 1.014272451400756836e+00 9.299616813659667969e-01 8.560549020767211914e-01 8.061052560806274414e-01 7.734446525573730469e-01 0.000000000000000000e+00 0.000000000000000000e+00 0.000000000000000000e+00 0.000000000000000000e+00 0.000000000000000000e+00 0.000000000000000000e+00
7.245317697525024414e-01 7.810338735580444336e-01 8.301357030868530273e-01 8.723087310791015625e-01 9.072968959808349609e-01 9.768046140670776367e-01 1.048845529556274414e+00 1.143294334411621094e+00 1.227413177490234375e+00 nan 1.172848701477050781e+00 1.079936265945434570e+00 9.966309070587158203e-01 9.201710224151611328e-01 8.455808162689208984e-01 8.011088371276855469e-01 0.000000000000000000e+00 0.000000000000000000e+00 0.000000000000000000e+00 0.000000000000000000e+00 0.000000000000000000e+00 0.000000000000000000e+00
7.063779830932617188e-01 7.659795284271240234e-01 8.109217882156372070e-01 8.472110033035278320e-01 8.693375587463378906e-01 9.113368988037109375e-01 9.797458648681640625e-01 1.044506549835205078e+00 1.124088048934936523e+00 1.206766843795776367e+00 nan 1.147854089736938477e+00 1.065603256225585938e+00 9.865020513534545898e-01 9.093022346496582031e-01 8.321123123168945312e-01 0.000000000000000000e+00 0.000000000000000000e+00 0.000000000000000000e+00 0.000000000000000000e+00 0.000000000000000000e+00 0.000000000000000000e+00
7.171055078506469727e-01 7.510522603988647461e-01 7.961241006851196289e-01 8.223918676376342773e-01 8.411915302276611328e-01 8.580189943313598633e-01 8.862676620483398438e-01 9.445891380310058594e-01 1.020281076431274414e+00 1.098919391632080078e+00 1.182188749313354492e+00 nan 1.136957645416259766e+00 1.055124044418334961e+00 9.752235412597656250e-01 8.954640626907348633e-01 0.000000000000000000e+00 0.000000000000000000e+00 0.000000000000000000e+00 0.000000000000000000e+00 0.000000000000000000e+00 0.000000000000000000e+00
7.314070463180541992e-01 7.497467994689941406e-01 7.762638330459594727e-01 7.982288599014282227e-01 8.103120326995849609e-01 8.171504735946655273e-01 8.222999572753906250e-01 8.599900007247924805e-01 9.344675540924072266e-01 1.011927127838134766e+00 1.092488288879394531e+00 1.193809747695922852e+00 nan 1.126116991043090820e+00 1.043421030044555664e+00 9.610062837600708008e-01 0.000000000000000000e+00 0.000000000000000000e+00 0.000000000000000000e+00 0.000000000000000000e+00 0.000000000000000000e+00 0.000000000000000000e+00
7.450728416442871094e-01 7.632617950439453125e-01 7.574293613433837891e-01 7.645903825759887695e-01 7.773154973983764648e-01 7.838660478591918945e-01 7.889212369918823242e-01 8.009375333786010742e-01 8.549499511718750000e-01 9.292254447937011719e-01 1.006475210189819336e+00 1.086818218231201172e+00 1.206981897354125977e+00 nan 1.113973140716552734e+00 1.028815031051635742e+00 0.000000000000000000e+00 0.000000000000000000e+00 0.000000000000000000e+00 0.000000000000000000e+00 0.000000000000000000e+00 0.000000000000000000e+00
7.588466405868530273e-01 7.660973072052001953e-01 7.589507102966308594e-01 7.415347099304199219e-01 7.332231998443603516e-01 7.414753437042236328e-01 7.497669458389282227e-01 7.618768215179443359e-01 7.967301607131958008e-01 8.499233722686767578e-01 9.239976406097412109e-01 1.001038074493408203e+00 1.090975046157836914e+00 1.219851970672607422e+00 nan 1.098968505859375000e+00 0.000000000000000000e+00 0.000000000000000000e+00 0.000000000000000000e+00 0.000000000000000000e+00 0.000000000000000000e+00 0.000000000000000000e+00
7.708761692047119141e-01 7.679708003997802734e-01 7.558711767196655273e-01 7.329925298690795898e-01 7.104119062423706055e-01 6.982723474502563477e-01 7.063580751419067383e-01 7.152187824249267578e-01 7.494932413101196289e-01 7.844523191452026367e-01 8.401240110397338867e-01 9.174841642379760742e-01 9.956154823303222656e-01 1.103529930114746094e+00 1.215578794479370117e+00 nan 0.000000000000000000e+00 0.000000000000000000e+00 0.000000000000000000e+00 0.000000000000000000e+00 0.000000000000000000e+00 0.000000000000000000e+00
7.520109415054321289e-01 7.518773078918457031e-01 7.387459278106689453e-01 7.227236032485961914e-01 7.020226716995239258e-01 6.798455715179443359e-01 6.640261411666870117e-01 6.719489097595214844e-01 7.031632661819458008e-01 7.371965646743774414e-01 7.719101905822753906e-01 8.265061378479003906e-01 9.032937288284301758e-01 9.860529899597167969e-01 1.102448225021362305e+00 1.193960189819335938e+00 nan 0.000000000000000000e+00 0.000000000000000000e+00 0.000000000000000000e+00 0.000000000000000000e+00 0.000000000000000000e+00
6.025692224502563477e-01 7.127839326858520508e-01 6.990662813186645508e-01 6.840716600418090820e-01 6.682780981063842773e-01 6.526327133178710938e-01 6.371339559555053711e-01 6.244902610778808594e-01 6.576400995254516602e-01 6.911922693252563477e-01 7.249864339828491211e-01 7.594559192657470703e-01 8.129891157150268555e-01 8.892084360122680664e-01 9.785203933715820312e-01 1.076987266540527344e+00 0.000000000000000000e+00 nan 0.000000000000000000e+00 0.000000000000000000e+00 0.000000000000000000e+00 0.000000000000000000e+00
5.522699356079101562e-01 5.521596670150756836e-01 6.354564428329467773e-01 6.462870836257934570e-01 6.308479309082031250e-01 6.155534982681274414e-01 6.004024744033813477e-01 5.853936672210693359e-01 5.922758579254150391e-01 6.286184787750244141e-01 6.657905578613281250e-01 7.038110494613647461e-01 7.426993846893310547e-01 7.995719909667968750e-01 8.734610080718994141e-01 9.545605182647705078e-01 0.000000000000000000e+00 0.000000000000000000e+00 nan 0.000000000000000000e+00 0.000000000000000000e+00 0.000000000000000000e+00
5.301891565322875977e-01 5.294581651687622070e-01 5.263830423355102539e-01 5.553559064865112305e-01 5.942574739456176758e-01 5.793062448501586914e-01 5.644952058792114258e-01 5.498230457305908203e-01 5.573773384094238281e-01 5.652266740798950195e-01 6.001049280166625977e-01 6.366263628005981445e-01 6.739811897277832031e-01 7.121887207031250000e-01 7.568076848983764648e-01 8.339508771896362305e-01 0.000000000000000000e+00 0.000000000000000000e+00 0.000000000000000000e+00 nan 0.000000000000000000e+00 0.000000000000000000e+00
5.065075159072875977e-01 5.070886611938476562e-01 5.045204162597656250e-01 5.004662275314331055e-01 4.991610050201416016e-01 5.438721179962158203e-01 5.293934345245361328e-01 5.164690017700195312e-01 5.241122245788574219e-01 5.317940711975097656e-01 5.395145416259765625e-01 5.720907449722290039e-01 6.079726219177246094e-01 6.446735858917236328e-01 6.833553314208984375e-01 7.246458530426025391e-01 0.000000000000000000e+00 0.000000000000000000e+00 0.000000000000000000e+00 0.000000000000000000e+00 nan 0.000000000000000000e+00
4.764453172683715820e-01 4.829790592193603516e-01 4.825370311737060547e-01 4.787207841873168945e-01 4.764671325683593750e-01 4.764386415481567383e-01 4.950792789459228516e-01 4.840778112411499023e-01 4.915578365325927734e-01 4.990755319595336914e-01 5.066310167312622070e-01 5.142246484756469727e-01 5.445669889450073242e-01 5.798206329345703125e-01 6.170018911361694336e-01 6.566648483276367188e-01 0.000000000000000000e+00 0.000000000000000000e+00 0.000000000000000000e+00 0.000000000000000000e+00 0.000000000000000000e+00 nan
