nan 1.132092952728271484e+00 1.078243494033813477e+00 1.026942014694213867e+00 9.813346862792968750e-01 9.717664718627929688e-01 9.606004953384399414e-01 9.493216276168823242e-01 9.379791021347045898e-01 9.548642635345458984e-01 8.903282880783081055e-01 8.348114490509033203e-01 7.688087224960327148e-01 7.072930335998535156e-01 6.522637605667114258e-01 5.990078449249267578e-01
1.067631721496582031e+00 nan 1.186759948730468750e+00 1.130271196365356445e+00 1.075220108032226562e+00 1.014783143997192383e+00 1.003060102462768555e+00 9.914051294326782227e-01 9.798182249069213867e-01 9.171266555786132812e-01 8.456910848617553711e-01 8.037265539169311523e-01 7.451212406158447266e-01 6.843866109848022461e-01 6.300954818725585938e-01 5.775542259216308594e-01
9.861662387847900391e-01 1.138689756393432617e+00 nan 1.256040811538696289e+00 1.193526506423950195e+00 1.124772787094116211e+00 1.058174848556518555e+00 1.034397363662719727e+00 9.851560592651367188e-01 9.113590717315673828e-01 8.021076917648315430e-01 7.731682062149047852e-01 7.217509746551513672e-01 6.617873907089233398e-01 6.082246303558349609e-01 5.563882589340209961e-01
9.038884639739990234e-01 1.050179719924926758e+00 1.215107202529907227e+00 nan 1.308631420135498047e+00 1.231937646865844727e+00 1.162670373916625977e+00 1.061791896820068359e+00 9.724357128143310547e-01 8.995035886764526367e-01 8.028004169464111328e-01 7.352428436279296875e-01 6.952954530715942383e-01 6.405599117279052734e-01 5.875917673110961914e-01 5.363337993621826172e-01
8.232083320617675781e-01 9.645909070968627930e-01 1.128685951232910156e+00 1.270925521850585938e+00 nan 1.359583854675292969e+00 1.247638225555419922e+00 1.109358072280883789e+00 9.742727279663085938e-01 8.847178220748901367e-01 7.927154302597045898e-01 7.193300724029541016e-01 6.756213903427124023e-01 6.215211153030395508e-01 5.691677331924438477e-01 5.185046195983886719e-01
7.870860099792480469e-01 8.856879472732543945e-01 1.035719871520996094e+00 1.170433044433593750e+00 1.341678857803344727e+00 nan 1.334406137466430664e+00 1.190788030624389648e+00 1.048721790313720703e+00 9.130135774612426758e-01 8.108782768249511719e-01 7.296253442764282227e-01 6.832456588745117188e-01 6.080964803695678711e-01 5.509575605392456055e-01 5.008823871612548828e-01
7.565135955810546875e-01 8.678030967712402344e-01 9.517514705657958984e-01 1.072206735610961914e+00 1.210239648818969727e+00 1.332836866378784180e+00 nan 1.275361776351928711e+00 1.125978708267211914e+00 9.851528406143188477e-01 8.352659940719604492e-01 7.676426172256469727e-01 7.213037014007568359e-01 6.367411613464355469e-01 5.611704587936401367e-01 5.045684576034545898e-01
7.220654487609863281e-01 8.387095928192138672e-01 9.168723821640014648e-01 9.716303348541259766e-01 1.044162988662719727e+00 1.156580209732055664e+00 1.275179624557495117e+00 nan 1.206149101257324219e+00 1.060012340545654297e+00 9.068025350570678711e-01 8.076089620590209961e-01 7.602221965789794922e-01 6.860347986221313477e-01 5.823087692260742188e-01 5.156137943267822266e-01
7.359857559204101562e-01 8.028998374938964844e-01 8.679676055908203125e-01 8.746708631515502930e-01 8.845814466476440430e-01 9.882217645645141602e-01 1.097562551498413086e+00 1.212916135787963867e+00 nan 1.137695074081420898e+00 9.987727403640747070e-01 8.827389478683471680e-01 8.000206947326660156e-01 7.368130683898925781e-01 6.299631595611572266e-01 5.296865701675415039e-01
7.747870683670043945e-01 7.806365489959716797e-01 7.680823802947998047e-01 7.746117115020751953e-01 7.811651229858398438e-01 8.294397592544555664e-01 9.338113069534301758e-01 1.040159702301025391e+00 1.158186912536621094e+00 nan 1.099367141723632812e+00 9.774936437606811523e-01 8.626952171325683594e-01 7.891206741333007812e-01 6.790528297424316406e-01 5.757561922073364258e-01
8.018718957901000977e-01 7.455999851226806641e-01 7.098256349563598633e-01 6.838561296463012695e-01 6.927005052566528320e-01 7.358839511871337891e-01 7.887983322143554688e-01 8.984309434890747070e-01 1.014782905578613281e+00 1.170166969299316406e+00 nan 1.077017307281494141e+00 9.564410448074340820e-01 8.425335884094238281e-01 7.286275625228881836e-01 6.209129095077514648e-01
7.292644977569580078e-01 6.986682415008544922e-01 6.766785383224487305e-01 6.540131568908691406e-01 6.319637298583984375e-01 6.698762178421020508e-01 7.182880640029907227e-01 7.697082757949829102e-01 8.781708478927612305e-01 9.932811260223388672e-01 1.135245800018310547e+00 nan 1.052417516708374023e+00 9.294894933700561523e-01 7.701408863067626953e-01 6.556897163391113281e-01
5.431869029998779297e-01 6.429594755172729492e-01 6.226124763488769531e-01 6.006779670715332031e-01 5.790399312973022461e-01 5.839686393737792969e-01 6.364533901214599609e-01 6.906772851943969727e-01 7.466977834701538086e-01 8.581271171569824219e-01 9.654954671859741211e-01 1.122271060943603516e+00 nan 1.009555578231811523e+00 8.550416231155395508e-01 6.912124156951904297e-01
5.115796327590942383e-01 5.088844299316406250e-01 5.457215309143066406e-01 5.490624904632568359e-01 5.281223058700561523e-01 5.351068973541259766e-01 5.462952852249145508e-01 5.952306985855102539e-01 6.480885744094848633e-01 7.026979923248291016e-01 7.956515550613403320e-01 9.188399314880371094e-01 1.065748214721679688e+00 nan 9.462018013000488281e-01 7.608511447906494141e-01
4.768565893173217773e-01 4.775749444961547852e-01 4.720182418823242188e-01 4.708237648010253906e-01 4.788465499877929688e-01 4.879702329635620117e-01 4.988151788711547852e-01 5.097390413284301758e-01 5.550464391708374023e-01 6.065728664398193359e-01 6.636645793914794922e-01 7.359831333160400391e-01 8.570758104324340820e-01 9.665546417236328125e-01 nan 8.544968366622924805e-01
4.301599264144897461e-01 4.393106698989868164e-01 4.373483657836914062e-01 4.348241090774536133e-01 4.349292516708374023e-01 4.387202262878417969e-01 4.494591951370239258e-01 4.602783918380737305e-01 4.711782932281494141e-01 4.909803867340087891e-01 5.465180873870849609e-01 6.073564291000366211e-01 6.737470626831054688e-01 7.502498626708984375e-01 8.599543571472167969e-01 nan
