nan 1.155194044113159180e+00 1.077735900878906250e+00 1.022295951843261719e+00 9.546732902526855469e-01 9.331018924713134766e-01 9.006941318511962891e-01 8.813496828079223633e-01 8.706951141357421875e-01 8.483297824859619141e-01 8.249373435974121094e-01 8.226861953735351562e-01 7.659298181533813477e-01 7.074402570724487305e-01 6.469194889068603516e-01 5.885440111160278320e-01
1.034200429916381836e+00 nan 1.197552919387817383e+00 1.120629549026489258e+00 1.045243740081787109e+00 9.667327404022216797e-01 9.342588186264038086e-01 9.233050346374511719e-01 9.124133586883544922e-01 8.578687906265258789e-01 8.192192316055297852e-01 7.926330566406250000e-01 7.432925701141357422e-01 6.873322725296020508e-01 6.331684589385986328e-01 5.807430744171142578e-01
9.550583362579345703e-01 1.100893020629882812e+00 nan 1.222995281219482422e+00 1.143513202667236328e+00 1.071040391921997070e+00 1.006454467773437500e+00 9.661962985992431641e-01 9.490971565246582031e-01 8.974374532699584961e-01 7.997413873672485352e-01 7.630752325057983398e-01 7.209454774856567383e-01 6.657025814056396484e-01 6.122329235076904297e-01 5.604797601699829102e-01
8.833011388778686523e-01 1.023591756820678711e+00 1.167768478393554688e+00 nan 1.271092891693115234e+00 1.177835464477539062e+00 1.110097646713256836e+00 1.044946193695068359e+00 9.783461093902587891e-01 9.001697301864624023e-01 8.034356832504272461e-01 7.299015522003173828e-01 7.000542879104614258e-01 6.453889608383178711e-01 5.924816131591796875e-01 5.412753820419311523e-01
8.089892864227294922e-01 9.474585056304931641e-01 1.081111669540405273e+00 1.202475070953369141e+00 nan 1.333330392837524414e+00 1.227601528167724609e+00 1.139189243316650391e+00 1.019760131835937500e+00 8.884121179580688477e-01 7.946883440017700195e-01 7.215107679367065430e-01 6.788318157196044922e-01 6.272799968719482422e-01 5.749549865722656250e-01 5.243122577667236328e-01
7.821292877197265625e-01 8.721132278442382812e-01 9.867936372756958008e-01 1.093319892883300781e+00 1.244612216949462891e+00 nan 1.397273063659667969e+00 1.241251707077026367e+00 1.093075037002563477e+00 9.492672681808471680e-01 8.133878707885742188e-01 7.393485307693481445e-01 6.938601732254028320e-01 6.139253377914428711e-01 5.576211214065551758e-01 5.075358152389526367e-01
7.521477937698364258e-01 8.478128910064697266e-01 9.038051366806030273e-01 9.946634769439697266e-01 1.129006385803222656e+00 1.304874897003173828e+00 nan 1.357977628707885742e+00 1.173322677612304688e+00 1.027985095977783203e+00 8.681380748748779297e-01 7.791846990585327148e-01 7.326545715332031250e-01 6.544421911239624023e-01 5.677919387817382812e-01 5.111199617385864258e-01
7.179967164993286133e-01 8.162326812744140625e-01 8.660571575164794922e-01 9.016667604446411133e-01 1.018132925033569336e+00 1.159066438674926758e+00 1.278113126754760742e+00 nan 1.283880233764648438e+00 1.107452869415283203e+00 9.499443769454956055e-01 8.368765115737915039e-01 7.723375558853149414e-01 7.056126594543457031e-01 6.009653806686401367e-01 5.229769945144653320e-01
7.291252613067626953e-01 7.777818441390991211e-01 8.213289976119995117e-01 8.515127897262573242e-01 9.060920476913452148e-01 9.917223453521728516e-01 1.101541757583618164e+00 1.217416286468505859e+00 nan 1.218541622161865234e+00 1.048732042312622070e+00 9.299359321594238281e-01 8.180279731750488281e-01 7.583657503128051758e-01 6.504819393157958984e-01 5.492172241210937500e-01
7.502738237380981445e-01 7.534887790679931641e-01 7.602461576461791992e-01 8.038024902343750000e-01 8.064956665039062500e-01 8.373485803604125977e-01 9.386559724807739258e-01 1.045594453811645508e+00 1.182419300079345703e+00 nan 1.182440519332885742e+00 1.027709960937500000e+00 9.101326465606689453e-01 8.059524297714233398e-01 7.015299797058105469e-01 5.971331596374511719e-01
7.620911598205566406e-01 7.538772821426391602e-01 7.373484373092651367e-01 7.188589572906494141e-01 7.308245897293090820e-01 7.547602653503417969e-01 8.161016702651977539e-01 9.222065210342407227e-01 1.034510612487792969e+00 1.200176954269409180e+00 nan 1.154123306274414062e+00 1.006903409957885742e+00 8.905327320098876953e-01 7.541569471359252930e-01 6.465312242507934570e-01
7.368799448013305664e-01 7.369856834411621094e-01 7.187491655349731445e-01 6.950101852416992188e-01 6.697125434875488281e-01 6.884320974349975586e-01 7.374737262725830078e-01 7.977672815322875977e-01 9.080637693405151367e-01 1.032531261444091797e+00 1.194276094436645508e+00 nan 1.127180099487304688e+00 9.859672784805297852e-01 8.376486301422119141e-01 6.961290836334228516e-01
5.626093149185180664e-01 6.723663806915283203e-01 6.634150743484497070e-01 6.409486532211303711e-01 6.187856197357177734e-01 6.067218780517578125e-01 6.600483655929565430e-01 7.150651216506958008e-01 7.789623737335205078e-01 8.879921436309814453e-01 1.016102313995361328e+00 1.186834573745727539e+00 nan 1.108433485031127930e+00 9.443033933639526367e-01 7.614400386810302734e-01
5.328353643417358398e-01 5.294640064239501953e-01 5.551495552062988281e-01 5.880939960479736328e-01 5.666261911392211914e-01 5.540035963058471680e-01 5.663410425186157227e-01 6.182416677474975586e-01 6.718620061874389648e-01 7.272592782974243164e-01 8.370704650878906250e-01 9.676829576492309570e-01 1.167124748229980469e+00 nan 1.070532798767089844e+00 8.506377935409545898e-01
4.973453283309936523e-01 4.979103803634643555e-01 4.920835494995117188e-01 4.908283948898315430e-01 5.161088705062866211e-01 5.062867403030395508e-01 5.172650814056396484e-01 5.283235311508178711e-01 5.774778127670288086e-01 6.297475099563598633e-01 6.885619163513183594e-01 7.790637016296386719e-01 9.043662548065185547e-01 1.057371854782104492e+00 nan 9.640846252441406250e-01
4.502704143524169922e-01 4.596428871154785156e-01 4.573048353195190430e-01 4.547021389007568359e-01 4.548088312149047852e-01 4.567940235137939453e-01 4.676679372787475586e-01 4.786230325698852539e-01 4.896599054336547852e-01 5.160166025161743164e-01 5.727013349533081055e-01 6.376602649688720703e-01 7.053025960922241211e-01 8.128641843795776367e-01 9.444088935852050781e-01 nan
