nan 1.194084882736206055e+00 1.102160692214965820e+00 1.066931247711181641e+00 1.036024332046508789e+00 9.931141138076782227e-01 9.645876884460449219e-01 9.533823728561401367e-01 9.473538398742675781e-01 9.397122859954833984e-01 9.321008920669555664e-01 9.245195388793945312e-01 9.169676303863525391e-01 9.288524389266967773e-01 9.122303724288940430e-01 8.885909318923950195e-01 0.000000000000000000e+00 0.000000000000000000e+00 0.000000000000000000e+00 0.000000000000000000e+00 0.000000000000000000e+00 0.000000000000000000e+00
1.106988430023193359e+00 nan 1.223849534988403320e+00 1.141069889068603516e+00 1.109054565429687500e+00 1.059717178344726562e+00 1.011650323867797852e+00 9.851064682006835938e-01 9.773167371749877930e-01 9.695577621459960938e-01 9.618293046951293945e-01 9.541312456130981445e-01 9.464631080627441406e-01 9.246734380722045898e-01 9.050883054733276367e-01 8.581089973449707031e-01 0.000000000000000000e+00 0.000000000000000000e+00 0.000000000000000000e+00 0.000000000000000000e+00 0.000000000000000000e+00 0.000000000000000000e+00
1.017216920852661133e+00 1.143407583236694336e+00 nan 1.254018068313598633e+00 1.179684638977050781e+00 1.131211996078491211e+00 1.094379663467407227e+00 1.054095268249511719e+00 1.009531974792480469e+00 9.998625516891479492e-01 9.920151233673095703e-01 9.841984510421752930e-01 9.752129316329956055e-01 9.512984752655029297e-01 8.743406534194946289e-01 8.281193971633911133e-01 0.000000000000000000e+00 0.000000000000000000e+00 0.000000000000000000e+00 0.000000000000000000e+00 0.000000000000000000e+00 0.000000000000000000e+00
9.625526666641235352e-01 1.062775373458862305e+00 1.180455923080444336e+00 nan 1.279408693313598633e+00 1.218859195709228516e+00 1.180511951446533203e+00 1.135547876358032227e+00 1.089217424392700195e+00 1.043892145156860352e+00 1.022665500640869141e+00 1.014728546142578125e+00 1.000309467315673828e+00 9.526982307434082031e-01 8.676532506942749023e-01 8.043482303619384766e-01 0.000000000000000000e+00 0.000000000000000000e+00 0.000000000000000000e+00 0.000000000000000000e+00 0.000000000000000000e+00 0.000000000000000000e+00
9.113553762435913086e-01 1.008831977844238281e+00 1.111279726028442383e+00 1.219370365142822266e+00 nan 1.338364601135253906e+00 1.264523506164550781e+00 1.215884447097778320e+00 1.168290376663208008e+00 1.121718406677246094e+00 1.076146364212036133e+00 1.044355392456054688e+00 1.000616073608398438e+00 9.493132829666137695e-01 8.678377866744995117e-01 8.029447793960571289e-01 0.000000000000000000e+00 0.000000000000000000e+00 0.000000000000000000e+00 0.000000000000000000e+00 0.000000000000000000e+00 0.000000000000000000e+00
8.573668003082275391e-01 9.551531076431274414e-01 1.058087587356567383e+00 1.167167663574218750e+00 1.273511409759521484e+00 nan 1.390070676803588867e+00 1.298188924789428711e+00 1.238347768783569336e+00 1.190064191818237305e+00 1.143024206161499023e+00 1.067368268966674805e+00 9.881294965744018555e-01 9.371466636657714844e-01 8.598600625991821289e-01 7.968860864639282227e-01 0.000000000000000000e+00 0.000000000000000000e+00 0.000000000000000000e+00 0.000000000000000000e+00 0.000000000000000000e+00 0.000000000000000000e+00
8.017455339431762695e-01 8.987640142440795898e-01 9.987295866012573242e-01 1.104875802993774414e+00 1.206014633178710938e+00 1.324414491653442383e+00 nan 1.435226440429687500e+00 1.334419250488281250e+00 1.273634910583496094e+00 1.195361614227294922e+00 1.097374200820922852e+00 1.000370025634765625e+00 9.250810146331787109e-01 8.519159555435180664e-01 7.908477783203125000e-01 0.000000000000000000e+00 0.000000000000000000e+00 0.000000000000000000e+00 0.000000000000000000e+00 0.000000000000000000e+00 0.000000000000000000e+00
7.807059288024902344e-01 8.481619358062744141e-01 9.410836696624755859e-01 1.041826725006103516e+00 1.137482643127441406e+00 1.240861892700195312e+00 1.374707698822021484e+00 nan 1.481235027313232422e+00 1.355760335922241211e+00 1.254665136337280273e+00 1.152721405029296875e+00 1.053157806396484375e+00 9.581985473632812500e-01 8.679004907608032227e-01 8.027906417846679688e-01 0.000000000000000000e+00 0.000000000000000000e+00 0.000000000000000000e+00 0.000000000000000000e+00 0.000000000000000000e+00 0.000000000000000000e+00
7.599120140075683594e-01 8.324089050292968750e-01 8.927963972091674805e-01 9.806668758392333984e-01 1.071080207824707031e+00 1.163453578948974609e+00 1.282342433929443359e+00 1.429764986038208008e+00 nan 1.466938972473144531e+00 1.315569639205932617e+00 1.209529161453247070e+00 1.107337474822998047e+00 1.009872436523437500e+00 8.980276584625244141e-01 8.203744888305664062e-01 0.000000000000000000e+00 0.000000000000000000e+00 0.000000000000000000e+00 0.000000000000000000e+00 0.000000000000000000e+00 0.000000000000000000e+00
7.386114597320556641e-01 8.110113143920898438e-01 8.774335384368896484e-01 9.339201450347900391e-01 1.006740570068359375e+00 1.096244335174560547e+00 1.200302839279174805e+00 1.319190740585327148e+00 1.431664943695068359e+00 nan 1.422604560852050781e+00 1.267836093902587891e+00 1.162947654724121094e+00 1.062910795211791992e+00 9.506148099899291992e-01 8.431680202484130859e-01 0.000000000000000000e+00 0.000000000000000000e+00 0.000000000000000000e+00 0.000000000000000000e+00 0.000000000000000000e+00 0.000000000000000000e+00
7.109098434448242188e-01 7.898634672164916992e-01 8.599817752838134766e-01 9.108489751815795898e-01 9.489498138427734375e-01 1.031122684478759766e+00 1.118307352066040039e+00 1.198079824447631836e+00 1.281290292739868164e+00 1.392866611480712891e+00 nan 1.369642257690429688e+00 1.220025539398193359e+00 1.117348909378051758e+00 1.004658937454223633e+00 8.959678411483764648e-01 0.000000000000000000e+00 0.000000000000000000e+00 0.000000000000000000e+00 0.000000000000000000e+00 0.000000000000000000e+00 0.000000000000000000e+00
7.073413133621215820e-01 7.689627408981323242e-01 8.370006084442138672e-01 8.880524635314941406e-01 9.221929311752319336e-01 9.589248895645141602e-01 1.006826162338256836e+00 1.078675985336303711e+00 1.157366514205932617e+00 1.239036083221435547e+00 1.350205659866333008e+00 nan 1.317837953567504883e+00 1.173223495483398438e+00 1.060200452804565430e+00 9.502801895141601562e-01 0.000000000000000000e+00 0.000000000000000000e+00 0.000000000000000000e+00 0.000000000000000000e+00 0.000000000000000000e+00 0.000000000000000000e+00
7.284095287322998047e-01 7.567052841186523438e-01 8.104913234710693359e-01 8.526614904403686523e-01 8.877643346786499023e-01 8.961682319641113281e-01 9.012120962142944336e-01 9.657589197158813477e-01 1.040174961090087891e+00 1.117407798767089844e+00 1.197564840316772461e+00 1.312894344329833984e+00 nan 1.267165422439575195e+00 1.118919849395751953e+00 1.015510797500610352e+00 0.000000000000000000e+00 0.000000000000000000e+00 0.000000000000000000e+00 0.000000000000000000e+00 0.000000000000000000e+00 0.000000000000000000e+00
7.540067434310913086e-01 7.682811021804809570e-01 7.805467844009399414e-01 8.118816614151000977e-01 8.288007974624633789e-01 8.336528539657592773e-01 8.372284173965454102e-01 8.589756488800048828e-01 9.293494224548339844e-01 1.002386808395385742e+00 1.078189611434936523e+00 1.156861543655395508e+00 1.290604829788208008e+00 nan 1.208809137344360352e+00 1.085332155227661133e+00 0.000000000000000000e+00 0.000000000000000000e+00 0.000000000000000000e+00 0.000000000000000000e+00 0.000000000000000000e+00 0.000000000000000000e+00
7.799829244613647461e-01 7.736020088195800781e-01 7.762904167175292969e-01 7.649632692337036133e-01 7.588782310485839844e-01 7.635445594787597656e-01 7.682232856750488281e-01 7.865633964538574219e-01 8.205314874649047852e-01 8.929026126861572266e-01 9.652392864227294922e-01 1.041636466979980469e+00 1.121003627777099609e+00 1.277443647384643555e+00 nan 1.184370994567871094e+00 0.000000000000000000e+00 0.000000000000000000e+00 0.000000000000000000e+00 0.000000000000000000e+00 0.000000000000000000e+00 0.000000000000000000e+00
8.022288084030151367e-01 7.872598171234130859e-01 7.584129571914672852e-01 7.332057952880859375e-01 7.087023258209228516e-01 7.008222341537475586e-01 7.070019245147705078e-01 7.234208583831787109e-01 7.558857202529907227e-01 7.904751300811767578e-01 8.636536598205566406e-01 9.417835474014282227e-01 1.023417472839355469e+00 1.121469497680664062e+00 1.269184589385986328e+00 nan 0.000000000000000000e+00 0.000000000000000000e+00 0.000000000000000000e+00 0.000000000000000000e+00 0.000000000000000000e+00 0.000000000000000000e+00
7.588905096054077148e-01 7.483588457107543945e-01 7.174489498138427734e-01 7.015595436096191406e-01 6.856020689010620117e-01 6.667070388793945312e-01 6.570047140121459961e-01 6.719486713409423828e-01 7.053582668304443359e-01 7.394355535507202148e-01 7.750291824340820312e-01 8.496527671813964844e-01 9.274133443832397461e-01 1.008443355560302734e+00 1.112843990325927734e+00 1.258135795593261719e+00 nan 0.000000000000000000e+00 0.000000000000000000e+00 0.000000000000000000e+00 0.000000000000000000e+00 0.000000000000000000e+00
6.099259853363037109e-01 6.917632818222045898e-01 6.782553195953369141e-01 6.633825302124023438e-01 6.477830410003662109e-01 6.323298215866088867e-01 6.170214414596557617e-01 6.172350645065307617e-01 6.541472673416137695e-01 6.919020414352416992e-01 7.272096872329711914e-01 7.618930339813232422e-01 8.359643220901489258e-01 9.131495952606201172e-01 9.913041591644287109e-01 1.098877429962158203e+00 0.000000000000000000e+00 nan 0.000000000000000000e+00 0.000000000000000000e+00 0.000000000000000000e+00 0.000000000000000000e+00
5.477665662765502930e-01 5.419318675994873047e-01 6.243138313293457031e-01 6.260621547698974609e-01 6.108126640319824219e-01 5.957061052322387695e-01 5.807412862777709961e-01 5.737116336822509766e-01 5.889209508895874023e-01 6.251869201660156250e-01 6.622806787490844727e-01 7.002211809158325195e-01 7.390275001525878906e-01 8.137602806091308594e-01 8.957808017730712891e-01 9.755682945251464844e-01 0.000000000000000000e+00 0.000000000000000000e+00 nan 0.000000000000000000e+00 0.000000000000000000e+00 0.000000000000000000e+00
5.203171968460083008e-01 5.193799734115600586e-01 5.163798332214355469e-01 5.447207689285278320e-01 5.746717453002929688e-01 5.599042177200317383e-01 5.452750921249389648e-01 5.400977134704589844e-01 5.478600263595581055e-01 5.611023902893066406e-01 5.967335700988769531e-01 6.331779956817626953e-01 6.704541444778442383e-01 7.085810899734497070e-01 7.695517539978027344e-01 8.500411510467529297e-01 0.000000000000000000e+00 0.000000000000000000e+00 0.000000000000000000e+00 nan 0.000000000000000000e+00 0.000000000000000000e+00
4.972883462905883789e-01 4.971578121185302734e-01 4.946603775024414062e-01 4.906327724456787109e-01 4.894453287124633789e-01 5.249054431915283203e-01 5.106045007705688477e-01 5.072017908096313477e-01 5.147982835769653320e-01 5.224331617355346680e-01 5.337710380554199219e-01 5.687782764434814453e-01 6.045845746994018555e-01 6.412081718444824219e-01 6.800652742385864258e-01 7.261188030242919922e-01 0.000000000000000000e+00 0.000000000000000000e+00 0.000000000000000000e+00 0.000000000000000000e+00 nan 0.000000000000000000e+00
4.666219949722290039e-01 4.731122255325317383e-01 4.722343683242797852e-01 4.684447050094604492e-01 4.663141965866088867e-01 4.663885831832885742e-01 4.742339849472045898e-01 4.748806953430175781e-01 4.824427366256713867e-01 4.899144172668457031e-01 4.974238872528076172e-01 5.069180727005004883e-01 5.413124561309814453e-01 5.764919519424438477e-01 6.138415336608886719e-01 6.541180610656738281e-01 0.000000000000000000e+00 0.000000000000000000e+00 0.000000000000000000e+00 0.000000000000000000e+00 0.000000000000000000e+00 nan
