nan 1.010286569595336914e+00 9.802266359329223633e-01 9.506161212921142578e-01 9.214485883712768555e-01 9.064091444015502930e-01 8.975862264633178711e-01 8.839644193649291992e-01 8.704401254653930664e-01 8.549233675003051758e-01 8.333384990692138672e-01 8.120050430297851562e-01 7.977173328399658203e-01 8.098824024200439453e-01 8.065643310546875000e-01 8.109890222549438477e-01 0.000000000000000000e+00 0.000000000000000000e+00 0.000000000000000000e+00 0.000000000000000000e+00 0.000000000000000000e+00 0.000000000000000000e+00
9.677875041961669922e-01 nan 1.051255464553833008e+00 1.020582914352416992e+00 9.903689622879028320e-01 9.452717304229736328e-01 9.144952297210693359e-01 9.007518291473388672e-01 8.870731592178344727e-01 8.686923980712890625e-01 8.468497991561889648e-01 8.252626657485961914e-01 8.039276599884033203e-01 7.934243679046630859e-01 7.867212295532226562e-01 7.896608114242553711e-01 0.000000000000000000e+00 0.000000000000000000e+00 0.000000000000000000e+00 0.000000000000000000e+00 0.000000000000000000e+00 0.000000000000000000e+00
9.143996238708496094e-01 1.012163400650024414e+00 nan 1.093059062957763672e+00 1.058422803878784180e+00 1.009392738342285156e+00 9.591413736343383789e-01 9.168928861618041992e-01 9.029133319854736328e-01 8.822358846664428711e-01 8.602348566055297852e-01 8.384910821914672852e-01 8.170015811920166016e-01 7.864780426025390625e-01 7.655770778656005859e-01 7.685836553573608398e-01 0.000000000000000000e+00 0.000000000000000000e+00 0.000000000000000000e+00 0.000000000000000000e+00 0.000000000000000000e+00 0.000000000000000000e+00
8.622840642929077148e-01 9.571516513824462891e-01 1.056851863861083984e+00 nan 1.126073360443115234e+00 1.074641227722167969e+00 1.022758007049560547e+00 9.721721410751342773e-01 9.222635030746459961e-01 8.958773612976074219e-01 8.737169504165649414e-01 8.518157005310058594e-01 8.228695392608642578e-01 7.921735048294067383e-01 7.567486763000488281e-01 7.477548122406005859e-01 0.000000000000000000e+00 0.000000000000000000e+00 0.000000000000000000e+00 0.000000000000000000e+00 0.000000000000000000e+00 0.000000000000000000e+00
8.155069351196289062e-01 9.049266576766967773e-01 1.001835584640502930e+00 1.103673934936523438e+00 nan 1.143503189086914062e+00 1.089761018753051758e+00 1.037366151809692383e+00 9.819833040237426758e-01 9.239162206649780273e-01 8.878711462020874023e-01 8.604683876037597656e-01 8.253041505813598633e-01 7.995803356170654297e-01 7.644931077957153320e-01 7.349503040313720703e-01 0.000000000000000000e+00 0.000000000000000000e+00 0.000000000000000000e+00 0.000000000000000000e+00 0.000000000000000000e+00 0.000000000000000000e+00
7.750273942947387695e-01 8.562654256820678711e-01 9.506986141204833984e-01 1.049935817718505859e+00 1.135650157928466797e+00 nan 1.162218570709228516e+00 1.103711366653442383e+00 1.042077779769897461e+00 9.822503328323364258e-01 9.202649593353271484e-01 8.610588312149047852e-01 8.293224573135375977e-01 8.035356998443603516e-01 7.684777975082397461e-01 7.390038967132568359e-01 0.000000000000000000e+00 0.000000000000000000e+00 0.000000000000000000e+00 0.000000000000000000e+00 0.000000000000000000e+00 0.000000000000000000e+00
7.638262510299682617e-01 8.073949813842773438e-01 8.998900651931762695e-01 9.928746223449707031e-01 1.075109720230102539e+00 1.150733232498168945e+00 nan 1.169613599777221680e+00 1.103994607925415039e+00 1.041236400604248047e+00 9.571453332901000977e-01 8.765184879302978516e-01 8.333495855331420898e-01 8.064284324645996094e-01 7.724714279174804688e-01 7.430669069290161133e-01 0.000000000000000000e+00 0.000000000000000000e+00 0.000000000000000000e+00 0.000000000000000000e+00 0.000000000000000000e+00 0.000000000000000000e+00
7.489172220230102539e-01 7.978677749633789062e-01 8.502932786941528320e-01 9.306503534317016602e-01 1.006386280059814453e+00 1.079505443572998047e+00 1.163918018341064453e+00 nan 1.182393789291381836e+00 1.091879606246948242e+00 1.003800153732299805e+00 9.208825826644897461e-01 8.537807464599609375e-01 8.123836517333984375e-01 7.785736322402954102e-01 7.471395730972290039e-01 0.000000000000000000e+00 0.000000000000000000e+00 0.000000000000000000e+00 0.000000000000000000e+00 0.000000000000000000e+00 0.000000000000000000e+00
7.341343164443969727e-01 7.884519100189208984e-01 8.342500925064086914e-01 8.797303438186645508e-01 9.399390220642089844e-01 1.010636329650878906e+00 1.083910226821899414e+00 1.182322502136230469e+00 nan 1.161361932754516602e+00 1.070356845855712891e+00 9.884235858917236328e-01 9.189622402191162109e-01 8.486101627349853516e-01 8.062741756439208984e-01 7.728886604309082031e-01 0.000000000000000000e+00 0.000000000000000000e+00 0.000000000000000000e+00 0.000000000000000000e+00 0.000000000000000000e+00 0.000000000000000000e+00
7.188715934753417969e-01 7.750902175903320312e-01 8.205751180648803711e-01 8.586603403091430664e-01 8.811609745025634766e-01 9.440481662750244141e-01 1.014895439147949219e+00 1.087246417999267578e+00 1.169165134429931641e+00 nan 1.139124631881713867e+00 1.058339595794677734e+00 9.864358901977539062e-01 9.124690294265747070e-01 8.392322063446044922e-01 8.005441427230834961e-01 0.000000000000000000e+00 0.000000000000000000e+00 0.000000000000000000e+00 0.000000000000000000e+00 0.000000000000000000e+00 0.000000000000000000e+00
7.061272859573364258e-01 7.600859403610229492e-01 8.076604604721069336e-01 8.350100517272949219e-01 8.548225164413452148e-01 8.796653747558593750e-01 9.347110986709594727e-01 9.929245710372924805e-01 1.071141719818115234e+00 1.152428388595581055e+00 nan 1.130713939666748047e+00 1.056282043457031250e+00 9.785339832305908203e-01 9.027671813964843750e-01 8.286310434341430664e-01 0.000000000000000000e+00 0.000000000000000000e+00 0.000000000000000000e+00 0.000000000000000000e+00 0.000000000000000000e+00 0.000000000000000000e+00
7.204636335372924805e-01 7.452086210250854492e-01 7.917125225067138672e-01 8.185228109359741211e-01 8.358926773071289062e-01 8.472412824630737305e-01 8.563976287841796875e-01 9.104321002960205078e-01 9.869294166564941406e-01 1.066489458084106445e+00 1.149235725402832031e+00 nan 1.128386259078979492e+00 1.046880960464477539e+00 9.684966802597045898e-01 8.892751932144165039e-01 0.000000000000000000e+00 0.000000000000000000e+00 0.000000000000000000e+00 0.000000000000000000e+00 0.000000000000000000e+00 0.000000000000000000e+00
7.347645759582519531e-01 7.531837224960327148e-01 7.723587751388549805e-01 7.977670431137084961e-01 8.082814216613769531e-01 8.134057521820068359e-01 8.185446262359619141e-01 8.319025039672851562e-01 9.052553176879882812e-01 9.815450906753540039e-01 1.060889720916748047e+00 1.147022008895874023e+00 nan 1.117588996887207031e+00 1.036497116088867188e+00 9.546033143997192383e-01 0.000000000000000000e+00 0.000000000000000000e+00 0.000000000000000000e+00 0.000000000000000000e+00 0.000000000000000000e+00 0.000000000000000000e+00
7.484569549560546875e-01 7.673115730285644531e-01 7.648886442184448242e-01 7.611577510833740234e-01 7.695430517196655273e-01 7.779681682586669922e-01 7.852345705032348633e-01 7.921403646469116211e-01 8.269385099411010742e-01 9.000923633575439453e-01 9.761755466461181641e-01 1.055305004119873047e+00 1.159913063049316406e+00 nan 1.106846332550048828e+00 1.022190809249877930e+00 0.000000000000000000e+00 0.000000000000000000e+00 0.000000000000000000e+00 0.000000000000000000e+00 0.000000000000000000e+00 0.000000000000000000e+00
7.622574567794799805e-01 7.737334966659545898e-01 7.654333114624023438e-01 7.424299716949462891e-01 7.256435155868530273e-01 7.338597774505615234e-01 7.421149015426635742e-01 7.504096031188964844e-01 7.841614484786987305e-01 8.216178417205810547e-01 8.949435949325561523e-01 9.708204269409179688e-01 1.049735546112060547e+00 1.172882080078125000e+00 nan 1.092115163803100586e+00 0.000000000000000000e+00 0.000000000000000000e+00 0.000000000000000000e+00 0.000000000000000000e+00 0.000000000000000000e+00 0.000000000000000000e+00
7.761667966842651367e-01 7.756150960922241211e-01 7.567740678787231445e-01 7.338836193084716797e-01 7.112914323806762695e-01 6.908456087112426758e-01 6.988960504531860352e-01 7.069847583770751953e-01 7.369134426116943359e-01 7.716213464736938477e-01 8.081370592117309570e-01 8.841524124145507812e-01 9.633635282516479492e-01 1.058667421340942383e+00 1.179626464843750000e+00 nan 0.000000000000000000e+00 0.000000000000000000e+00 0.000000000000000000e+00 0.000000000000000000e+00 0.000000000000000000e+00 0.000000000000000000e+00
7.565221786499023438e-01 7.499412298202514648e-01 7.366405725479125977e-01 7.206196784973144531e-01 7.028977870941162109e-01 6.807093620300292969e-01 6.588100194931030273e-01 6.646374464035034180e-01 6.909165382385253906e-01 7.247052192687988281e-01 7.591691017150878906e-01 7.947559356689453125e-01 8.702086210250854492e-01 9.488337039947509766e-01 1.063025236129760742e+00 1.156928777694702148e+00 nan 0.000000000000000000e+00 0.000000000000000000e+00 0.000000000000000000e+00 0.000000000000000000e+00 0.000000000000000000e+00
5.957992076873779297e-01 7.106982469558715820e-01 6.970089673995971680e-01 6.820149421691894531e-01 6.662408113479614258e-01 6.506145000457763672e-01 6.351345777511596680e-01 6.198000907897949219e-01 6.435695886611938477e-01 6.790317296981811523e-01 7.125829458236694336e-01 7.468044757843017578e-01 7.817100286483764648e-01 8.563683032989501953e-01 9.416599273681640625e-01 1.040707588195800781e+00 0.000000000000000000e+00 nan 0.000000000000000000e+00 0.000000000000000000e+00 0.000000000000000000e+00 0.000000000000000000e+00
5.467991828918457031e-01 5.465828180313110352e-01 6.283860206604003906e-01 6.442764997482299805e-01 6.288563013076782227e-01 6.135804653167724609e-01 5.984480381011962891e-01 5.834574699401855469e-01 5.853633880615234375e-01 6.147944927215576172e-01 6.516510248184204102e-01 6.893486976623535156e-01 7.279070615768432617e-01 7.673454284667968750e-01 8.426302671432495117e-01 9.191278219223022461e-01 0.000000000000000000e+00 0.000000000000000000e+00 nan 0.000000000000000000e+00 0.000000000000000000e+00 0.000000000000000000e+00
5.247962474822998047e-01 5.239628553390502930e-01 5.209139585494995117e-01 5.486320257186889648e-01 5.923105478286743164e-01 5.773774385452270508e-01 5.625845193862915039e-01 5.479303598403930664e-01 5.515006780624389648e-01 5.593204498291015625e-01 5.865229368209838867e-01 6.227343082427978516e-01 6.597720384597778320e-01 6.976552009582519531e-01 7.364029884338378906e-01 8.003292083740234375e-01 0.000000000000000000e+00 0.000000000000000000e+00 0.000000000000000000e+00 nan 0.000000000000000000e+00 0.000000000000000000e+00
5.016665458679199219e-01 5.016736984252929688e-01 4.991296529769897461e-01 4.950900077819824219e-01 4.938199520111083984e-01 5.419867038726806641e-01 5.275256633758544922e-01 5.132002830505371094e-01 5.183612108230590820e-01 5.260139703750610352e-01 5.337053537368774414e-01 5.587464570999145508e-01 5.943237543106079102e-01 6.307131052017211914e-01 6.679331064224243164e-01 7.088148593902587891e-01 0.000000000000000000e+00 0.000000000000000000e+00 0.000000000000000000e+00 0.000000000000000000e+00 nan 0.000000000000000000e+00
4.715188741683959961e-01 4.780309200286865234e-01 4.771440029144287109e-01 4.733417034149169922e-01 4.711264371871948242e-01 4.711786508560180664e-01 4.930725097656250000e-01 4.792493581771850586e-01 4.859294891357421875e-01 4.934188127517700195e-01 5.009459257125854492e-01 5.085109472274780273e-01 5.314562320709228516e-01 5.664107799530029297e-01 6.021630764007568359e-01 6.414579153060913086e-01 0.000000000000000000e+00 0.000000000000000000e+00 0.000000000000000000e+00 0.000000000000000000e+00 0.000000000000000000e+00 nan
