nan 1.083099365234375000e+00 1.036123037338256836e+00 9.882073402404785156e-01 9.475811719894409180e-01 9.274188280105590820e-01 8.965785503387451172e-01 8.796325922012329102e-01 8.689883947372436523e-01 8.857372999191284180e-01 8.547031879425048828e-01 8.103152513504028320e-01 7.679603099822998047e-01 7.112081050872802734e-01 6.562777757644653320e-01 6.031106710433959961e-01
1.049883127212524414e+00 nan 1.142451524734497070e+00 1.084883689880371094e+00 1.011341094970703125e+00 9.498044252395629883e-01 9.324938058853149414e-01 9.215500354766845703e-01 9.106682538986206055e-01 8.805564641952514648e-01 8.116196393966674805e-01 7.804658412933349609e-01 7.452970743179321289e-01 6.892724037170410156e-01 6.350462436676025391e-01 5.825606584548950195e-01
9.696276187896728516e-01 1.116549015045166016e+00 nan 1.186146259307861328e+00 1.107981681823730469e+00 1.042261600494384766e+00 9.785730838775634766e-01 9.644020795822143555e-01 9.528371095657348633e-01 8.815041780471801758e-01 7.783966064453125000e-01 7.511087656021118164e-01 7.229242324829101562e-01 6.676177978515625000e-01 6.140866279602050781e-01 5.622739791870117188e-01
8.964594602584838867e-01 1.037729978561401367e+00 1.189524412155151367e+00 nan 1.218930006027221680e+00 1.150418281555175781e+00 1.084021568298339844e+00 1.019675016403198242e+00 9.470163583755493164e-01 8.753106594085693359e-01 7.813466787338256836e-01 7.174535989761352539e-01 7.015399932861328125e-01 6.468269824981689453e-01 5.938732624053955078e-01 5.426223278045654297e-01
8.201647996902465820e-01 9.601863622665405273e-01 1.102849245071411133e+00 1.228042125701904297e+00 nan 1.268965482711791992e+00 1.184123754501342773e+00 1.070341587066650391e+00 9.418905973434448242e-01 8.584272861480712891e-01 7.727063894271850586e-01 7.066375017166137695e-01 6.828129291534423828e-01 6.287021636962890625e-01 5.763312578201293945e-01 5.256444215774536133e-01
7.829543352127075195e-01 8.790519237518310547e-01 1.007546424865722656e+00 1.117261886596679688e+00 1.278330326080322266e+00 nan 1.287869453430175781e+00 1.147414922714233398e+00 1.009610652923583984e+00 8.767486810684204102e-01 7.857789993286132812e-01 7.269599437713623047e-01 6.817955970764160156e-01 6.107769012451171875e-01 5.589823722839355469e-01 5.088531970977783203e-01
7.529590129852294922e-01 8.509415388107299805e-01 9.161723852157592773e-01 1.019916534423828125e+00 1.160987854003906250e+00 1.313321590423583984e+00 nan 1.231704711914062500e+00 1.086658954620361328e+00 9.487024545669555664e-01 8.139519691467285156e-01 7.665126323699951172e-01 7.203139066696166992e-01 6.391391754150390625e-01 5.644332170486450195e-01 5.078827142715454102e-01
7.200896739959716797e-01 8.246887922286987305e-01 8.781791925430297852e-01 9.299068450927734375e-01 1.035117387771606445e+00 1.145727872848510742e+00 1.264039039611816406e+00 nan 1.166660785675048828e+00 1.023565292358398438e+00 9.039465188980102539e-01 8.069710731506347656e-01 7.597008943557739258e-01 6.895025968551635742e-01 5.855629444122314453e-01 5.191808938980102539e-01
7.210140228271484375e-01 7.860587835311889648e-01 8.381907939910888672e-01 8.660128116607666016e-01 8.828552961349487305e-01 9.794175624847412109e-01 1.089916229248046875e+00 1.208553314208984375e+00 nan 1.120598793029785156e+00 1.000037193298339844e+00 8.839299678802490234e-01 7.994877099990844727e-01 7.403851747512817383e-01 6.333154439926147461e-01 5.328327417373657227e-01
7.417055368423461914e-01 7.572948932647705078e-01 7.753998041152954102e-01 7.849553823471069336e-01 7.936187982559204102e-01 8.398275375366210938e-01 9.441585540771484375e-01 1.055771112442016602e+00 1.190454721450805664e+00 nan 1.100695371627807617e+00 9.787445068359375000e-01 8.638736009597778320e-01 7.919335365295410156e-01 6.825060844421386719e-01 5.789972543716430664e-01
7.622153759002685547e-01 7.546092271804809570e-01 7.222788333892822266e-01 7.118263244628906250e-01 7.236113548278808594e-01 7.582168579101562500e-01 8.216475248336791992e-01 9.332934617996215820e-01 1.047729253768920898e+00 1.209477186203002930e+00 nan 1.078331232070922852e+00 9.576785564422607422e-01 8.440306186676025391e-01 7.331783771514892578e-01 6.265519857406616211e-01
7.354946136474609375e-01 7.228639125823974609e-01 7.004696130752563477e-01 6.774828433990478516e-01 6.621891260147094727e-01 6.913598775863647461e-01 7.403945922851562500e-01 8.022069931030273438e-01 9.126613140106201172e-01 1.033848285675048828e+00 1.197514057159423828e+00 nan 1.056205034255981445e+00 9.368371963500976562e-01 7.853764295578002930e-01 6.745171546936035156e-01
5.553272962570190430e-01 6.663616895675659180e-01 6.456364393234252930e-01 6.233907938003540039e-01 6.014457941055297852e-01 6.083812713623046875e-01 6.616749763488769531e-01 7.167345285415649414e-01 7.829737663269042969e-01 8.922493457794189453e-01 1.009970664978027344e+00 1.186588048934936523e+00 nan 1.030811548233032227e+00 8.798170089721679688e-01 7.128849029541015625e-01
5.234713554382324219e-01 5.208245515823364258e-01 5.677739381790161133e-01 5.710428953170776367e-01 5.498056411743164062e-01 5.474263429641723633e-01 5.678657293319702148e-01 6.198168992996215820e-01 6.734895706176757812e-01 7.289406061172485352e-01 8.370740413665771484e-01 9.653655290603637695e-01 1.155955314636230469e+00 nan 9.750093221664428711e-01 7.875988483428955078e-01
4.888987541198730469e-01 4.892164468765258789e-01 4.836666584014892578e-01 4.826196432113647461e-01 4.998306035995483398e-01 4.999114274978637695e-01 5.108432769775390625e-01 5.283708572387695312e-01 5.790133476257324219e-01 6.313339471817016602e-01 6.883674860000610352e-01 7.780750989913940430e-01 9.033080339431762695e-01 1.035474061965942383e+00 nan 8.812196254730224609e-01
4.422725439071655273e-01 4.515008926391601562e-01 4.491758346557617188e-01 4.467841386795043945e-01 4.468901157379150391e-01 4.507200717926025391e-01 4.615486860275268555e-01 4.724581241607666016e-01 4.834489822387695312e-01 5.183905363082885742e-01 5.740747451782226562e-01 6.372056007385253906e-01 7.048290967941284180e-01 8.133906126022338867e-01 9.270526170730590820e-01 nan
