nan 9.969242811203002930e-01 9.670641422271728516e-01 9.376505613327026367e-01 9.086767435073852539e-01 8.999744653701782227e-01 8.914989233016967773e-01 8.779206275939941406e-01 8.644398450851440430e-01 8.510557413101196289e-01 8.316998481750488281e-01 8.103853464126586914e-01 7.986404895782470703e-01 8.108223676681518555e-01 8.087331056594848633e-01 8.098893165588378906e-01 0.000000000000000000e+00 0.000000000000000000e+00 0.000000000000000000e+00 0.000000000000000000e+00 0.000000000000000000e+00 0.000000000000000000e+00
9.604601860046386719e-01 nan 1.037620782852172852e+00 1.007152080535888672e+00 9.771391153335571289e-01 9.342194795608520508e-01 9.083534479141235352e-01 8.946543931961059570e-01 8.810533285140991211e-01 8.671361207962036133e-01 8.454092741012573242e-01 8.239352703094482422e-01 8.027111291885375977e-01 7.926156520843505859e-01 7.874577045440673828e-01 7.887033224105834961e-01 0.000000000000000000e+00 0.000000000000000000e+00 0.000000000000000000e+00 0.000000000000000000e+00 0.000000000000000000e+00 0.000000000000000000e+00
9.073343276977539062e-01 1.004737138748168945e+00 nan 1.079146623611450195e+00 1.046877384185791016e+00 9.984291791915893555e-01 9.486855268478393555e-01 9.115370512008666992e-01 8.978149890899658203e-01 8.811109066009521484e-01 8.592214584350585938e-01 8.375867605209350586e-01 8.162035942077636719e-01 7.780339717864990234e-01 7.663874626159667969e-01 7.676916122436523438e-01 0.000000000000000000e+00 0.000000000000000000e+00 0.000000000000000000e+00 0.000000000000000000e+00 0.000000000000000000e+00 0.000000000000000000e+00
8.556478023529052734e-01 9.504110813140869141e-01 1.050013780593872070e+00 nan 1.115277290344238281e+00 1.064423561096191406e+00 1.013036966323852539e+00 9.629297256469726562e-01 9.147208929061889648e-01 8.950878381729125977e-01 8.729367256164550781e-01 8.510445356369018555e-01 8.139389753341674805e-01 7.856879234313964844e-01 7.558664083480834961e-01 7.468731403350830078e-01 0.000000000000000000e+00 0.000000000000000000e+00 0.000000000000000000e+00 0.000000000000000000e+00 0.000000000000000000e+00 0.000000000000000000e+00
8.097615242004394531e-01 8.994543552398681641e-01 9.963238239288330078e-01 1.098133563995361328e+00 nan 1.133790969848632812e+00 1.080292224884033203e+00 1.028134822845458984e+00 9.763603210449218750e-01 9.184579849243164062e-01 8.871458768844604492e-01 8.514132499694824219e-01 8.186285495758056641e-01 7.929989099502563477e-01 7.635338306427001953e-01 7.317458391189575195e-01 0.000000000000000000e+00 0.000000000000000000e+00 0.000000000000000000e+00 0.000000000000000000e+00 0.000000000000000000e+00 0.000000000000000000e+00
7.709010839462280273e-01 8.514925241470336914e-01 9.456828832626342773e-01 1.044664859771728516e+00 1.131115436553955078e+00 nan 1.152421712875366211e+00 1.097743034362792969e+00 1.036284685134887695e+00 9.766266345977783203e-01 9.040615558624267578e-01 8.520007133483886719e-01 8.226321935653686523e-01 7.969461679458618164e-01 7.675162553787231445e-01 7.357920408248901367e-01 0.000000000000000000e+00 0.000000000000000000e+00 0.000000000000000000e+00 0.000000000000000000e+00 0.000000000000000000e+00 0.000000000000000000e+00
7.613780498504638672e-01 8.057711124420166016e-01 8.959803581237792969e-01 9.896821975708007812e-01 1.072279453277587891e+00 1.150177478790283203e+00 nan 1.161347627639770508e+00 1.098025560379028320e+00 1.024012327194213867e+00 9.406306743621826172e-01 8.608520030975341797e-01 8.266447782516479492e-01 8.009020090103149414e-01 7.715077400207519531e-01 7.398476600646972656e-01 0.000000000000000000e+00 0.000000000000000000e+00 0.000000000000000000e+00 0.000000000000000000e+00 0.000000000000000000e+00 0.000000000000000000e+00
7.464896440505981445e-01 7.960083484649658203e-01 8.486309051513671875e-01 9.299273490905761719e-01 1.005867958068847656e+00 1.078968048095703125e+00 1.161278009414672852e+00 nan 1.165021896362304688e+00 1.073862791061401367e+00 9.865422248840332031e-01 9.066543579101562500e-01 8.400493860244750977e-01 8.075990676879882812e-01 7.768334150314331055e-01 7.439126968383789062e-01 0.000000000000000000e+00 0.000000000000000000e+00 0.000000000000000000e+00 0.000000000000000000e+00 0.000000000000000000e+00 0.000000000000000000e+00
7.317273616790771484e-01 7.866023778915405273e-01 8.326021432876586914e-01 8.800158500671386719e-01 9.394377470016479492e-01 1.010116815567016602e+00 1.083371877670288086e+00 1.174779176712036133e+00 nan 1.142746925354003906e+00 1.052525758743286133e+00 9.736950397491455078e-01 9.047480821609497070e-01 8.382098674774169922e-01 8.042948246002197266e-01 7.705496549606323242e-01 0.000000000000000000e+00 0.000000000000000000e+00 0.000000000000000000e+00 0.000000000000000000e+00 0.000000000000000000e+00 0.000000000000000000e+00
7.166823148727416992e-01 7.726263999938964844e-01 8.198235034942626953e-01 8.589425086975097656e-01 8.819175958633422852e-01 9.435458183288574219e-01 1.010918378829956055e+00 1.076501607894897461e+00 1.157998561859130859e+00 nan 1.120701074600219727e+00 1.043093204498291016e+00 9.717220067977905273e-01 9.028441905975341797e-01 8.320294618606567383e-01 7.981685400009155273e-01 0.000000000000000000e+00 0.000000000000000000e+00 0.000000000000000000e+00 0.000000000000000000e+00 0.000000000000000000e+00 0.000000000000000000e+00
7.044967412948608398e-01 7.576429843902587891e-01 8.071738481521606445e-01 8.348256349563598633e-01 8.555685281753540039e-01 8.787477016448974609e-01 9.233466386795043945e-01 9.826653003692626953e-01 1.060479640960693359e+00 1.141836881637573242e+00 nan 1.114931344985961914e+00 1.041050672531127930e+00 9.692738056182861328e-01 8.938616514205932617e-01 8.262183666229248047e-01 0.000000000000000000e+00 0.000000000000000000e+00 0.000000000000000000e+00 0.000000000000000000e+00 0.000000000000000000e+00 0.000000000000000000e+00
7.188192605972290039e-01 7.427862882614135742e-01 7.909656763076782227e-01 8.183400630950927734e-01 8.357081413269042969e-01 8.426780700683593750e-01 8.490585088729858398e-01 9.048612117767333984e-01 9.817512035369873047e-01 1.061744689941406250e+00 1.144967079162597656e+00 nan 1.112817049026489258e+00 1.037300825119018555e+00 9.592835903167724609e-01 8.810293674468994141e-01 0.000000000000000000e+00 0.000000000000000000e+00 0.000000000000000000e+00 0.000000000000000000e+00 0.000000000000000000e+00 0.000000000000000000e+00
7.329742908477783203e-01 7.513891458511352539e-01 7.716199159622192383e-01 7.997958660125732422e-01 8.073295354843139648e-01 8.124511241912841797e-01 8.175872564315795898e-01 8.290898799896240234e-01 9.022185802459716797e-01 9.783868789672851562e-01 1.057605028152465820e+00 1.139995098114013672e+00 nan 1.107677936553955078e+00 1.026965618133544922e+00 9.460724592208862305e-01 0.000000000000000000e+00 0.000000000000000000e+00 0.000000000000000000e+00 0.000000000000000000e+00 0.000000000000000000e+00 0.000000000000000000e+00
7.466524839401245117e-01 7.662839889526367188e-01 7.663904428482055664e-01 7.577629089355468750e-01 7.661319971084594727e-01 7.745409011840820312e-01 7.829898595809936523e-01 7.925052642822265625e-01 8.248168230056762695e-01 8.970639705657958984e-01 9.730259180068969727e-01 1.052029371261596680e+00 1.147791385650634766e+00 nan 1.096985578536987305e+00 1.013364791870117188e+00 0.000000000000000000e+00 0.000000000000000000e+00 0.000000000000000000e+00 0.000000000000000000e+00 0.000000000000000000e+00 0.000000000000000000e+00
7.604387998580932617e-01 7.751827239990234375e-01 7.616715431213378906e-01 7.387173175811767578e-01 7.223172187805175781e-01 7.305176258087158203e-01 7.387567758560180664e-01 7.471113204956054688e-01 7.820230722427368164e-01 8.176321983337402344e-01 8.919233083724975586e-01 9.676793813705444336e-01 1.046468734741210938e+00 1.153598546981811523e+00 nan 1.082983970642089844e+00 0.000000000000000000e+00 0.000000000000000000e+00 0.000000000000000000e+00 0.000000000000000000e+00 0.000000000000000000e+00 0.000000000000000000e+00
7.743337154388427734e-01 7.722471952438354492e-01 7.530307769775390625e-01 7.301890850067138672e-01 7.076450586318969727e-01 6.875863075256347656e-01 6.956212520599365234e-01 7.036943435668945312e-01 7.348314523696899414e-01 7.694977521896362305e-01 8.048567771911621094e-01 8.785121440887451172e-01 9.574860334396362305e-01 1.049411773681640625e+00 1.159421443939208984e+00 nan 0.000000000000000000e+00 0.000000000000000000e+00 0.000000000000000000e+00 0.000000000000000000e+00 0.000000000000000000e+00 0.000000000000000000e+00
7.525130510330200195e-01 7.447721958160400391e-01 7.316066026687622070e-01 7.155952453613281250e-01 6.992692947387695312e-01 6.771280765533447266e-01 6.552754640579223633e-01 6.614286899566650391e-01 6.888898611068725586e-01 7.226380109786987305e-01 7.570606470108032227e-01 7.921711206436157227e-01 8.646103143692016602e-01 9.429998397827148438e-01 1.052019834518432617e+00 1.136725664138793945e+00 nan 0.000000000000000000e+00 0.000000000000000000e+00 0.000000000000000000e+00 0.000000000000000000e+00 0.000000000000000000e+00
5.965195894241333008e-01 7.056856155395507812e-01 6.920897960662841797e-01 6.771032810211181641e-01 6.613751649856567383e-01 6.457943916320800781e-01 6.303597688674926758e-01 6.150699853897094727e-01 6.406211853027343750e-01 6.770192384719848633e-01 7.105301618576049805e-01 7.447108030319213867e-01 7.795745134353637695e-01 8.508111238479614258e-01 9.313021898269653320e-01 1.032819271087646484e+00 0.000000000000000000e+00 nan 0.000000000000000000e+00 0.000000000000000000e+00 0.000000000000000000e+00 0.000000000000000000e+00
5.430499315261840820e-01 5.428895950317382812e-01 6.292628049850463867e-01 6.394751071929931641e-01 6.240997314453125000e-01 6.088685989379882812e-01 5.937802791595458984e-01 5.788334608078002930e-01 5.820870399475097656e-01 6.118975877761840820e-01 6.486880779266357422e-01 6.863182783126831055e-01 7.248073816299438477e-01 7.641749382019042969e-01 8.371143341064453125e-01 9.128179550170898438e-01 0.000000000000000000e+00 0.000000000000000000e+00 nan 0.000000000000000000e+00 0.000000000000000000e+00 0.000000000000000000e+00
5.211002826690673828e-01 5.203236341476440430e-01 5.173524618148803711e-01 5.494354963302612305e-01 5.876607894897460938e-01 5.727713108062744141e-01 5.580215454101562500e-01 5.434101819992065430e-01 5.482943058013916016e-01 5.560978651046752930e-01 5.836769342422485352e-01 6.198232173919677734e-01 6.567946672439575195e-01 6.946098804473876953e-01 7.332881689071655273e-01 7.939894199371337891e-01 0.000000000000000000e+00 0.000000000000000000e+00 0.000000000000000000e+00 nan 0.000000000000000000e+00 0.000000000000000000e+00
4.982630014419555664e-01 4.980877637863159180e-01 4.956190586090087891e-01 4.915889501571655273e-01 4.903851747512817383e-01 5.374839305877685547e-01 5.230650901794433594e-01 5.087814331054687500e-01 5.152232646942138672e-01 5.228602886199951172e-01 5.305356979370117188e-01 5.559502840042114258e-01 5.914636850357055664e-01 6.277878284454345703e-01 6.649410724639892578e-01 7.053116559982299805e-01 0.000000000000000000e+00 0.000000000000000000e+00 0.000000000000000000e+00 0.000000000000000000e+00 nan 0.000000000000000000e+00
4.682115316390991211e-01 4.747087955474853516e-01 4.736597537994384766e-01 4.698663949966430664e-01 4.677186012268066406e-01 4.677931070327758789e-01 4.888929128646850586e-01 4.754222631454467773e-01 4.828586578369140625e-01 4.903324842453002930e-01 4.978439807891845703e-01 5.053933858871459961e-01 5.287090539932250977e-01 5.636007785797119141e-01 5.992888212203979492e-01 6.380928754806518555e-01 0.000000000000000000e+00 0.000000000000000000e+00 0.000000000000000000e+00 0.000000000000000000e+00 0.000000000000000000e+00 nan
