nan 9.573293924331665039e-01 9.148628711700439453e-01 8.761830329895019531e-01 8.656451702117919922e-01 8.460240364074707031e-01 8.248170614242553711e-01 7.973606586456298828e-01 7.773116827011108398e-01 8.047528266906738281e-01 8.190194368362426758e-01 8.294379711151123047e-01 8.282467126846313477e-01 7.693184614181518555e-01 7.107007503509521484e-01 6.496918201446533203e-01
9.193931818008422852e-01 nan 1.013305902481079102e+00 9.529986381530761719e-01 8.883076906204223633e-01 8.684484958648681641e-01 8.441330194473266602e-01 8.232303857803344727e-01 8.025645017623901367e-01 7.844555377960205078e-01 7.911247014999389648e-01 7.983982563018798828e-01 8.037172555923461914e-01 7.455798387527465820e-01 6.893162727355957031e-01 6.348661184310913086e-01
8.624657392501831055e-01 9.754154682159423828e-01 nan 1.046162605285644531e+00 9.726617336273193359e-01 9.018007516860961914e-01 8.706760406494140625e-01 8.494724035263061523e-01 8.285090923309326172e-01 7.928681373596191406e-01 7.607349157333374023e-01 7.678850889205932617e-01 7.750642299652099609e-01 7.221595048904418945e-01 6.666508913040161133e-01 6.129312515258789062e-01
8.044344186782836914e-01 9.145056009292602539e-01 1.033133983612060547e+00 nan 1.068893909454345703e+00 9.914132356643676758e-01 9.182128906250000000e-01 8.738983869552612305e-01 8.472453355789184570e-01 8.009845018386840820e-01 7.587000131607055664e-01 7.370319366455078125e-01 7.441865205764770508e-01 6.996828317642211914e-01 6.448056697845458984e-01 5.917004346847534180e-01
7.815262079238891602e-01 8.521840572357177734e-01 9.583324193954467773e-01 1.062686204910278320e+00 nan 1.079214096069335938e+00 9.993904829025268555e-01 9.212731122970581055e-01 8.518584966659545898e-01 8.051583766937255859e-01 7.646384239196777344e-01 7.254559993743896484e-01 7.113815546035766602e-01 6.799578666687011719e-01 6.257177591323852539e-01 5.732287168502807617e-01
7.668775320053100586e-01 8.295731544494628906e-01 8.808870315551757812e-01 9.745606184005737305e-01 1.072241544723510742e+00 nan 1.091291189193725586e+00 9.865921735763549805e-01 8.842238187789916992e-01 8.102380037307739258e-01 7.705969810485839844e-01 7.312822341918945312e-01 6.928402185440063477e-01 6.604619026184082031e-01 6.068512201309204102e-01 5.549714565277099609e-01
7.453455924987792969e-01 8.149847984313964844e-01 8.578741550445556641e-01 8.946402072906494141e-01 9.882692098617553711e-01 1.105865240097045898e+00 nan 1.088272094726562500e+00 9.789587259292602539e-01 8.704322576522827148e-01 8.035504817962646484e-01 7.562701702117919922e-01 7.102292776107788086e-01 6.521024703979492188e-01 5.882036685943603516e-01 5.369259119033813477e-01
7.286261320114135742e-01 7.964169979095458984e-01 8.338108062744140625e-01 8.591649532318115234e-01 9.021764993667602539e-01 9.857015609741210938e-01 1.101565361022949219e+00 nan 1.078456640243530273e+00 9.644738435745239258e-01 8.534970283508300781e-01 7.959793806076049805e-01 7.488975524902343750e-01 7.018587589263916016e-01 5.976696014404296875e-01 5.397444963455200195e-01
7.496461868286132812e-01 7.700750827789306641e-01 8.035780191421508789e-01 8.211095333099365234e-01 8.313760757446289062e-01 8.688861131668090820e-01 9.779338836669921875e-01 1.096646785736083984e+00 nan 1.063243150711059570e+00 9.467799663543701172e-01 8.365863561630249023e-01 7.884399890899658203e-01 7.415556907653808594e-01 6.452608108520507812e-01 5.510479211807250977e-01
7.709218263626098633e-01 7.752207517623901367e-01 7.598631381988525391e-01 7.758466005325317383e-01 7.831201553344726562e-01 7.932978868484497070e-01 8.615753650665283203e-01 9.701966047286987305e-01 1.114855051040649414e+00 nan 1.044683694839477539e+00 9.260544776916503906e-01 8.288764953613281250e-01 7.809323072433471680e-01 6.948111057281494141e-01 5.905451774597167969e-01
7.856954336166381836e-01 7.779701948165893555e-01 7.532854080200195312e-01 7.203829288482666016e-01 7.271863222122192383e-01 7.390773296356201172e-01 7.872495651245117188e-01 8.542932271957397461e-01 9.624893665313720703e-01 1.133221149444580078e+00 nan 1.022989034652709961e+00 9.055494070053100586e-01 8.211990594863891602e-01 7.458539009094238281e-01 6.384477615356445312e-01
7.695517539978027344e-01 7.641931772232055664e-01 7.408771514892578125e-01 7.082076072692871094e-01 6.761510372161865234e-01 6.771038770675659180e-01 7.199398279190063477e-01 7.698031663894653320e-01 8.402962684631347656e-01 9.714229106903076172e-01 1.126304626464843750e+00 nan 1.001452207565307617e+00 8.852630853652954102e-01 7.984338998794555664e-01 6.877928972244262695e-01
5.731103420257568359e-01 6.811115741729736328e-01 6.853442192077636719e-01 6.625616550445556641e-01 6.400871276855468750e-01 6.179164648056030273e-01 6.495848894119262695e-01 7.025054693222045898e-01 7.518633604049682617e-01 8.206565380096435547e-01 9.503512382507324219e-01 1.110980510711669922e+00 nan 9.801445007324218750e-01 8.632202148437500000e-01 7.386242151260375977e-01
5.408902168273925781e-01 5.377653837203979492e-01 5.632929801940917969e-01 6.089508533477783203e-01 5.872009992599487305e-01 5.657452344894409180e-01 5.727912187576293945e-01 6.080312728881835938e-01 6.613134145736694336e-01 7.163610458374023438e-01 7.800943851470947266e-01 9.175623655319213867e-01 1.100484848022460938e+00 nan 9.590640068054199219e-01 7.909864187240600586e-01
5.047986507415771484e-01 5.060520172119140625e-01 5.001935958862304688e-01 4.987294673919677734e-01 5.360202789306640625e-01 5.152562856674194336e-01 5.244973897933959961e-01 5.356085300445556641e-01 5.675246715545654297e-01 6.194645166397094727e-01 6.758307218551635742e-01 7.384133338928222656e-01 8.401798009872436523e-01 1.000332355499267578e+00 nan 8.962181806564331055e-01
4.583592414855957031e-01 4.676903486251831055e-01 4.660068750381469727e-01 4.631912708282470703e-01 4.632985591888427734e-01 4.645183086395263672e-01 4.754499197006225586e-01 4.864630699157714844e-01 4.975584745407104492e-01 5.139660835266113281e-01 5.692517757415771484e-01 6.298643350601196289e-01 6.971845626831054688e-01 7.712767124176025391e-01 8.945147991180419922e-01 nan
