nan 1.199455738067626953e+00 1.106234312057495117e+00 1.070997238159179688e+00 1.040029525756835938e+00 9.941028356552124023e-01 9.647195339202880859e-01 9.418570995330810547e-01 9.192607402801513672e-01 8.969273567199707031e-01 8.867561817169189453e-01 8.793525695800781250e-01 8.716839551925659180e-01 8.643057346343994141e-01 8.478425741195678711e-01 8.314026594161987305e-01 0.000000000000000000e+00 0.000000000000000000e+00 0.000000000000000000e+00 0.000000000000000000e+00 0.000000000000000000e+00 0.000000000000000000e+00
1.244601488113403320e+00 nan 1.228646039962768555e+00 1.145281553268432617e+00 1.110248565673828125e+00 1.060739040374755859e+00 1.005773544311523438e+00 9.563912153244018555e-01 9.336258172988891602e-01 9.233341217041015625e-01 9.157868623733520508e-01 9.082692861557006836e-01 8.954648971557617188e-01 8.602669239044189453e-01 8.438323736190795898e-01 8.274282217025756836e-01 0.000000000000000000e+00 0.000000000000000000e+00 0.000000000000000000e+00 0.000000000000000000e+00 0.000000000000000000e+00 0.000000000000000000e+00
1.115810155868530273e+00 1.281469821929931641e+00 nan 1.262394428253173828e+00 1.180766105651855469e+00 1.129166841506958008e+00 1.069081306457519531e+00 1.008519649505615234e+00 9.622641801834106445e-01 9.529275894165039062e-01 9.452643394470214844e-01 9.376310110092163086e-01 9.195481538772583008e-01 8.823487758636474609e-01 8.398308753967285156e-01 8.234623670578002930e-01 0.000000000000000000e+00 0.000000000000000000e+00 0.000000000000000000e+00 0.000000000000000000e+00 0.000000000000000000e+00 0.000000000000000000e+00
1.024290084838867188e+00 1.152381181716918945e+00 1.326169013977050781e+00 nan 1.286231279373168945e+00 1.198743581771850586e+00 1.134387016296386719e+00 1.085315227508544922e+00 1.040074586868286133e+00 9.958159923553466797e-01 9.751952886581420898e-01 9.633314609527587891e-01 9.439375400543212891e-01 9.100130796432495117e-01 8.584015369415283203e-01 8.195049762725830078e-01 0.000000000000000000e+00 0.000000000000000000e+00 0.000000000000000000e+00 0.000000000000000000e+00 0.000000000000000000e+00 0.000000000000000000e+00
9.694343805313110352e-01 1.070008516311645508e+00 1.189584970474243164e+00 1.371744394302368164e+00 nan 1.309363603591918945e+00 1.224014997482299805e+00 1.168005466461181641e+00 1.120970726013183594e+00 1.074956655502319336e+00 1.029940605163574219e+00 9.882764816284179688e-01 9.686362743377685547e-01 9.380836486816406250e-01 8.857448101043701172e-01 8.377507925033569336e-01 0.000000000000000000e+00 0.000000000000000000e+00 0.000000000000000000e+00 0.000000000000000000e+00 0.000000000000000000e+00 0.000000000000000000e+00
9.184352159500122070e-01 1.016272783279418945e+00 1.119100093841552734e+00 1.224078655242919922e+00 1.399431467056274414e+00 nan 1.360133647918701172e+00 1.267121791839599609e+00 1.208089828491210938e+00 1.152536392211914062e+00 1.103295087814331055e+00 1.045826911926269531e+00 9.916926622390747070e-01 9.649180173873901367e-01 9.121594429016113281e-01 8.486379384994506836e-01 0.000000000000000000e+00 0.000000000000000000e+00 0.000000000000000000e+00 0.000000000000000000e+00 0.000000000000000000e+00 0.000000000000000000e+00
8.631612062454223633e-01 9.612525701522827148e-01 1.064508199691772461e+00 1.161302804946899414e+00 1.262125968933105469e+00 1.449565172195434570e+00 nan 1.404723644256591797e+00 1.302862644195556641e+00 1.242899894714355469e+00 1.175268411636352539e+00 1.105974435806274414e+00 1.048275470733642578e+00 9.890327453613281250e-01 9.120701551437377930e-01 8.424259424209594727e-01 0.000000000000000000e+00 0.000000000000000000e+00 0.000000000000000000e+00 0.000000000000000000e+00 0.000000000000000000e+00 0.000000000000000000e+00
8.094252347946166992e-01 9.046874046325683594e-01 1.004964828491210938e+00 1.093007087707519531e+00 1.176753282546997070e+00 1.295015096664428711e+00 1.506357192993164062e+00 nan 1.450155258178710938e+00 1.339759826660156250e+00 1.262277364730834961e+00 1.190211772918701172e+00 1.120441436767578125e+00 1.037656068801879883e+00 9.050573110580444336e-01 8.362345695495605469e-01 0.000000000000000000e+00 0.000000000000000000e+00 0.000000000000000000e+00 0.000000000000000000e+00 0.000000000000000000e+00 0.000000000000000000e+00
7.870566844940185547e-01 8.497538566589355469e-01 9.456430673599243164e-01 1.026869773864746094e+00 1.104044198989868164e+00 1.210504055023193359e+00 1.348224401473999023e+00 1.564466714859008789e+00 nan 1.486844301223754883e+00 1.363088369369506836e+00 1.277818918228149414e+00 1.192846536636352539e+00 1.091427087783813477e+00 9.562159776687622070e-01 8.499665260314941406e-01 0.000000000000000000e+00 0.000000000000000000e+00 0.000000000000000000e+00 0.000000000000000000e+00 0.000000000000000000e+00 0.000000000000000000e+00
7.660309076309204102e-01 8.334215879440307617e-01 8.872977495193481445e-01 9.628221988677978516e-01 1.036454439163208008e+00 1.131046533584594727e+00 1.251422643661499023e+00 1.402667522430419922e+00 1.626535177230834961e+00 nan 1.511639595031738281e+00 1.376255273818969727e+00 1.250713348388671875e+00 1.146617650985717773e+00 1.010415315628051758e+00 8.929015398025512695e-01 0.000000000000000000e+00 0.000000000000000000e+00 0.000000000000000000e+00 0.000000000000000000e+00 0.000000000000000000e+00 0.000000000000000000e+00
7.378922700881958008e-01 8.174700736999511719e-01 8.665821552276611328e-01 9.051394462585449219e-01 9.731905460357666016e-01 1.061197996139526367e+00 1.170494318008422852e+00 1.289731264114379883e+00 1.447870254516601562e+00 1.706954479217529297e+00 nan 1.490872144699096680e+00 1.324306249618530273e+00 1.203264236450195312e+00 1.066116571426391602e+00 9.471261501312255859e-01 0.000000000000000000e+00 0.000000000000000000e+00 0.000000000000000000e+00 0.000000000000000000e+00 0.000000000000000000e+00 0.000000000000000000e+00
7.122479677200317383e-01 7.962471246719360352e-01 8.460940122604370117e-01 8.789073228836059570e-01 9.118913412094116211e-01 9.933382272720336914e-01 1.082601308822631836e+00 1.194062709808349609e+00 1.311489820480346680e+00 1.483315467834472656e+00 1.710772514343261719e+00 nan 1.453205108642578125e+00 1.273492336273193359e+00 1.123360157012939453e+00 1.002903699874877930e+00 0.000000000000000000e+00 0.000000000000000000e+00 0.000000000000000000e+00 0.000000000000000000e+00 0.000000000000000000e+00 0.000000000000000000e+00
7.123023271560668945e-01 7.719509601593017578e-01 8.243433237075805664e-01 8.486573696136474609e-01 8.775507211685180664e-01 9.197217226028442383e-01 9.997136592864990234e-01 1.102391958236694336e+00 1.214912652969360352e+00 1.302401304244995117e+00 1.459337234497070312e+00 1.681143522262573242e+00 nan 1.416109323501586914e+00 1.185401916503906250e+00 1.060279130935668945e+00 0.000000000000000000e+00 0.000000000000000000e+00 0.000000000000000000e+00 0.000000000000000000e+00 0.000000000000000000e+00 0.000000000000000000e+00
7.259008884429931641e-01 7.468795776367187500e-01 7.874342203140258789e-01 8.129645586013793945e-01 8.439216613769531250e-01 8.754074573516845703e-01 9.258617162704467773e-01 1.014551162719726562e+00 1.097912549972534180e+00 1.177331447601318359e+00 1.259756803512573242e+00 1.435589790344238281e+00 1.653128623962402344e+00 nan 1.321073055267333984e+00 1.119298458099365234e+00 0.000000000000000000e+00 0.000000000000000000e+00 0.000000000000000000e+00 0.000000000000000000e+00 0.000000000000000000e+00 0.000000000000000000e+00
7.437046766281127930e-01 7.488678693771362305e-01 7.494044303894042969e-01 7.733199596405029297e-01 8.108946084976196289e-01 8.418165445327758789e-01 8.732662200927734375e-01 9.115854501724243164e-01 9.839508533477783203e-01 1.059055328369140625e+00 1.137003183364868164e+00 1.228592872619628906e+00 1.412072181701660156e+00 1.625406742095947266e+00 nan 1.254631042480468750e+00 0.000000000000000000e+00 0.000000000000000000e+00 0.000000000000000000e+00 0.000000000000000000e+00 0.000000000000000000e+00 0.000000000000000000e+00
7.695285081863403320e-01 7.538453340530395508e-01 7.431297302246093750e-01 7.419438362121582031e-01 7.722796201705932617e-01 8.088276386260986328e-01 8.239166736602783203e-01 8.252620697021484375e-01 8.761789798736572266e-01 9.472037553787231445e-01 1.020917415618896484e+00 1.097421407699584961e+00 1.205514430999755859e+00 1.390097141265869141e+00 1.537475585937500000e+00 nan 0.000000000000000000e+00 0.000000000000000000e+00 0.000000000000000000e+00 0.000000000000000000e+00 0.000000000000000000e+00 0.000000000000000000e+00
7.658314704895019531e-01 7.629556655883789062e-01 7.444696426391601562e-01 7.436883449554443359e-01 7.457973957061767578e-01 7.574954032897949219e-01 7.640719413757324219e-01 7.706730365753173828e-01 7.976112365722656250e-01 8.495248556137084961e-01 9.216254949569702148e-01 9.965364933013916016e-01 1.075895786285400391e+00 1.201811552047729492e+00 1.329543352127075195e+00 1.513920783996582031e+00 nan 0.000000000000000000e+00 0.000000000000000000e+00 0.000000000000000000e+00 0.000000000000000000e+00 0.000000000000000000e+00
6.201380491256713867e-01 7.212749719619750977e-01 7.186802625656127930e-01 7.145749330520629883e-01 7.159656286239624023e-01 7.039791345596313477e-01 7.086768150329589844e-01 7.169570922851562500e-01 7.428276538848876953e-01 7.758218050003051758e-01 8.299659490585327148e-01 9.034944772720336914e-01 9.774917364120483398e-01 1.073370933532714844e+00 1.166448831558227539e+00 1.322236299514770508e+00 0.000000000000000000e+00 nan 0.000000000000000000e+00 0.000000000000000000e+00 0.000000000000000000e+00 0.000000000000000000e+00
5.839059352874755859e-01 5.757339000701904297e-01 6.721608638763427734e-01 6.839457750320434570e-01 6.681672334671020508e-01 6.525365114212036133e-01 6.370522975921630859e-01 6.361426115036010742e-01 6.680613756179809570e-01 7.061337232589721680e-01 7.450751066207885742e-01 8.043502569198608398e-01 8.802065849304199219e-01 9.592328071594238281e-01 1.050875186920166016e+00 1.160933494567871094e+00 0.000000000000000000e+00 0.000000000000000000e+00 nan 0.000000000000000000e+00 0.000000000000000000e+00 0.000000000000000000e+00
5.657852888107299805e-01 5.564975738525390625e-01 5.575177669525146484e-01 5.988659858703613281e-01 6.307678222656250000e-01 6.154741048812866211e-01 6.003237962722778320e-01 5.853157043457031250e-01 6.022862195968627930e-01 6.388573646545410156e-01 6.762630939483642578e-01 7.145227193832397461e-01 7.626550197601318359e-01 8.444525003433227539e-01 9.254443645477294922e-01 1.027271747589111328e+00 0.000000000000000000e+00 0.000000000000000000e+00 0.000000000000000000e+00 nan 0.000000000000000000e+00 0.000000000000000000e+00
5.474208593368530273e-01 5.375425815582275391e-01 5.352091789245605469e-01 5.310722589492797852e-01 5.299464464187622070e-01 5.792285203933715820e-01 5.644181966781616211e-01 5.497467517852783203e-01 5.559306144714355469e-01 5.742337703704833984e-01 6.101646423339843750e-01 6.469154357910156250e-01 6.845052242279052734e-01 7.230172157287597656e-01 7.972401380538940430e-01 8.812110424041748047e-01 0.000000000000000000e+00 0.000000000000000000e+00 0.000000000000000000e+00 0.000000000000000000e+00 nan 0.000000000000000000e+00
5.291875600814819336e-01 5.135793685913085938e-01 5.132200717926025391e-01 5.091423988342285156e-01 5.068632364273071289e-01 5.067576169967651367e-01 5.293182134628295898e-01 5.150603055953979492e-01 5.226964950561523438e-01 5.303710699081420898e-01 5.466724634170532227e-01 5.819742679595947266e-01 6.180816888809204102e-01 6.551004648208618164e-01 6.956977844238281250e-01 7.552008628845214844e-01 0.000000000000000000e+00 0.000000000000000000e+00 0.000000000000000000e+00 0.000000000000000000e+00 0.000000000000000000e+00 nan
