nan 1.044098854064941406e+00 1.013292074203491211e+00 9.829493761062622070e-01 9.530643224716186523e-01 9.271408319473266602e-01 9.184820652008056641e-01 9.044909477233886719e-01 8.855371475219726562e-01 8.634974956512451172e-01 8.417156934738159180e-01 8.201884031295776367e-01 8.068553209304809570e-01 8.190777301788330078e-01 8.069814443588256836e-01 8.137793540954589844e-01 0.000000000000000000e+00 0.000000000000000000e+00 0.000000000000000000e+00 0.000000000000000000e+00 0.000000000000000000e+00 0.000000000000000000e+00
1.013702869415283203e+00 nan 1.084393739700317383e+00 1.052979469299316406e+00 1.021032810211181641e+00 9.733797311782836914e-01 9.345858097076416016e-01 9.204773902893066406e-01 8.992024660110473633e-01 8.770031929016113281e-01 8.550634384155273438e-01 8.333802223205566406e-01 8.119502067565917969e-01 7.992336750030517578e-01 7.885615825653076172e-01 7.924386262893676758e-01 0.000000000000000000e+00 0.000000000000000000e+00 0.000000000000000000e+00 0.000000000000000000e+00 0.000000000000000000e+00 0.000000000000000000e+00
9.580813646316528320e-01 1.057829141616821289e+00 nan 1.125482797622680664e+00 1.087454080581665039e+00 1.037835121154785156e+00 9.868723154067993164e-01 9.361773729324340820e-01 9.129668474197387695e-01 8.906067609786987305e-01 8.685079813003540039e-01 8.466675281524658203e-01 8.250824213027954102e-01 7.957119941711425781e-01 7.663660049438476562e-01 7.713288068771362305e-01 0.000000000000000000e+00 0.000000000000000000e+00 0.000000000000000000e+00 0.000000000000000000e+00 0.000000000000000000e+00 0.000000000000000000e+00
9.040029048919677734e-01 1.000995635986328125e+00 1.102929592132568359e+00 nan 1.156058549880981445e+00 1.104007005691528320e+00 1.051389455795288086e+00 9.967751502990722656e-01 9.382182359695434570e-01 9.043089151382446289e-01 8.820497989654541016e-01 8.600512742996215820e-01 8.362787961959838867e-01 7.981905937194824219e-01 7.581582069396972656e-01 7.504674196243286133e-01 0.000000000000000000e+00 0.000000000000000000e+00 0.000000000000000000e+00 0.000000000000000000e+00 0.000000000000000000e+00 0.000000000000000000e+00
8.524577617645263672e-01 9.466972351074218750e-01 1.045731067657470703e+00 1.149802684783935547e+00 nan 1.172835350036621094e+00 1.118357658386230469e+00 1.059175014495849609e+00 9.988466501235961914e-01 9.402611255645751953e-01 8.956899642944335938e-01 8.735319375991821289e-01 8.421277999877929688e-01 7.992199659347534180e-01 7.662495374679565430e-01 7.388839721679687500e-01 0.000000000000000000e+00 0.000000000000000000e+00 0.000000000000000000e+00 0.000000000000000000e+00 0.000000000000000000e+00 0.000000000000000000e+00
7.986655235290527344e-01 8.932520151138305664e-01 9.928125143051147461e-01 1.092157125473022461e+00 1.177269697189331055e+00 nan 1.185644149780273438e+00 1.121610403060913086e+00 1.059452533721923828e+00 9.991159439086914062e-01 9.405467510223388672e-01 8.828554153442382812e-01 8.369474411010742188e-01 8.004333972930908203e-01 7.710442543029785156e-01 7.437254190444946289e-01 0.000000000000000000e+00 0.000000000000000000e+00 0.000000000000000000e+00 0.000000000000000000e+00 0.000000000000000000e+00 0.000000000000000000e+00
7.703096866607666016e-01 8.381756544113159180e-01 9.348397254943847656e-01 1.027630090713500977e+00 1.110303640365600586e+00 1.193796634674072266e+00 nan 1.197462797164916992e+00 1.123177528381347656e+00 1.059729814529418945e+00 9.926559925079345703e-01 9.103019237518310547e-01 8.364346027374267578e-01 8.033211231231689453e-01 7.751822471618652344e-01 7.477995157241821289e-01 0.000000000000000000e+00 0.000000000000000000e+00 0.000000000000000000e+00 0.000000000000000000e+00 0.000000000000000000e+00 0.000000000000000000e+00
7.559128999710083008e-01 8.072772026062011719e-01 8.785536289215087891e-01 9.630538225173950195e-01 1.040414810180664062e+00 1.114773750305175781e+00 1.212455034255981445e+00 nan 1.210407018661499023e+00 1.132871627807617188e+00 1.043066501617431641e+00 9.556047916412353516e-01 8.692944049835205078e-01 8.118460178375244141e-01 7.796205282211303711e-01 7.518832683563232422e-01 0.000000000000000000e+00 0.000000000000000000e+00 0.000000000000000000e+00 0.000000000000000000e+00 0.000000000000000000e+00 0.000000000000000000e+00
7.410708665847778320e-01 7.937840223312377930e-01 8.501728773117065430e-01 9.005345106124877930e-01 9.728405475616455078e-01 1.044736862182617188e+00 1.128564119338989258e+00 1.231272697448730469e+00 nan 1.203716039657592773e+00 1.110927581787109375e+00 1.019356250762939453e+00 9.338678121566772461e-01 8.598113059997558594e-01 8.072110414505004883e-01 7.744451761245727539e-01 0.000000000000000000e+00 0.000000000000000000e+00 0.000000000000000000e+00 0.000000000000000000e+00 0.000000000000000000e+00 0.000000000000000000e+00
7.255622148513793945e-01 7.821905612945556641e-01 8.299504518508911133e-01 8.721191883087158203e-01 9.075040817260742188e-01 9.770194292068481445e-01 1.049068212509155273e+00 1.146667957305908203e+00 1.232622623443603516e+00 nan 1.181042909622192383e+00 1.085186004638671875e+00 1.000671863555908203e+00 9.240572452545166016e-01 8.490715026855468750e-01 8.021250963211059570e-01 0.000000000000000000e+00 0.000000000000000000e+00 0.000000000000000000e+00 0.000000000000000000e+00 0.000000000000000000e+00 0.000000000000000000e+00
7.073975801467895508e-01 7.671263217926025391e-01 8.111642599105834961e-01 8.468297719955444336e-01 8.689517974853515625e-01 9.115445613861083984e-01 9.787627458572387695e-01 1.046988964080810547e+00 1.126667022705078125e+00 1.209446191787719727e+00 nan 1.153161525726318359e+00 1.069783687591552734e+00 9.905225038528442383e-01 9.129133224487304688e-01 8.355556726455688477e-01 0.000000000000000000e+00 0.000000000000000000e+00 0.000000000000000000e+00 0.000000000000000000e+00 0.000000000000000000e+00 0.000000000000000000e+00
7.178475856781005859e-01 7.521893978118896484e-01 7.965040206909179688e-01 8.225066661834716797e-01 8.396975994110107422e-01 8.565113544464111328e-01 8.891745805740356445e-01 9.469501972198486328e-01 1.022734165191650391e+00 1.101467847824096680e+00 1.184799671173095703e+00 nan 1.141282796859741211e+00 1.059283494949340820e+00 9.789593219757080078e-01 8.990266323089599609e-01 0.000000000000000000e+00 0.000000000000000000e+00 0.000000000000000000e+00 0.000000000000000000e+00 0.000000000000000000e+00 0.000000000000000000e+00
7.322145700454711914e-01 7.502616643905639648e-01 7.754862308502197266e-01 7.972539663314819336e-01 8.093305826187133789e-01 8.176201581954956055e-01 8.227709531784057617e-01 8.614099025726318359e-01 9.359441995620727539e-01 1.013462781906127930e+00 1.094085693359375000e+00 1.197917699813842773e+00 nan 1.130419969558715820e+00 1.047285795211791992e+00 9.646919965744018555e-01 0.000000000000000000e+00 0.000000000000000000e+00 0.000000000000000000e+00 0.000000000000000000e+00 0.000000000000000000e+00 0.000000000000000000e+00
7.458868026733398438e-01 7.635822296142578125e-01 7.568053007125854492e-01 7.637438774108886719e-01 7.789269685745239258e-01 7.843271493911743164e-01 7.893836498260498047e-01 8.008151054382324219e-01 8.563660383224487305e-01 9.306981563568115234e-01 1.008006811141967773e+00 1.088411092758178711e+00 1.211114645004272461e+00 nan 1.117971181869506836e+00 1.032628059387207031e+00 0.000000000000000000e+00 0.000000000000000000e+00 0.000000000000000000e+00 0.000000000000000000e+00 0.000000000000000000e+00 0.000000000000000000e+00
7.596669197082519531e-01 7.654529809951782227e-01 7.582854032516479492e-01 7.432322502136230469e-01 7.347948551177978516e-01 7.430545091629028320e-01 7.513535022735595703e-01 7.628988027572631836e-01 7.966079711914062500e-01 8.513354063034057617e-01 9.254664182662963867e-01 1.002565622329711914e+00 1.094890356063842773e+00 1.224390745162963867e+00 nan 1.102913379669189453e+00 0.000000000000000000e+00 0.000000000000000000e+00 0.000000000000000000e+00 0.000000000000000000e+00 0.000000000000000000e+00 0.000000000000000000e+00
7.705444097518920898e-01 7.673257589340209961e-01 7.575829029083251953e-01 7.346818447113037109e-01 7.120794057846069336e-01 6.998121738433837891e-01 7.079054117202758789e-01 7.162138223648071289e-01 7.505080699920654297e-01 7.854875326156616211e-01 8.427222967147827148e-01 9.201915264129638672e-01 9.971388578414916992e-01 1.107468843460083008e+00 1.222792863845825195e+00 nan 0.000000000000000000e+00 0.000000000000000000e+00 0.000000000000000000e+00 0.000000000000000000e+00 0.000000000000000000e+00 0.000000000000000000e+00
7.520596981048583984e-01 7.542728185653686523e-01 7.410830259323120117e-01 7.250558137893676758e-01 7.036818265914916992e-01 6.814832687377929688e-01 6.655350923538208008e-01 6.734651327133178711e-01 7.041512727737426758e-01 7.382043600082397461e-01 7.729380130767822266e-01 8.290852308273315430e-01 9.059811830520629883e-01 9.910615682601928711e-01 1.105762481689453125e+00 1.201654195785522461e+00 nan 0.000000000000000000e+00 0.000000000000000000e+00 0.000000000000000000e+00 0.000000000000000000e+00 0.000000000000000000e+00
6.017760038375854492e-01 7.151104211807250977e-01 7.013500928878784180e-01 6.863517761230468750e-01 6.705367565155029297e-01 6.548701524734497070e-01 6.393504142761230469e-01 6.265246868133544922e-01 6.590218544006347656e-01 6.921732425689697266e-01 7.259870767593383789e-01 7.604765892028808594e-01 8.155490159988403320e-01 8.918759822845458984e-01 9.816392660140991211e-01 1.080733060836791992e+00 0.000000000000000000e+00 nan 0.000000000000000000e+00 0.000000000000000000e+00 0.000000000000000000e+00 0.000000000000000000e+00
5.540173053741455078e-01 5.538834333419799805e-01 6.351549625396728516e-01 6.485159397125244141e-01 6.330559253692626953e-01 6.177407503128051758e-01 6.025692224502563477e-01 5.875401496887207031e-01 5.936539173126220703e-01 6.300280094146728516e-01 6.672322750091552734e-01 7.052856683731079102e-01 7.442077398300170898e-01 8.021131753921508789e-01 8.757852315902709961e-01 9.576417207717895508e-01 0.000000000000000000e+00 0.000000000000000000e+00 nan 0.000000000000000000e+00 0.000000000000000000e+00 0.000000000000000000e+00
5.319117307662963867e-01 5.311567783355712891e-01 5.280464887619018555e-01 5.550693273544311523e-01 5.964158773422241211e-01 5.814443826675415039e-01 5.666133165359497070e-01 5.519212484359741211e-01 5.588831901550292969e-01 5.667401552200317383e-01 6.014899015426635742e-01 6.380428075790405273e-01 6.754299402236938477e-01 7.136706113815307617e-01 7.597467899322509766e-01 8.370190858840942383e-01 0.000000000000000000e+00 0.000000000000000000e+00 0.000000000000000000e+00 nan 0.000000000000000000e+00 0.000000000000000000e+00
5.080931186676025391e-01 5.087623596191406250e-01 5.061600208282470703e-01 5.021014213562011719e-01 5.007659196853637695e-01 5.459624528884887695e-01 5.314640998840332031e-01 5.179352760314941406e-01 5.255860090255737305e-01 5.332751274108886719e-01 5.410031080245971680e-01 5.734513998031616211e-01 6.093643903732299805e-01 6.460969448089599609e-01 6.850107908248901367e-01 7.263417243957519531e-01 0.000000000000000000e+00 0.000000000000000000e+00 0.000000000000000000e+00 0.000000000000000000e+00 nan 0.000000000000000000e+00
4.779908657073974609e-01 4.845314025878906250e-01 4.841665029525756836e-01 4.803462028503417969e-01 4.780616760253906250e-01 4.780193567276000977e-01 4.971034526824951172e-01 4.855128526687622070e-01 4.930000305175781250e-01 5.005249977111816406e-01 5.080878734588623047e-01 5.156887769699096680e-01 5.459038019180297852e-01 5.811879634857177734e-01 6.185921430587768555e-01 6.582940816879272461e-01 0.000000000000000000e+00 0.000000000000000000e+00 0.000000000000000000e+00 0.000000000000000000e+00 0.000000000000000000e+00 nan
