nan 9.839479923248291016e-01 9.412400722503662109e-01 8.907493352890014648e-01 8.640079498291015625e-01 8.447108268737792969e-01 8.256134986877441406e-01 8.067137002944946289e-01 7.784267663955688477e-01 7.907654047012329102e-01 7.930525541305541992e-01 8.082495927810668945e-01 7.815564870834350586e-01 7.184085845947265625e-01 6.574991941452026367e-01 5.987485647201538086e-01
8.891335725784301758e-01 nan 1.042613744735717773e+00 9.826865196228027344e-01 9.120299816131591797e-01 8.685011863708496094e-01 8.491575717926025391e-01 8.270452022552490234e-01 8.047593832015991211e-01 7.785582542419433594e-01 7.711317539215087891e-01 7.813906669616699219e-01 7.691483497619628906e-01 7.116341590881347656e-01 6.509648561477661133e-01 5.924458503723144531e-01
8.296828269958496094e-01 9.510699510574340820e-01 nan 1.078203916549682617e+00 1.003898620605468750e+00 9.322503805160522461e-01 8.730053901672363281e-01 8.523097038269042969e-01 8.314819335937500000e-01 7.997105121612548828e-01 7.450627088546752930e-01 7.513489723205566406e-01 7.464699745178222656e-01 6.904076337814331055e-01 6.361449956893920898e-01 5.836242437362670898e-01
7.737439870834350586e-01 8.826692104339599609e-01 1.014918327331542969e+00 nan 1.104562282562255859e+00 1.029122829437255859e+00 9.525805711746215820e-01 8.774654865264892578e-01 8.554824590682983398e-01 8.135310411453247070e-01 7.545393705368041992e-01 7.203229665756225586e-01 7.254471778869628906e-01 6.699655055999755859e-01 6.162676811218261719e-01 5.642967224121093750e-01
7.632910013198852539e-01 8.242071866989135742e-01 9.358532428741455078e-01 1.051017761230468750e+00 nan 1.131678581237792969e+00 1.039426326751708984e+00 9.577773809432983398e-01 8.782795667648315430e-01 8.201609849929809570e-01 7.611520290374755859e-01 7.221980094909667969e-01 6.951360702514648438e-01 6.515860557556152344e-01 5.984792709350585938e-01 5.470802783966064453e-01
7.593048810958862305e-01 8.179221153259277344e-01 8.669720888137817383e-01 9.665495157241821289e-01 1.071074247360229492e+00 nan 1.150542259216308594e+00 1.044178962707519531e+00 9.397891759872436523e-01 8.333592414855957031e-01 7.776509523391723633e-01 7.311608791351318359e-01 6.904529333114624023e-01 6.334087848663330078e-01 5.808866024017333984e-01 5.300532579421997070e-01
7.404893636703491211e-01 8.109960556030273438e-01 8.509933948516845703e-01 8.852410316467285156e-01 9.786003828048706055e-01 1.092260122299194336e+00 nan 1.149524927139282227e+00 1.037965297698974609e+00 9.262887239456176758e-01 8.187512159347534180e-01 7.708097696304321289e-01 7.244987487792968750e-01 6.551752090454101562e-01 5.759046077728271484e-01 5.189393758773803711e-01
7.250020503997802734e-01 7.931997776031494141e-01 8.277639150619506836e-01 8.532041311264038086e-01 8.993496894836425781e-01 9.908419847488403320e-01 1.106168746948242188e+00 nan 1.141109943389892578e+00 1.023835659027099609e+00 9.108923673629760742e-01 8.113666772842407227e-01 7.639948129653930664e-01 7.063683271408081055e-01 6.016746759414672852e-01 5.308578014373779297e-01
7.461001873016357422e-01 7.673664093017578125e-01 8.048260211944580078e-01 8.264087438583374023e-01 8.443239927291870117e-01 8.798816204071044922e-01 9.828964471817016602e-01 1.098746061325073242e+00 nan 1.132222890853881836e+00 1.007701873779296875e+00 8.912847042083740234e-01 8.043955564498901367e-01 7.572062015533447266e-01 6.512132883071899414e-01 5.499036312103271484e-01
7.674564123153686523e-01 7.799975872039794922e-01 7.645469903945922852e-01 7.877392768859863281e-01 7.980525493621826172e-01 8.055757284164428711e-01 8.668389320373535156e-01 9.759081602096557617e-01 1.110410213470458984e+00 nan 1.142937183380126953e+00 9.871006011962890625e-01 8.718781471252441406e-01 7.974514961242675781e-01 7.022838592529296875e-01 5.978406667709350586e-01
7.873289585113525391e-01 7.821505069732666016e-01 7.653784751892089844e-01 7.388685941696166992e-01 7.475615739822387695e-01 7.586869001388549805e-01 7.893179655075073242e-01 8.602597713470458984e-01 9.689447879791259766e-01 1.128294467926025391e+00 nan 1.123609304428100586e+00 9.667108058929443359e-01 8.526705503463745117e-01 7.549340724945068359e-01 6.472606658935546875e-01
7.716342210769653320e-01 7.713878154754638672e-01 7.571864128112792969e-01 7.266544103622436523e-01 6.942719221115112305e-01 6.975945234298706055e-01 7.274664640426635742e-01 7.776418924331665039e-01 8.523007631301879883e-01 9.682747125625610352e-01 1.146732330322265625e+00 nan 1.104455709457397461e+00 9.465304613113403320e-01 8.113044500350952148e-01 6.979889869689941406e-01
5.727211236953735352e-01 6.800308227539062500e-01 7.006149291992187500e-01 6.776460409164428711e-01 6.549873352050781250e-01 6.326347589492797852e-01 6.549947261810302734e-01 7.099233865737915039e-01 7.601299285888671875e-01 8.331313133239746094e-01 9.790776968002319336e-01 1.139150381088256836e+00 nan 1.085728883743286133e+00 9.165245294570922852e-01 7.491273880004882812e-01
5.442688465118408203e-01 5.407586097717285156e-01 5.623035430908203125e-01 6.236351728439331055e-01 6.017060279846191406e-01 5.800729990005493164e-01 5.749088525772094727e-01 6.136301755905151367e-01 6.670978069305419922e-01 7.223370075225830078e-01 7.949554920196533203e-01 9.477679729461669922e-01 1.131942749023437500e+00 nan 1.067347526550292969e+00 8.407901525497436523e-01
5.088815689086914062e-01 5.089080333709716797e-01 5.030384063720703125e-01 5.017352104187011719e-01 5.500828027725219727e-01 5.291286706924438477e-01 5.265500545501708984e-01 5.376760959625244141e-01 5.729824304580688477e-01 6.251031160354614258e-01 6.812335252761840820e-01 7.478233575820922852e-01 8.607085943222045898e-01 1.036549091339111328e+00 nan 9.882369041442871094e-01
4.620671272277832031e-01 4.715207815170288086e-01 4.686506986618041992e-01 4.659898281097412109e-01 4.660973548889160156e-01 4.663543701171875000e-01 4.772995710372924805e-01 4.883265495300292969e-01 4.994357824325561523e-01 5.179227590560913086e-01 5.723252296447753906e-01 6.372687816619873047e-01 7.048949003219604492e-01 7.875880002975463867e-01 9.332003593444824219e-01 nan
