nan 1.044529676437377930e+00 1.013716459274291992e+00 9.833672046661376953e-01 9.534758329391479492e-01 9.238690137863159180e-01 9.143786430358886719e-01 9.004173278808593750e-01 8.838503360748291016e-01 8.618305921554565430e-01 8.400681018829345703e-01 8.185602426528930664e-01 8.011517524719238281e-01 8.133357763290405273e-01 7.996431589126586914e-01 8.113995790481567383e-01 0.000000000000000000e+00 0.000000000000000000e+00 0.000000000000000000e+00 0.000000000000000000e+00 0.000000000000000000e+00 0.000000000000000000e+00
9.942277669906616211e-01 nan 1.084832668304443359e+00 1.053411960601806641e+00 1.020576953887939453e+00 9.729344844818115234e-01 9.304479360580444336e-01 9.163696765899658203e-01 8.975034952163696289e-01 8.753242492675781250e-01 8.534040451049804688e-01 8.317400217056274414e-01 8.103294372558593750e-01 7.949489355087280273e-01 7.842535972595214844e-01 7.903283834457397461e-01 0.000000000000000000e+00 0.000000000000000000e+00 0.000000000000000000e+00 0.000000000000000000e+00 0.000000000000000000e+00 0.000000000000000000e+00
9.390964508056640625e-01 1.037877082824707031e+00 nan 1.125930547714233398e+00 1.086983203887939453e+00 1.037194490432739258e+00 9.862476587295532227e-01 9.365750551223754883e-01 9.112555980682373047e-01 8.889153003692626953e-01 8.668364286422729492e-01 8.450155258178710938e-01 8.234494924545288086e-01 7.955006361007690430e-01 7.642865180969238281e-01 7.692434787750244141e-01 0.000000000000000000e+00 0.000000000000000000e+00 0.000000000000000000e+00 0.000000000000000000e+00 0.000000000000000000e+00 0.000000000000000000e+00
8.855423927307128906e-01 9.815949201583862305e-01 1.082540273666381836e+00 nan 1.155572414398193359e+00 1.103345870971679688e+00 1.050744533538818359e+00 9.986368417739868164e-01 9.400253295898437500e-01 9.026052951812744141e-01 8.803663253784179688e-01 8.583873510360717773e-01 8.360626697540283203e-01 7.958468198776245117e-01 7.591725587844848633e-01 7.484067678451538086e-01 0.000000000000000000e+00 0.000000000000000000e+00 0.000000000000000000e+00 0.000000000000000000e+00 0.000000000000000000e+00 0.000000000000000000e+00
8.350803852081298828e-01 9.284359216690063477e-01 1.026540517807006836e+00 1.129636049270629883e+00 nan 1.172843217849731445e+00 1.118365287780761719e+00 1.060803413391113281e+00 1.000427246093750000e+00 9.418197870254516602e-01 8.943432569503784180e-01 8.721001148223876953e-01 8.381714820861816406e-01 8.012523651123046875e-01 7.672684192657470703e-01 7.398869991302490234e-01 0.000000000000000000e+00 0.000000000000000000e+00 0.000000000000000000e+00 0.000000000000000000e+00 0.000000000000000000e+00 0.000000000000000000e+00
7.863192558288574219e-01 8.766763210296630859e-01 9.747723340988159180e-01 1.071627140045166016e+00 1.158160924911499023e+00 nan 1.187372446060180664e+00 1.123287916183471680e+00 1.061080932617187500e+00 1.000696659088134766e+00 9.420809745788574219e-01 8.823374509811401367e-01 8.376584053039550781e-01 8.041415214538574219e-01 7.714687585830688477e-01 7.441433668136596680e-01 0.000000000000000000e+00 0.000000000000000000e+00 0.000000000000000000e+00 0.000000000000000000e+00 0.000000000000000000e+00 0.000000000000000000e+00
7.686589956283569336e-01 8.220822811126708984e-01 9.179002046585083008e-01 1.008826255798339844e+00 1.090093612670898438e+00 1.168235540390014648e+00 nan 1.199655294418334961e+00 1.125295639038085938e+00 1.061358451843261719e+00 9.951277971267700195e-01 9.129364490509033203e-01 8.392721414566040039e-01 8.070350885391235352e-01 7.756075859069824219e-01 7.482185363769531250e-01 0.000000000000000000e+00 0.000000000000000000e+00 0.000000000000000000e+00 0.000000000000000000e+00 0.000000000000000000e+00 0.000000000000000000e+00
7.537090778350830078e-01 8.017388582229614258e-01 8.621068000793457031e-01 9.448491334915161133e-01 1.020874261856079102e+00 1.094521045684814453e+00 1.186676740646362305e+00 nan 1.212612152099609375e+00 1.135670661926269531e+00 1.045747756958007812e+00 9.594684839248657227e-01 8.761186599731445312e-01 8.157079219818115234e-01 7.824904918670654297e-01 7.523031234741210938e-01 0.000000000000000000e+00 0.000000000000000000e+00 0.000000000000000000e+00 0.000000000000000000e+00 0.000000000000000000e+00 0.000000000000000000e+00
7.388856410980224609e-01 7.923028469085693359e-01 8.435454368591308594e-01 8.860274553298950195e-01 9.539470672607421875e-01 1.025155067443847656e+00 1.103763103485107422e+00 1.205274820327758789e+00 nan 1.206607818603515625e+00 1.113697767257690430e+00 1.023345947265625000e+00 9.409276247024536133e-01 8.666009902954101562e-01 8.102958202362060547e-01 7.773066759109497070e-01 0.000000000000000000e+00 0.000000000000000000e+00 0.000000000000000000e+00 0.000000000000000000e+00 0.000000000000000000e+00 0.000000000000000000e+00
7.232558727264404297e-01 7.799537181854248047e-01 8.228809833526611328e-01 8.645893335342407227e-01 8.892360925674438477e-01 9.580858945846557617e-01 1.029444456100463867e+00 1.121655941009521484e+00 1.207302808761596680e+00 nan 1.183905124664306641e+00 1.089305400848388672e+00 1.007975816726684570e+00 9.310812950134277344e-01 8.562228679656982422e-01 8.050312995910644531e-01 0.000000000000000000e+00 0.000000000000000000e+00 0.000000000000000000e+00 0.000000000000000000e+00 0.000000000000000000e+00 0.000000000000000000e+00
7.071220874786376953e-01 7.649084329605102539e-01 8.090466260910034180e-01 8.384829759597778320e-01 8.605051040649414062e-01 8.932380676269531250e-01 9.596488475799560547e-01 1.023421287536621094e+00 1.102181911468505859e+00 1.184007883071899414e+00 nan 1.160058259963989258e+00 1.077339887619018555e+00 9.977891445159912109e-01 9.203116893768310547e-01 8.425354957580566406e-01 0.000000000000000000e+00 0.000000000000000000e+00 0.000000000000000000e+00 0.000000000000000000e+00 0.000000000000000000e+00 0.000000000000000000e+00
7.214666604995727539e-01 7.499903440475463867e-01 7.934660911560058594e-01 8.195670843124389648e-01 8.337167501449584961e-01 8.479664325714111328e-01 8.715964555740356445e-01 9.245342016220092773e-01 1.001262664794921875e+00 1.081396818161010742e+00 1.164739608764648438e+00 nan 1.149099826812744141e+00 1.066801309585571289e+00 9.866130352020263672e-01 9.062477350234985352e-01 0.000000000000000000e+00 0.000000000000000000e+00 0.000000000000000000e+00 0.000000000000000000e+00 0.000000000000000000e+00 0.000000000000000000e+00
7.359318733215332031e-01 7.537391185760498047e-01 7.718467712402343750e-01 7.938388586044311523e-01 8.062611818313598633e-01 8.147923946380615234e-01 8.199352025985717773e-01 8.451175689697265625e-01 9.189994335174560547e-01 9.958394765853881836e-01 1.075756788253784180e+00 1.173092603683471680e+00 nan 1.138197422027587891e+00 1.055203676223754883e+00 9.721627235412597656e-01 0.000000000000000000e+00 0.000000000000000000e+00 0.000000000000000000e+00 0.000000000000000000e+00 0.000000000000000000e+00 0.000000000000000000e+00
7.496832609176635742e-01 7.664238214492797852e-01 7.594312429428100586e-01 7.596651315689086914e-01 7.752461433410644531e-01 7.815512418746948242e-01 7.865998744964599609e-01 7.940049171447753906e-01 8.401175737380981445e-01 9.137992858886718750e-01 9.904313087463378906e-01 1.070131778717041016e+00 1.186140537261962891e+00 nan 1.129930257797241211e+00 1.040357351303100586e+00 0.000000000000000000e+00 0.000000000000000000e+00 0.000000000000000000e+00 0.000000000000000000e+00 0.000000000000000000e+00 0.000000000000000000e+00
7.634934186935424805e-01 7.682976722717285156e-01 7.608886957168579102e-01 7.462289333343505859e-01 7.312051057815551758e-01 7.394478321075439453e-01 7.477297782897949219e-01 7.560509443283081055e-01 7.898137569427490234e-01 8.351311683654785156e-01 9.086133241653442383e-01 9.850375652313232422e-01 1.071229219436645508e+00 1.199266672134399414e+00 nan 1.112263441085815430e+00 0.000000000000000000e+00 0.000000000000000000e+00 0.000000000000000000e+00 0.000000000000000000e+00 0.000000000000000000e+00 0.000000000000000000e+00
7.737360000610351562e-01 7.701734304428100586e-01 7.606042623519897461e-01 7.376638650894165039e-01 7.150224447250366211e-01 6.962950229644775391e-01 7.043714523315429688e-01 7.124861478805541992e-01 7.429914474487304688e-01 7.778205871582031250e-01 8.256539106369018555e-01 9.024057388305664062e-01 9.796586036682128906e-01 1.083665370941162109e+00 1.203519582748413086e+00 nan 0.000000000000000000e+00 0.000000000000000000e+00 0.000000000000000000e+00 0.000000000000000000e+00 0.000000000000000000e+00 0.000000000000000000e+00
7.535481452941894531e-01 7.561318874359130859e-01 7.426739931106567383e-01 7.266585826873779297e-01 7.066105604171752930e-01 6.843736171722412109e-01 6.624265909194946289e-01 6.700024604797363281e-01 6.968336105346679688e-01 7.307405471801757812e-01 7.653250694274902344e-01 8.121432065963745117e-01 8.883271217346191406e-01 9.677137136459350586e-01 1.084115982055664062e+00 1.191232681274414062e+00 nan 0.000000000000000000e+00 0.000000000000000000e+00 0.000000000000000000e+00 0.000000000000000000e+00 0.000000000000000000e+00
5.943186283111572266e-01 7.114585638046264648e-01 7.029045820236206055e-01 6.879185438156127930e-01 6.720888614654541016e-01 6.564075946807861328e-01 6.408735513687133789e-01 6.254851818084716797e-01 6.509691476821899414e-01 6.849071979522705078e-01 7.185757160186767578e-01 7.529171705245971680e-01 7.987325191497802734e-01 8.743524551391601562e-01 9.612689018249511719e-01 1.062007665634155273e+00 0.000000000000000000e+00 nan 0.000000000000000000e+00 0.000000000000000000e+00 0.000000000000000000e+00 0.000000000000000000e+00
5.530259609222412109e-01 5.527449846267700195e-01 6.276466846466064453e-01 6.500475406646728516e-01 6.345731019973754883e-01 6.192438602447509766e-01 6.040581464767456055e-01 5.890150070190429688e-01 5.910315513610839844e-01 6.220643520355224609e-01 6.590869426727294922e-01 6.969543695449829102e-01 7.356863021850585938e-01 7.853055000305175781e-01 8.589302301406860352e-01 9.385142326354980469e-01 0.000000000000000000e+00 0.000000000000000000e+00 nan 0.000000000000000000e+00 0.000000000000000000e+00 0.000000000000000000e+00
5.309345722198486328e-01 5.300348997116088867e-01 5.268642902374267578e-01 5.479286909103393555e-01 5.978990793228149414e-01 5.829136371612548828e-01 5.680688619613647461e-01 5.533632040023803711e-01 5.570476055145263672e-01 5.648953914642333984e-01 5.936657190322875977e-01 6.300400495529174805e-01 6.672445535659790039e-01 7.052983045578002930e-01 7.452489137649536133e-01 8.188753128051757812e-01 0.000000000000000000e+00 0.000000000000000000e+00 0.000000000000000000e+00 nan 0.000000000000000000e+00 0.000000000000000000e+00
5.072256326675415039e-01 5.076569318771362305e-01 5.049947500228881836e-01 5.009392499923706055e-01 4.995594024658203125e-01 5.473988056182861328e-01 5.328868627548217773e-01 5.185111761093139648e-01 5.237896442413330078e-01 5.314698219299316406e-01 5.391886234283447266e-01 5.657641887664794922e-01 6.015017032623291016e-01 6.380548477172851562e-01 6.764559745788574219e-01 7.175770998001098633e-01 0.000000000000000000e+00 0.000000000000000000e+00 0.000000000000000000e+00 0.000000000000000000e+00 nan 0.000000000000000000e+00
4.769176244735717773e-01 4.834533929824829102e-01 4.829349517822265625e-01 4.791178703308105469e-01 4.767905473709106445e-01 4.768310785293579102e-01 4.924474954605102539e-01 4.844411611557006836e-01 4.912420511245727539e-01 4.987581968307495117e-01 5.063121318817138672e-01 5.139042139053344727e-01 5.383511781692504883e-01 5.734629631042480469e-01 6.103745698928833008e-01 6.498749256134033203e-01 0.000000000000000000e+00 0.000000000000000000e+00 0.000000000000000000e+00 0.000000000000000000e+00 0.000000000000000000e+00 nan
