nan 1.363686561584472656e+00 1.252983570098876953e+00 1.166440010070800781e+00 1.148787021636962891e+00 1.113403558731079102e+00 1.075101137161254883e+00 1.051632881164550781e+00 1.043582439422607422e+00 1.035563230514526367e+00 1.027575731277465820e+00 1.019619703292846680e+00 1.008618116378784180e+00 9.777519702911376953e-01 9.603146314620971680e-01 9.428741931915283203e-01 0.000000000000000000e+00 0.000000000000000000e+00 0.000000000000000000e+00 0.000000000000000000e+00 0.000000000000000000e+00 0.000000000000000000e+00
1.217915058135986328e+00 nan 1.404062986373901367e+00 1.311381816864013672e+00 1.237639188766479492e+00 1.200674295425415039e+00 1.157386302947998047e+00 1.110582113265991211e+00 1.075026035308837891e+00 1.066883563995361328e+00 1.058773279190063477e+00 1.050694704055786133e+00 1.034138917922973633e+00 9.827800989151000977e-01 9.560604095458984375e-01 9.386577606201171875e-01 0.000000000000000000e+00 0.000000000000000000e+00 0.000000000000000000e+00 0.000000000000000000e+00 0.000000000000000000e+00 0.000000000000000000e+00
1.095555305480957031e+00 1.256251573562622070e+00 nan 1.490284681320190430e+00 1.377317905426025391e+00 1.291177511215209961e+00 1.242934226989746094e+00 1.194273948669433594e+00 1.146669387817382812e+00 1.100097656250000000e+00 1.090450763702392578e+00 1.080535650253295898e+00 1.059983968734741211e+00 1.011920452117919922e+00 9.574009180068969727e-01 9.317686557769775391e-01 0.000000000000000000e+00 0.000000000000000000e+00 0.000000000000000000e+00 0.000000000000000000e+00 0.000000000000000000e+00 0.000000000000000000e+00
1.018278598785400391e+00 1.147669076919555664e+00 1.338643312454223633e+00 nan 1.584739208221435547e+00 1.458940744400024414e+00 1.338568687438964844e+00 1.281284332275390625e+00 1.231792449951171875e+00 1.183373689651489258e+00 1.136005640029907227e+00 1.106970071792602539e+00 1.086157321929931641e+00 1.041488647460937500e+00 9.862009286880493164e-01 9.029976129531860352e-01 0.000000000000000000e+00 0.000000000000000000e+00 0.000000000000000000e+00 0.000000000000000000e+00 0.000000000000000000e+00 0.000000000000000000e+00
9.705178737640380859e-01 1.094113588333129883e+00 1.223514080047607422e+00 1.427852630615234375e+00 nan 1.669086933135986328e+00 1.534722566604614258e+00 1.407122135162353516e+00 1.323056936264038086e+00 1.267422676086425781e+00 1.218422651290893555e+00 1.157808780670166016e+00 1.112045764923095703e+00 1.071182250976562500e+00 9.880105257034301758e-01 9.036931991577148438e-01 0.000000000000000000e+00 0.000000000000000000e+00 0.000000000000000000e+00 0.000000000000000000e+00 0.000000000000000000e+00 0.000000000000000000e+00
9.185464382171630859e-01 1.040294647216796875e+00 1.169768810272216797e+00 1.295249462127685547e+00 1.506093025207519531e+00 nan 1.733140945434570312e+00 1.595551967620849609e+00 1.464889049530029297e+00 1.371503114700317383e+00 1.288925886154174805e+00 1.221078157424926758e+00 1.160391569137573242e+00 1.067473649978637695e+00 9.795193672180175781e-01 8.958208560943603516e-01 0.000000000000000000e+00 0.000000000000000000e+00 0.000000000000000000e+00 0.000000000000000000e+00 0.000000000000000000e+00 0.000000000000000000e+00
8.666192293167114258e-01 9.864825010299682617e-01 1.112541675567626953e+00 1.226497888565063477e+00 1.352627992630004883e+00 1.579009056091308594e+00 nan 1.798731327056884766e+00 1.657840490341186523e+00 1.524042129516601562e+00 1.407090663909912109e+00 1.315087556838989258e+00 1.211133480072021484e+00 1.100370645523071289e+00 9.789508581161499023e-01 8.898600339889526367e-01 0.000000000000000000e+00 0.000000000000000000e+00 0.000000000000000000e+00 0.000000000000000000e+00 0.000000000000000000e+00 0.000000000000000000e+00
8.308006525039672852e-01 9.340900182723999023e-01 1.056824445724487305e+00 1.159806489944458008e+00 1.259874820709228516e+00 1.410020589828491211e+00 1.654047727584838867e+00 nan 1.865894794464111328e+00 1.714665651321411133e+00 1.562609195709228516e+00 1.407125711441040039e+00 1.269482374191284180e+00 1.158733606338500977e+00 1.016927242279052734e+00 9.065489768981933594e-01 0.000000000000000000e+00 0.000000000000000000e+00 0.000000000000000000e+00 0.000000000000000000e+00 0.000000000000000000e+00 0.000000000000000000e+00
8.140178918838500977e-01 9.064387083053588867e-01 9.968279600143432617e-01 1.095112562179565430e+00 1.189670324325561523e+00 1.304646730422973633e+00 1.468813419342041016e+00 1.731270074844360352e+00 nan 1.918970108032226562e+00 1.729071140289306641e+00 1.508770942687988281e+00 1.329371452331542969e+00 1.218718290328979492e+00 1.072808504104614258e+00 9.344682693481445312e-01 0.000000000000000000e+00 0.000000000000000000e+00 0.000000000000000000e+00 0.000000000000000000e+00 0.000000000000000000e+00 0.000000000000000000e+00
7.975611686706542969e-01 8.906493186950683594e-01 9.653655290603637695e-01 1.031057834625244141e+00 1.121646404266357422e+00 1.217308521270751953e+00 1.360868692398071289e+00 1.535409212112426758e+00 1.799653053283691406e+00 nan 1.866801023483276367e+00 1.635382652282714844e+00 1.422644615173339844e+00 1.280263900756835938e+00 1.130238294601440430e+00 9.880650043487548828e-01 0.000000000000000000e+00 0.000000000000000000e+00 0.000000000000000000e+00 0.000000000000000000e+00 0.000000000000000000e+00 0.000000000000000000e+00
7.820816040039062500e-01 8.733174800872802734e-01 9.470959901809692383e-01 9.980576038360595703e-01 1.055735349655151367e+00 1.144016742706298828e+00 1.248437404632568359e+00 1.401082515716552734e+00 1.577766180038452148e+00 1.771912574768066406e+00 nan 1.778564691543579102e+00 1.544909715652465820e+00 1.365058183670043945e+00 1.189259290695190430e+00 1.043146610260009766e+00 0.000000000000000000e+00 0.000000000000000000e+00 0.000000000000000000e+00 0.000000000000000000e+00 0.000000000000000000e+00 0.000000000000000000e+00
7.825182676315307617e-01 8.552706241607666016e-01 9.238274097442626953e-01 9.702050685882568359e-01 1.003847122192382812e+00 1.064835309982299805e+00 1.154495000839233398e+00 1.282138109207153320e+00 1.378917217254638672e+00 1.501442432403564453e+00 1.696979761123657227e+00 nan 1.701663255691528320e+00 1.476344347000122070e+00 1.267653465270996094e+00 1.100132942199707031e+00 0.000000000000000000e+00 0.000000000000000000e+00 0.000000000000000000e+00 0.000000000000000000e+00 0.000000000000000000e+00 0.000000000000000000e+00
8.006190061569213867e-01 8.333657979965209961e-01 8.893744945526123047e-01 9.318161010742187500e-01 9.679561853408813477e-01 1.001559734344482422e+00 1.071439266204833984e+00 1.146468877792358398e+00 1.227725982666015625e+00 1.312058925628662109e+00 1.427378416061401367e+00 1.638901948928833008e+00 nan 1.638391733169555664e+00 1.376492500305175781e+00 1.171305656433105469e+00 0.000000000000000000e+00 0.000000000000000000e+00 0.000000000000000000e+00 0.000000000000000000e+00 0.000000000000000000e+00 0.000000000000000000e+00
8.180661201477050781e-01 8.391876220703125000e-01 8.505480289459228516e-01 8.892940282821655273e-01 9.306828975677490234e-01 9.657095670700073242e-01 9.748231172561645508e-01 1.029869318008422852e+00 1.106712341308593750e+00 1.186464071273803711e+00 1.269235134124755859e+00 1.379052877426147461e+00 1.596499681472778320e+00 nan 1.534417390823364258e+00 1.277601480484008789e+00 0.000000000000000000e+00 0.000000000000000000e+00 0.000000000000000000e+00 0.000000000000000000e+00 0.000000000000000000e+00 0.000000000000000000e+00
8.391894102096557617e-01 8.414868116378784180e-01 8.461239337921142578e-01 8.527805805206298828e-01 8.881853818893432617e-01 9.062285423278808594e-01 9.112857580184936523e-01 9.280934333801269531e-01 9.922720193862915039e-01 1.067691326141357422e+00 1.145966053009033203e+00 1.227204084396362305e+00 1.352731943130493164e+00 1.571427822113037109e+00 nan 1.433287858963012695e+00 0.000000000000000000e+00 0.000000000000000000e+00 0.000000000000000000e+00 0.000000000000000000e+00 0.000000000000000000e+00 0.000000000000000000e+00
8.539818525314331055e-01 8.437892198562622070e-01 8.417108058929443359e-01 8.483514785766601562e-01 8.369581699371337891e-01 8.333452939987182617e-01 8.382092714309692383e-01 8.538812398910522461e-01 8.869283199310302734e-01 9.527882337570190430e-01 1.029394149780273438e+00 1.106218814849853516e+00 1.185951948165893555e+00 1.330014944076538086e+00 1.484898328781127930e+00 nan 0.000000000000000000e+00 0.000000000000000000e+00 0.000000000000000000e+00 0.000000000000000000e+00 0.000000000000000000e+00 0.000000000000000000e+00
8.123608827590942383e-01 8.090941905975341797e-01 8.021190166473388672e-01 8.106538057327270508e-01 8.003050088882446289e-01 7.751275300979614258e-01 7.679269313812255859e-01 7.798109054565429688e-01 8.115377426147460938e-01 8.438301086425781250e-01 9.075218439102172852e-01 9.835222959518432617e-01 1.062551021575927734e+00 1.153010606765747070e+00 1.257133245468139648e+00 1.416570186614990234e+00 nan 0.000000000000000000e+00 0.000000000000000000e+00 0.000000000000000000e+00 0.000000000000000000e+00 0.000000000000000000e+00
6.534887552261352539e-01 7.605252265930175781e-01 7.411239147186279297e-01 7.181776762008666992e-01 7.061755657196044922e-01 6.942578554153442383e-01 6.824227571487426758e-01 6.927398443222045898e-01 7.356069087982177734e-01 7.788544893264770508e-01 8.125305175781250000e-01 8.765243291854858398e-01 9.534089565277099609e-01 1.033443689346313477e+00 1.096619367599487305e+00 1.205925703048706055e+00 0.000000000000000000e+00 nan 0.000000000000000000e+00 0.000000000000000000e+00 0.000000000000000000e+00 0.000000000000000000e+00
6.281666755676269531e-01 6.106550693511962891e-01 6.473284959793090820e-01 6.421023607254028320e-01 6.306316852569580078e-01 6.192412376403808594e-01 6.079303026199340820e-01 6.037760972976684570e-01 6.301264762878417969e-01 6.714076995849609375e-01 7.137346267700195312e-01 7.571331262588500977e-01 8.253749608993530273e-01 9.148211479187011719e-01 9.822136163711547852e-01 1.049274444580078125e+00 0.000000000000000000e+00 0.000000000000000000e+00 nan 0.000000000000000000e+00 0.000000000000000000e+00 0.000000000000000000e+00
6.088576316833496094e-01 5.755802392959594727e-01 5.384340286254882812e-01 5.450485944747924805e-01 5.859913825988769531e-01 5.711306333541870117e-01 5.564091205596923828e-01 5.502537488937377930e-01 5.580549240112304688e-01 5.784987211227416992e-01 6.145858764648437500e-01 6.514980792999267578e-01 6.921381950378417969e-01 7.476897239685058594e-01 8.171184062957763672e-01 9.045864343643188477e-01 0.000000000000000000e+00 0.000000000000000000e+00 0.000000000000000000e+00 nan 0.000000000000000000e+00 0.000000000000000000e+00
5.739854574203491211e-01 5.412690639495849609e-01 5.063308477401733398e-01 5.012462139129638672e-01 4.999554157257080078e-01 5.359365940093994141e-01 5.215449333190917969e-01 5.170872211456298828e-01 5.247213840484619141e-01 5.323941707611083984e-01 5.511722564697265625e-01 5.866346359252929688e-01 6.229078769683837891e-01 6.600104570388793945e-01 7.007563114166259766e-01 7.772938013076782227e-01 0.000000000000000000e+00 0.000000000000000000e+00 0.000000000000000000e+00 0.000000000000000000e+00 nan 0.000000000000000000e+00
5.434619188308715820e-01 5.115438699722290039e-01 4.825973510742187500e-01 4.787693023681640625e-01 4.765305519104003906e-01 4.765938520431518555e-01 4.843291044235229492e-01 4.844229221343994141e-01 4.920731782913208008e-01 4.996095895767211914e-01 5.071566104888916016e-01 5.242596864700317383e-01 5.590498447418212891e-01 5.946341753005981445e-01 6.337405443191528320e-01 6.771898269653320312e-01 0.000000000000000000e+00 0.000000000000000000e+00 0.000000000000000000e+00 0.000000000000000000e+00 0.000000000000000000e+00 nan
