nan 1.014989376068115234e+00 9.712718725204467773e-01 9.189748764038085938e-01 9.001052379608154297e-01 8.801220655441284180e-01 8.524595499038696289e-01 8.212647438049316406e-01 7.905949354171752930e-01 7.986180782318115234e-01 8.081747293472290039e-01 8.170368671417236328e-01 8.070483207702636719e-01 7.488034963607788086e-01 6.924360990524291992e-01 6.352745294570922852e-01
9.537876844406127930e-01 nan 1.072614908218383789e+00 1.010733127593994141e+00 9.392466545104980469e-01 9.029604196548461914e-01 8.718832731246948242e-01 8.403613567352294922e-01 8.093701601028442383e-01 7.768673896789550781e-01 7.789832353591918945e-01 7.862075567245483398e-01 7.828034162521362305e-01 7.253400087356567383e-01 6.697288751602172852e-01 6.159101724624633789e-01
8.763265609741210938e-01 1.015939474105834961e+00 nan 1.106525897979736328e+00 1.030856370925903320e+00 9.557017087936401367e-01 8.915107250213623047e-01 8.596581220626831055e-01 8.300648927688598633e-01 7.895690202713012695e-01 7.487995624542236328e-01 7.559012174606323242e-01 7.588837146759033203e-01 7.021913528442382812e-01 6.473262310028076172e-01 5.942296981811523438e-01
8.172122240066528320e-01 9.399884939193725586e-01 1.078535795211791992e+00 nan 1.130554676055908203e+00 1.043204307556152344e+00 9.573049545288085938e-01 8.814496994018554688e-01 8.436008691787719727e-01 7.971091270446777344e-01 7.532796859741210938e-01 7.249476909637451172e-01 7.320523262023925781e-01 6.802701950073242188e-01 6.260200738906860352e-01 5.735212564468383789e-01
7.802023887634277344e-01 8.631833791732788086e-01 9.916762113571166992e-01 1.103497743606567383e+00 nan 1.136280775070190430e+00 1.043602228164672852e+00 9.451248645782470703e-01 8.478736877441406250e-01 8.012740612030029297e-01 7.591998577117919922e-01 7.201380729675292969e-01 6.994757652282714844e-01 6.607706546783447266e-01 6.071500778198242188e-01 5.552605390548706055e-01
7.629773616790771484e-01 8.282135725021362305e-01 9.007060527801513672e-01 1.003618001937866211e+00 1.116779565811157227e+00 nan 1.148027658462524414e+00 1.018619298934936523e+00 9.109116792678833008e-01 8.178915977478027344e-01 7.705559730529785156e-01 7.259464263916015625e-01 6.876229047775268555e-01 6.414974927902221680e-01 5.884990692138671875e-01 5.372117757797241211e-01
7.414929866790771484e-01 8.137799501419067383e-01 8.560869693756103516e-01 9.084806442260742188e-01 1.009751081466674805e+00 1.139628887176513672e+00 nan 1.120610713958740234e+00 1.006988525390625000e+00 8.969247341156005859e-01 8.105881214141845703e-01 7.631232738494873047e-01 7.169028520584106445e-01 6.510926485061645508e-01 5.788962841033935547e-01 5.216517448425292969e-01
7.226229906082153320e-01 7.942737340927124023e-01 8.320467472076416016e-01 8.573764562606811523e-01 9.101144075393676758e-01 9.991785287857055664e-01 1.115828514099121094e+00 nan 1.107895374298095703e+00 9.922982454299926758e-01 8.792426586151123047e-01 8.029874563217163086e-01 7.557218074798583984e-01 7.008186578750610352e-01 5.961830615997314453e-01 5.328222513198852539e-01
7.435700893402099609e-01 7.663456201553344727e-01 8.001891374588012695e-01 8.176877498626708984e-01 8.263676166534423828e-01 8.815702199935913086e-01 9.913580417633056641e-01 1.107552051544189453e+00 nan 1.092466592788696289e+00 9.738214015960693359e-01 8.592361211776733398e-01 7.954186201095581055e-01 7.483514547348022461e-01 6.442553997039794922e-01 5.440750122070312500e-01
7.647718191146850586e-01 7.670749425888061523e-01 7.539080381393432617e-01 7.701151371002197266e-01 7.782436609268188477e-01 7.955799102783203125e-01 8.742098808288574219e-01 9.835681915283203125e-01 1.120165824890136719e+00 nan 1.073160171508789062e+00 9.528079032897949219e-01 8.394424915313720703e-01 7.878816127777099609e-01 6.937756538391113281e-01 5.895730257034301758e-01
7.775019407272338867e-01 7.696695327758789062e-01 7.425425052642822266e-01 7.098416090011596680e-01 7.187877893447875977e-01 7.360520362854003906e-01 7.863823175430297852e-01 8.668783903121948242e-01 9.758088588714599609e-01 1.138578176498413086e+00 nan 1.051089048385620117e+00 9.320180416107177734e-01 8.283056020736694336e-01 7.447869777679443359e-01 6.374464035034179688e-01
7.562488317489624023e-01 7.482542991638183594e-01 7.257363796234130859e-01 6.977409124374389648e-01 6.658807992935180664e-01 6.700377464294433594e-01 7.184543609619140625e-01 7.682744264602661133e-01 8.488332033157348633e-01 9.721567630767822266e-01 1.127802848815917969e+00 nan 1.029253005981445312e+00 9.114499092102050781e-01 7.973347902297973633e-01 6.867614984512329102e-01
5.654553174972534180e-01 6.724736690521240234e-01 6.700884103775024414e-01 6.475121974945068359e-01 6.252410411834716797e-01 6.034561395645141602e-01 6.445045471191406250e-01 6.989952325820922852e-01 7.503501176834106445e-01 8.291025161743164062e-01 9.490370750427246094e-01 1.114749670028686523e+00 nan 1.007649421691894531e+00 8.806083202362060547e-01 7.375617027282714844e-01
5.333920717239379883e-01 5.302238464355468750e-01 5.552331209182739258e-01 5.943865776062011719e-01 5.728336572647094727e-01 5.542206764221191406e-01 5.655484199523925781e-01 6.030789613723754883e-01 6.561969518661499023e-01 7.110749483108520508e-01 7.820127010345458984e-01 9.079526662826538086e-01 1.101340293884277344e+00 nan 9.862760305404663086e-01 8.021459579467773438e-01
4.976270198822021484e-01 4.986660480499267578e-01 4.928362369537353516e-01 4.914309978485107422e-01 5.221160650253295898e-01 5.064972639083862305e-01 5.174771547317504883e-01 5.285370349884033203e-01 5.626971721649169922e-01 6.144770383834838867e-01 6.708879470825195312e-01 7.344495058059692383e-01 8.440914154052734375e-01 9.949189424514770508e-01 nan 9.010788202285766602e-01
4.510381221771240234e-01 4.603224992752075195e-01 4.584444761276245117e-01 4.556939601898193359e-01 4.558005332946777344e-01 4.574017524719238281e-01 4.682801961898803711e-01 4.792399406433105469e-01 4.902813434600830078e-01 5.057065486907958984e-01 5.608944892883300781e-01 6.222724914550781250e-01 6.892791986465454102e-01 7.656372785568237305e-01 8.968673944473266602e-01 nan
