nan 1.032694101333618164e+00 9.889367818832397461e-01 9.421690702438354492e-01 9.210102558135986328e-01 9.011228084564208984e-01 8.734388351440429688e-01 8.420312404632568359e-01 8.111500740051269531e-01 8.216141462326049805e-01 8.035812377929687500e-01 8.114316463470458984e-01 7.919625043869018555e-01 7.344398498535156250e-01 6.787638664245605469e-01 6.248749494552612305e-01
1.016391038894653320e+00 nan 1.092801094055175781e+00 1.036606550216674805e+00 9.648689031600952148e-01 9.256407022476196289e-01 8.937263488769531250e-01 8.619786500930786133e-01 8.307632207870483398e-01 8.045861721038818359e-01 7.736392021179199219e-01 7.808834314346313477e-01 7.689915895462036133e-01 7.122063636779785156e-01 6.572439670562744141e-01 6.040458679199218750e-01
9.379419088363647461e-01 1.082499742507934570e+00 nan 1.135634899139404297e+00 1.059276580810546875e+00 9.819804430007934570e-01 9.142335653305053711e-01 8.821420669555664062e-01 8.610168695449829102e-01 8.072785139083862305e-01 7.437281608581542969e-01 7.508503198623657227e-01 7.463150024414062500e-01 6.902576684951782227e-01 6.359999179840087891e-01 5.834838151931762695e-01
8.653748035430908203e-01 1.004329919815063477e+00 1.153636217117309570e+00 nan 1.160681247711181641e+00 1.072005987167358398e+00 9.850609302520751953e-01 9.099087715148925781e-01 8.692901134490966797e-01 8.035662174224853516e-01 7.470096349716186523e-01 7.208088636398315430e-01 7.240061759948730469e-01 6.683437824249267578e-01 6.144785881042480469e-01 5.623524188995361328e-01
7.919192314147949219e-01 9.297678470611572266e-01 1.069597482681274414e+00 1.187941789627075195e+00 nan 1.169087886810302734e+00 1.073351383209228516e+00 9.697374105453491211e-01 8.555721044540405273e-01 7.974171638488769531e-01 7.530086040496826172e-01 7.140842676162719727e-01 6.953980922698974609e-01 6.489826440811157227e-01 5.957425832748413086e-01 5.442214012145996094e-01
7.659437656402587891e-01 8.532717227935791016e-01 9.763965606689453125e-01 1.084607362747192383e+00 1.213770866394042969e+00 nan 1.178282499313354492e+00 1.047051191329956055e+00 9.201383590698242188e-01 8.165632486343383789e-01 7.685680389404296875e-01 7.222049236297607422e-01 6.816835403442382812e-01 6.298460960388183594e-01 5.772238969802856445e-01 5.263006687164306641e-01
7.446664571762084961e-01 8.302094936370849609e-01 8.953320980072021484e-01 9.856245517730712891e-01 1.093551635742187500e+00 1.234703302383422852e+00 nan 1.145984888076782227e+00 1.011204957962036133e+00 8.992671966552734375e-01 8.085552453994750977e-01 7.611438035964965820e-01 7.149752378463745117e-01 6.414712667465209961e-01 5.714598894119262695e-01 5.144850015640258789e-01
7.216737270355224609e-01 8.055006265640258789e-01 8.571205139160156250e-01 8.913415670394897461e-01 9.879500865936279297e-01 1.090312957763671875e+00 1.209762334823608398e+00 nan 1.110498428344726562e+00 9.947583675384521484e-01 8.817952871322631836e-01 8.009631633758544922e-01 7.537508010864257812e-01 6.909075975418090820e-01 5.868816375732421875e-01 5.256029367446899414e-01
7.261803150177001953e-01 7.747429609298706055e-01 8.193924427032470703e-01 8.434598445892333984e-01 8.553488254547119141e-01 9.451757669448852539e-01 1.055481195449829102e+00 1.174412250518798828e+00 nan 1.095050573348999023e+00 9.765025377273559570e-01 8.617616891860961914e-01 7.934029102325439453e-01 7.418326139450073242e-01 6.346739530563354492e-01 5.368025302886962891e-01
7.468684911727905273e-01 7.593568563461303711e-01 7.717229127883911133e-01 7.859988212585449219e-01 7.933138608932495117e-01 8.270604610443115234e-01 9.336676597595214844e-01 1.046495199203491211e+00 1.189799547195434570e+00 nan 1.075976371765136719e+00 9.554606676101684570e-01 8.419412374496459961e-01 7.858743667602539062e-01 6.839054822921752930e-01 5.803102254867553711e-01
7.668190002441406250e-01 7.625617980957031250e-01 7.336673736572265625e-01 7.226018905639648438e-01 7.344613075256347656e-01 7.619760036468505859e-01 8.178787231445312500e-01 9.261034727096557617e-01 1.038489818572998047e+00 1.208816528320312500e+00 nan 1.053875207901000977e+00 9.346424341201782227e-01 8.262528181076049805e-01 7.346194982528686523e-01 6.279045343399047852e-01
7.483532428741455078e-01 7.393473386764526367e-01 7.167559862136840820e-01 6.890939474105834961e-01 6.726523637771606445e-01 6.949759721755981445e-01 7.441155910491943359e-01 7.984782457351684570e-01 9.087042808532714844e-01 1.038230419158935547e+00 1.201765537261962891e+00 nan 1.032009363174438477e+00 9.140464067459106445e-01 7.868611812591552734e-01 6.769323348999023438e-01
5.633567571640014648e-01 6.823045015335083008e-01 6.613975763320922852e-01 6.389387845993041992e-01 6.167836189270019531e-01 6.153956651687622070e-01 6.689218282699584961e-01 7.242214679718017578e-01 7.792849540710449219e-01 8.883346319198608398e-01 1.016786098480224609e+00 1.190315961837768555e+00 nan 1.010376453399658203e+00 8.742934465408325195e-01 7.256970405578613281e-01
5.313365459442138672e-01 5.287303924560546875e-01 5.772160291671752930e-01 5.860896110534667969e-01 5.646488666534423828e-01 5.550680160522460938e-01 5.747033357620239258e-01 6.268812417984008789e-01 6.807878017425537109e-01 7.364807128906250000e-01 8.398923873901367188e-01 9.756222963333129883e-01 1.175868749618530273e+00 nan 9.730396270751953125e-01 7.858375310897827148e-01
4.964945316314697266e-01 4.969874620437622070e-01 4.913792610168457031e-01 4.902976751327514648e-01 5.141953229904174805e-01 5.073184967041015625e-01 5.183043479919433594e-01 5.350362062454223633e-01 5.858997106552124023e-01 6.384483575820922852e-01 6.954394578933715820e-01 7.794213294982910156e-01 9.047490358352661133e-01 1.064367771148681641e+00 nan 8.804037570953369141e-01
4.500029087066650391e-01 4.592806100845336914e-01 4.570834636688232422e-01 4.546499252319335938e-01 4.547566175460815430e-01 4.582586288452148438e-01 4.691435098648071289e-01 4.801095724105834961e-01 4.911575317382812500e-01 5.286735296249389648e-01 5.844627618789672852e-01 6.471900939941406250e-01 7.152259349822998047e-01 8.253372907638549805e-01 9.493825435638427734e-01 nan
