nan 1.137589693069458008e+00 1.075921773910522461e+00 1.021895408630371094e+00 9.621899127960205078e-01 9.372903108596801758e-01 9.170038700103759766e-01 9.061478376388549805e-01 8.953534364700317383e-01 8.914700746536254883e-01 8.583719730377197266e-01 8.164708614349365234e-01 7.625809907913208008e-01 7.060015201568603516e-01 6.512383222579956055e-01 5.982331037521362305e-01
1.034467458724975586e+00 nan 1.184328556060791016e+00 1.120209455490112305e+00 1.045002937316894531e+00 9.758913516998291016e-01 9.597543478012084961e-01 9.486563205718994141e-01 9.376209974288940430e-01 8.950821161270141602e-01 8.152036666870117188e-01 7.865200042724609375e-01 7.399866580963134766e-01 6.841324567794799805e-01 6.300712823867797852e-01 5.777454376220703125e-01
9.553148746490478516e-01 1.101168870925903320e+00 nan 1.222733497619628906e+00 1.157225608825683594e+00 1.090054988861083984e+00 1.024876117706298828e+00 9.921128749847412109e-01 9.755318164825439453e-01 8.960372209548950195e-01 7.912290096282958984e-01 7.570631504058837891e-01 7.176820039749145508e-01 6.625438928604125977e-01 6.091755628585815430e-01 5.575205087661743164e-01
8.775951862335205078e-01 1.022034883499145508e+00 1.170316457748413086e+00 nan 1.273720502853393555e+00 1.194587707519531250e+00 1.126827716827392578e+00 1.061159610748291016e+00 9.641183614730834961e-01 8.895351886749267578e-01 7.922714948654174805e-01 7.191926240921020508e-01 6.972030401229858398e-01 6.426295042037963867e-01 5.898108482360839844e-01 5.386905670166015625e-01
8.079236745834350586e-01 9.383403062820434570e-01 1.073046445846557617e+00 1.199399232864379883e+00 nan 1.325991153717041016e+00 1.238714933395385742e+00 1.115675449371337891e+00 9.769712686538696289e-01 8.747509717941284180e-01 7.835782766342163086e-01 7.108442783355712891e-01 6.768840551376342773e-01 6.241015195846557617e-01 5.716649293899536133e-01 5.209209918975830078e-01
7.775083780288696289e-01 8.713628053665161133e-01 9.790941476821899414e-01 1.099318742752075195e+00 1.258448123931884766e+00 nan 1.349014520645141602e+00 1.197945117950439453e+00 1.052351951599121094e+00 9.164026975631713867e-01 8.033028841018676758e-01 7.362552881240844727e-01 6.907391548156738281e-01 6.118730306625366211e-01 5.534328222274780273e-01 5.032707452774047852e-01
7.476047277450561523e-01 8.484218120574951172e-01 9.055701494216918945e-01 1.005461931228637695e+00 1.141548395156860352e+00 1.289723396301269531e+00 nan 1.286293268203735352e+00 1.129745960235595703e+00 9.886701107025146484e-01 8.392845392227172852e-01 7.755118608474731445e-01 7.289665937423706055e-01 6.478884220123291016e-01 5.648367404937744141e-01 5.081019401550292969e-01
7.130259275436401367e-01 8.127082586288452148e-01 8.676382303237915039e-01 9.181017875671386719e-01 1.007207870483398438e+00 1.112450599670410156e+00 1.228622674942016602e+00 nan 1.214708805084228516e+00 1.063662290573120117e+00 9.273296594619750977e-01 8.156560659408569336e-01 7.680584192276000977e-01 6.975177526473999023e-01 5.930854082107543945e-01 5.191730260848999023e-01
7.308632135391235352e-01 7.733888626098632812e-01 8.204976320266723633e-01 8.566417694091796875e-01 8.583368062973022461e-01 9.475374221801757812e-01 1.054640769958496094e+00 1.167633295059204102e+00 nan 1.151101112365722656e+00 1.024328470230102539e+00 9.068111181259155273e-01 8.080340623855590820e-01 7.486419677734375000e-01 6.410641670227050781e-01 5.401049852371215820e-01
7.521311044692993164e-01 7.542399168014526367e-01 7.556784152984619141e-01 7.621618509292602539e-01 7.686690092086791992e-01 8.024058341979980469e-01 9.019895792007446289e-01 1.012969017028808594e+00 1.134484767913818359e+00 nan 1.126209259033203125e+00 1.002777338027954102e+00 8.865110874176025391e-01 8.004441261291503906e-01 6.904882192611694336e-01 5.864881277084350586e-01
7.769671678543090820e-01 7.527064085006713867e-01 7.198846340179443359e-01 6.901423931121826172e-01 7.017782926559448242e-01 7.339090108871459961e-01 7.841771841049194336e-01 8.881920576095581055e-01 1.003916263580322266e+00 1.153021335601806641e+00 nan 1.103573322296142578e+00 9.814555644989013672e-01 8.664273023605346680e-01 7.414007186889648438e-01 6.342685222625732422e-01
7.297519445419311523e-01 7.157287597656250000e-01 6.935662031173706055e-01 6.706725358963012695e-01 6.442197561264038086e-01 6.679762601852416992e-01 7.163330316543579102e-01 7.660917043685913086e-01 8.680411577224731445e-01 9.825304746627807617e-01 1.134069204330444336e+00 nan 1.081178426742553711e+00 9.603610038757324219e-01 8.066970109939575195e-01 6.802575588226318359e-01
5.500674247741699219e-01 6.568739414215087891e-01 6.389555931091308594e-01 6.168001890182495117e-01 5.949442386627197266e-01 5.887743234634399414e-01 6.354001760482788086e-01 6.895890235900878906e-01 7.455736398696899414e-01 8.481054306030273438e-01 9.569904804229736328e-01 1.123458623886108398e+00 nan 1.052784442901611328e+00 9.001462459564208984e-01 7.198601961135864258e-01
5.183192491531372070e-01 5.151337385177612305e-01 5.406690835952758789e-01 5.646648406982421875e-01 5.435137748718261719e-01 5.399898290634155273e-01 5.512137413024902344e-01 5.942039489746093750e-01 6.470278501510620117e-01 7.016021013259887695e-01 7.881150245666503906e-01 9.140547513961791992e-01 1.082252264022827148e+00 nan 9.969072341918945312e-01 8.069523572921752930e-01
4.832143783569335938e-01 4.838562011718750000e-01 4.781148433685302734e-01 4.768327474594116211e-01 4.937416315078735352e-01 4.927031993865966797e-01 5.035825967788696289e-01 5.145412683486938477e-01 5.540455579757690430e-01 6.055388450622558594e-01 6.621502637863159180e-01 7.316540479660034180e-01 8.536173105239868164e-01 9.745367765426635742e-01 nan 9.045931100845336914e-01
4.363604784011840820e-01 4.455507993698120117e-01 4.433453083038330078e-01 4.407298564910888672e-01 4.408354759216308594e-01 4.433404207229614258e-01 4.541139602661132812e-01 4.649678468704223633e-01 4.759027957916259766e-01 4.904440641403198242e-01 5.455495119094848633e-01 6.081794500350952148e-01 6.746040582656860352e-01 7.565321922302246094e-01 8.686470985412597656e-01 nan
