nan 1.116085290908813477e+00 1.051053524017333984e+00 9.993754625320434570e-01 9.418656826019287109e-01 9.217624664306640625e-01 8.964866399765014648e-01 8.681806325912475586e-01 8.576011657714843750e-01 8.511377573013305664e-01 8.279479742050170898e-01 7.961531877517700195e-01 7.534633874893188477e-01 6.971765756607055664e-01 6.426966190338134766e-01 5.863916873931884766e-01
1.006537199020385742e+00 nan 1.158161878585815430e+00 1.096594333648681641e+00 1.022124767303466797e+00 9.498245716094970703e-01 9.207195043563842773e-01 9.098423719406127930e-01 8.990269899368286133e-01 8.576803207397460938e-01 7.940657138824462891e-01 7.665374279022216797e-01 7.309859991073608398e-01 6.754205226898193359e-01 6.216391324996948242e-01 5.695838928222656250e-01
9.284715652465820312e-01 1.072322845458984375e+00 nan 1.197866916656494141e+00 1.119283437728881836e+00 1.046707868576049805e+00 9.828801155090332031e-01 9.524333477020263672e-01 9.413765668869018555e-01 8.651783466339111328e-01 7.690579891204833984e-01 7.374099493026733398e-01 7.087966203689575195e-01 6.539436578750610352e-01 6.008515357971191406e-01 5.494636297225952148e-01
8.584021329879760742e-01 9.968379735946655273e-01 1.142375946044921875e+00 nan 1.233072996139526367e+00 1.148964405059814453e+00 1.082612991333007812e+00 1.018309593200683594e+00 9.416203498840332031e-01 8.587214946746826172e-01 7.699824571609497070e-01 7.002168893814086914e-01 6.884386539459228516e-01 6.341469287872314453e-01 5.816009044647216797e-01 5.307446718215942383e-01
7.991584539413452148e-01 9.245481491088867188e-01 1.058309555053710938e+00 1.175219774246215820e+00 nan 1.280236244201660156e+00 1.190021753311157227e+00 1.082342624664306641e+00 9.519311189651489258e-01 8.472206592559814453e-01 7.613973617553710938e-01 7.055010795593261719e-01 6.698558330535888672e-01 6.161617040634155273e-01 5.641940832138061523e-01 5.138974189758300781e-01
7.699369192123413086e-01 8.619393110275268555e-01 9.670196771621704102e-01 1.072703599929809570e+00 1.204477310180664062e+00 nan 1.318588733673095703e+00 1.164078474044799805e+00 1.024665117263793945e+00 8.902360200881958008e-01 7.834758758544921875e-01 7.346507310867309570e-01 6.892852783203125000e-01 6.062541007995605469e-01 5.481919050216674805e-01 4.972356557846069336e-01
7.401605844497680664e-01 8.392902612686157227e-01 8.970183134078979492e-01 9.750189781188964844e-01 1.090938568115234375e+00 1.249628543853759766e+00 nan 1.259068250656127930e+00 1.102290153503417969e+00 9.633002281188964844e-01 8.370503187179565430e-01 7.743793725967407227e-01 7.279748916625976562e-01 6.421309709548950195e-01 5.603398084640502930e-01 5.039373636245727539e-01
7.085113525390625000e-01 8.073742389678955078e-01 8.594050407409667969e-01 8.918064832687377930e-01 9.845979213714599609e-01 1.082338809967041016e+00 1.197154521942138672e+00 nan 1.195131540298461914e+00 1.046199321746826172e+00 9.301185607910156250e-01 8.182002305984497070e-01 7.675507068634033203e-01 6.929208040237426758e-01 5.890520811080932617e-01 5.157380104064941406e-01
7.294076681137084961e-01 7.691107988357543945e-01 8.167635202407836914e-01 8.414384126663208008e-01 8.462460041046142578e-01 9.301564693450927734e-01 1.039724349975585938e+00 1.155512094497680664e+00 nan 1.154397487640380859e+00 1.027902126312255859e+00 9.103136062622070312e-01 8.080329895019531250e-01 7.452813386917114258e-01 6.382001638412475586e-01 5.376889705657958984e-01
7.505596876144409180e-01 7.554301023483276367e-01 7.545559406280517578e-01 7.669974565505981445e-01 7.765107154846191406e-01 8.025608062744140625e-01 9.019911289215087891e-01 1.013114213943481445e+00 1.135535478591918945e+00 nan 1.130639553070068359e+00 1.007093667984008789e+00 8.907116651535034180e-01 7.992615699768066406e-01 6.888685226440429688e-01 5.852484703063964844e-01
7.658891677856445312e-01 7.578237056732177734e-01 7.287180423736572266e-01 7.003654241561889648e-01 7.122023105621337891e-01 7.385649681091308594e-01 7.890628576278686523e-01 8.920181989669799805e-01 1.006019353866577148e+00 1.153632640838623047e+00 nan 1.111096143722534180e+00 9.864985942840576172e-01 8.713109493255615234e-01 7.411037683486938477e-01 6.342788934707641602e-01
7.357139587402343750e-01 7.254773378372192383e-01 7.031540870666503906e-01 6.801511049270629883e-01 6.527919769287109375e-01 6.728489398956298828e-01 7.214379310607910156e-01 7.714383602142333984e-01 8.724377155303955078e-01 9.873155355453491211e-01 1.152584075927734375e+00 nan 1.092055320739746094e+00 9.660698175430297852e-01 8.110182285308837891e-01 6.841335296630859375e-01
5.533127784729003906e-01 6.636425256729125977e-01 6.483222246170043945e-01 6.260596513748168945e-01 6.040978431701660156e-01 5.918755531311035156e-01 6.412308216094970703e-01 6.957025527954101562e-01 7.519822120666503906e-01 8.529736995697021484e-01 9.686137437820434570e-01 1.141596794128417969e+00 nan 1.072738647460937500e+00 9.097174406051635742e-01 7.285232543945312500e-01
5.214028358459472656e-01 5.181552171707153320e-01 5.470137596130371094e-01 5.737096071243286133e-01 5.524505376815795898e-01 5.429387092590332031e-01 5.541841983795166016e-01 6.000757217407226562e-01 6.530942916870117188e-01 7.078695297241210938e-01 7.971744537353515625e-01 9.237524271011352539e-01 1.102316379547119141e+00 nan 1.018460988998413086e+00 8.160542249679565430e-01
4.865494966506958008e-01 4.867434501647949219e-01 4.810154438018798828e-01 4.798253774642944336e-01 5.023902654647827148e-01 4.955615997314453125e-01 5.064617395401000977e-01 5.174413919448852539e-01 5.597695112228393555e-01 6.114523410797119141e-01 6.678924560546875000e-01 7.404273748397827148e-01 8.630086183547973633e-01 9.912033081054687500e-01 nan 9.194349050521850586e-01
4.397182464599609375e-01 4.489301443099975586e-01 4.463064670562744141e-01 4.437779188156127930e-01 4.438836574554443359e-01 4.462330341339111328e-01 4.570280313491821289e-01 4.679037332534790039e-01 4.788604974746704102e-01 4.971771240234375000e-01 5.516602993011474609e-01 6.156485080718994141e-01 6.823816299438476562e-01 7.687003612518310547e-01 8.862624168395996094e-01 nan
