nan 1.168300390243530273e+00 1.089211940765380859e+00 1.031708478927612305e+00 9.605143070220947266e-01 9.341912269592285156e-01 9.017651081085205078e-01 8.842977285385131836e-01 8.736263513565063477e-01 8.451771736145019531e-01 8.217161893844604492e-01 8.227989673614501953e-01 7.722520828247070312e-01 7.112851142883300781e-01 6.506282091140747070e-01 5.921211242675781250e-01
1.041298866271972656e+00 nan 1.210916996002197266e+00 1.130499839782714844e+00 1.054712772369384766e+00 9.715077877044677734e-01 9.372898340225219727e-01 9.263190031051635742e-01 9.140373468399047852e-01 8.566310405731201172e-01 8.167024850845336914e-01 7.998980283737182617e-01 7.495337724685668945e-01 6.933732032775878906e-01 6.390153169631958008e-01 5.858445167541503906e-01
9.618805646896362305e-01 1.108224153518676758e+00 nan 1.235276937484741211e+00 1.152422904968261719e+00 1.078150749206542969e+00 1.013343095779418945e+00 9.692772626876831055e-01 9.492639303207397461e-01 8.961732387542724609e-01 8.096165657043457031e-01 7.702202796936035156e-01 7.272812128067016602e-01 6.716660261154174805e-01 6.180049180984497070e-01 5.660665035247802734e-01
8.897640705108642578e-01 1.030536174774169922e+00 1.173327684402465820e+00 nan 1.284360885620117188e+00 1.188762187957763672e+00 1.117753982543945312e+00 1.052366018295288086e+00 9.787641763687133789e-01 9.119240045547485352e-01 8.137481212615966797e-01 7.397935390472412109e-01 7.060819864273071289e-01 6.512229442596435547e-01 5.981279611587524414e-01 5.467401742935180664e-01
8.117547035217285156e-01 9.511291980743408203e-01 1.082872390747070312e+00 1.205775737762451172e+00 nan 1.346961975097656250e+00 1.238777875900268555e+00 1.146751403808593750e+00 1.039825916290283203e+00 9.000937938690185547e-01 8.049507141113281250e-01 7.313547134399414062e-01 6.803150177001953125e-01 6.330497264862060547e-01 5.805391073226928711e-01 5.297168493270874023e-01
7.847040891647338867e-01 8.742628097534179688e-01 9.884748458862304688e-01 1.094914197921752930e+00 1.250181913375854492e+00 nan 1.411278486251831055e+00 1.263174057006835938e+00 1.113548040390014648e+00 9.673076868057250977e-01 8.221472501754760742e-01 7.418783903121948242e-01 6.963238716125488281e-01 6.182180643081665039e-01 5.631438493728637695e-01 5.128810405731201172e-01
7.546793222427368164e-01 8.482053279876708984e-01 9.038630723953247070e-01 9.961825609207153320e-01 1.134289264678955078e+00 1.310347080230712891e+00 nan 1.385030269622802734e+00 1.194580554962158203e+00 1.046754360198974609e+00 8.817396163940429688e-01 7.817726135253906250e-01 7.351748943328857422e-01 6.612554788589477539e-01 5.719618797302246094e-01 5.151393413543701172e-01
7.201133966445922852e-01 8.168225288391113281e-01 8.661139011383056641e-01 9.035462141036987305e-01 1.019168853759765625e+00 1.172220468521118164e+00 1.295158386230468750e+00 nan 1.310083150863647461e+00 1.128066539764404297e+00 9.600948095321655273e-01 8.440341949462890625e-01 7.749154567718505859e-01 7.126367092132568359e-01 6.075583696365356445e-01 5.270277261734008789e-01
7.307984828948974609e-01 7.783591747283935547e-01 8.191477060317993164e-01 8.511098623275756836e-01 9.123463630676269531e-01 1.006624698638916016e+00 1.117265939712524414e+00 1.234007596969604492e+00 nan 1.250970602035522461e+00 1.056715488433837891e+00 9.374562501907348633e-01 8.251122236251831055e-01 7.656069993972778320e-01 6.572788953781127930e-01 5.555971860885620117e-01
7.519675493240356445e-01 7.511512041091918945e-01 7.582894563674926758e-01 8.034098148345947266e-01 8.182578086853027344e-01 8.510957956314086914e-01 9.531614780426025391e-01 1.060854911804199219e+00 1.198836803436279297e+00 nan 1.197193384170532227e+00 1.035611391067504883e+00 9.175758361816406250e-01 8.085341453552246094e-01 7.081177234649658203e-01 6.030330657958984375e-01
7.615705728530883789e-01 7.527034282684326172e-01 7.362192869186401367e-01 7.269330024719238281e-01 7.362751960754394531e-01 7.576498985290527344e-01 8.200126886367797852e-01 9.263460636138916016e-01 1.038892030715942383e+00 1.208526372909545898e+00 nan 1.169892787933349609e+00 1.014171600341796875e+00 8.972439765930175781e-01 7.595611810684204102e-01 6.513116359710693359e-01
7.372665405273437500e-01 7.372541427612304688e-01 7.237061262130737305e-01 6.984984874725341797e-01 6.737605333328247070e-01 6.910966634750366211e-01 7.401236295700073242e-01 8.035494089126586914e-01 9.140862226486206055e-01 1.042821645736694336e+00 1.199440479278564453e+00 nan 1.144028186798095703e+00 9.927287101745605469e-01 8.473793268203735352e-01 7.010443210601806641e-01
5.643179416656494141e-01 6.721901893615722656e-01 6.681574583053588867e-01 6.456073522567749023e-01 6.233620643615722656e-01 6.098778247833251953e-01 6.632210016250610352e-01 7.183318138122558594e-01 7.843019962310791016e-01 8.936591148376464844e-01 1.023803472518920898e+00 1.192029476165771484e+00 nan 1.120909214019775391e+00 9.545987844467163086e-01 7.735514640808105469e-01
5.363477468490600586e-01 5.329238176345825195e-01 5.549205541610717773e-01 5.925431251525878906e-01 5.710152387619018555e-01 5.571604967117309570e-01 5.693244934082031250e-01 6.213240623474121094e-01 6.750465631484985352e-01 7.305490970611572266e-01 8.439748287200927734e-01 9.789626598358154297e-01 1.177573204040527344e+00 nan 1.089989662170410156e+00 8.633625507354736328e-01
5.005779266357421875e-01 5.013103485107421875e-01 4.954702854156494141e-01 4.941552877426147461e-01 5.203562974929809570e-01 5.093467235565185547e-01 5.203474760055541992e-01 5.314282178878784180e-01 5.804824829101562500e-01 6.328517198562622070e-01 6.923630237579345703e-01 7.857500314712524414e-01 9.115234613418579102e-01 1.069165706634521484e+00 nan 9.862722158432006836e-01
4.533265829086303711e-01 4.628293514251708984e-01 4.606478214263916016e-01 4.579834938049316406e-01 4.580904245376586914e-01 4.597886800765991211e-01 4.706848859786987305e-01 4.816625118255615234e-01 4.927220344543457031e-01 5.192459821701049805e-01 5.765962600708007812e-01 6.417162418365478516e-01 7.095259428024291992e-01 8.205891847610473633e-01 9.584255218505859375e-01 nan
