nan 9.741294384002685547e-01 9.316327571868896484e-01 8.828488588333129883e-01 8.593983650207519531e-01 8.401489257812500000e-01 8.210989236831665039e-01 8.022458553314208984e-01 7.765511274337768555e-01 7.925980091094970703e-01 7.941855192184448242e-01 8.083261251449584961e-01 7.780543565750122070e-01 7.150307893753051758e-01 6.542409658432006836e-01 5.956058502197265625e-01
8.832755088806152344e-01 nan 1.032504558563232422e+00 9.744019508361816406e-01 9.040830135345458984e-01 8.638805150985717773e-01 8.445847034454345703e-01 8.254885673522949219e-01 8.028559684753417969e-01 7.794437408447265625e-01 7.722507715225219727e-01 7.800716161727905273e-01 7.635694742202758789e-01 7.069581747055053711e-01 6.477195024490356445e-01 5.893155336380004883e-01
8.234393596649169922e-01 9.450199604034423828e-01 nan 1.069566488265991211e+00 9.955699443817138672e-01 9.242193698883056641e-01 8.683735132217407227e-01 8.503562211990356445e-01 8.295502662658691406e-01 8.006064891815185547e-01 7.429332733154296875e-01 7.500522136688232422e-01 7.409625053405761719e-01 6.850770711898803711e-01 6.309853792190551758e-01 5.786303281784057617e-01
7.676200866699218750e-01 8.761692047119140625e-01 1.010326385498046875e+00 nan 1.095920085906982422e+00 1.020790338516235352e+00 9.482281208038330078e-01 8.743370771408081055e-01 8.534342050552368164e-01 8.117411136627197266e-01 7.508968114852905273e-01 7.189966440200805664e-01 7.200574874877929688e-01 6.647490262985229492e-01 6.112190485000610352e-01 5.594103336334228516e-01
7.583454847335815430e-01 8.179090023040771484e-01 9.314415454864501953e-01 1.046389341354370117e+00 nan 1.124273061752319336e+00 1.034880161285400391e+00 9.521924257278442383e-01 8.672595024108886719e-01 8.183645009994506836e-01 7.574959993362426758e-01 7.186228036880493164e-01 6.938291788101196289e-01 6.464269161224365234e-01 5.934861898422241211e-01 5.422476530075073242e-01
7.539107799530029297e-01 8.128234148025512695e-01 8.625838756561279297e-01 9.650077819824218750e-01 1.069672346115112305e+00 nan 1.143071174621582031e+00 1.031923770904541016e+00 9.303418397903442383e-01 8.285307884216308594e-01 7.753293514251708984e-01 7.288999557495117188e-01 6.869435310363769531e-01 6.283065080642700195e-01 5.759483575820922852e-01 5.252739191055297852e-01
7.375369071960449219e-01 8.085011243820190430e-01 8.496724367141723633e-01 8.826768398284912109e-01 9.759091138839721680e-01 1.089467763900756836e+00 nan 1.136638402938842773e+00 1.029821157455444336e+00 9.190770387649536133e-01 8.159896135330200195e-01 7.684968709945678711e-01 7.222465276718139648e-01 6.491214036941528320e-01 5.721939802169799805e-01 5.153629779815673828e-01
7.235122919082641602e-01 7.917199134826660156e-01 8.264596462249755859e-01 8.518816232681274414e-01 8.967661857604980469e-01 9.852209091186523438e-01 1.101879596710205078e+00 nan 1.133056640625000000e+00 1.016223192214965820e+00 9.041972160339355469e-01 8.090009689331054688e-01 7.616909742355346680e-01 7.001271247863769531e-01 5.958163738250732422e-01 5.272532701492309570e-01
7.445921897888183594e-01 7.657356262207031250e-01 8.035379648208618164e-01 8.271126747131347656e-01 8.440593481063842773e-01 8.749685287475585938e-01 9.791262149810791016e-01 1.094755887985229492e+00 nan 1.118271589279174805e+00 1.000667333602905273e+00 8.846580982208251953e-01 8.020390272140502930e-01 7.527108192443847656e-01 6.451737880706787109e-01 5.442347526550292969e-01
7.659298181533813477e-01 7.810388803482055664e-01 7.650970220565795898e-01 7.884283065795898438e-01 7.961711883544921875e-01 8.036864995956420898e-01 8.632895946502685547e-01 9.721515178680419922e-01 1.103391647338867188e+00 nan 1.132030248641967773e+00 9.801384210586547852e-01 8.653196096420288086e-01 7.951039075851440430e-01 6.960576772689819336e-01 5.919964313507080078e-01
7.862108945846557617e-01 7.832241058349609375e-01 7.664113044738769531e-01 7.356815338134765625e-01 7.437778711318969727e-01 7.559170722961425781e-01 7.887222766876220703e-01 8.567229509353637695e-01 9.652011394500732422e-01 1.121216535568237305e+00 nan 1.112800836563110352e+00 9.598200321197509766e-01 8.461793661117553711e-01 7.485152482986450195e-01 6.412355899810791016e-01
7.712994813919067383e-01 7.711622714996337891e-01 7.526866197586059570e-01 7.234897613525390625e-01 6.911666393280029297e-01 6.939189434051513672e-01 7.249572277069091797e-01 7.750598192214965820e-01 8.467084169387817383e-01 9.617289304733276367e-01 1.142723321914672852e+00 nan 1.093744754791259766e+00 9.397103786468505859e-01 8.025954961776733398e-01 6.919977664947509766e-01
5.712100267410278320e-01 6.801959276199340820e-01 6.962598562240600586e-01 6.733498573303222656e-01 6.507493257522583008e-01 6.284539699554443359e-01 6.516827344894409180e-01 7.065013647079467773e-01 7.575731277465820312e-01 8.275967836380004883e-01 9.729586839675903320e-01 1.135058879852294922e+00 nan 1.074860572814941406e+00 9.067806005477905273e-01 7.443298101425170898e-01
5.412073135375976562e-01 5.377601385116577148e-01 5.624299049377441406e-01 6.194773912429809570e-01 5.976045131683349609e-01 5.760269165039062500e-01 5.721679925918579102e-01 6.105405092239379883e-01 6.639937162399291992e-01 7.192209959030151367e-01 7.888327836990356445e-01 9.379510879516601562e-01 1.127028942108154297e+00 nan 1.056349277496337891e+00 8.320637941360473633e-01
5.060931444168090820e-01 5.059700012207031250e-01 5.000945329666137695e-01 4.988279342651367188e-01 5.461705923080444336e-01 5.252876281738281250e-01 5.238153934478759766e-01 5.349044799804687500e-01 5.703376531600952148e-01 6.223707199096679688e-01 6.778846979141235352e-01 7.443418502807617188e-01 8.545194864273071289e-01 1.026242256164550781e+00 nan 9.738839864730834961e-01
4.593732357025146484e-01 4.686940908432006836e-01 4.656685590744018555e-01 4.630545377731323242e-01 4.631617069244384766e-01 4.636806249618530273e-01 4.746059179306030273e-01 4.856127500534057617e-01 4.967017173767089844e-01 5.150738954544067383e-01 5.688860416412353516e-01 6.336876153945922852e-01 7.011657953262329102e-01 7.808659076690673828e-01 9.233956336975097656e-01 nan
