nan 1.186108827590942383e+00 1.095799684524536133e+00 1.019145965576171875e+00 9.889537096023559570e-01 9.523125886917114258e-01 9.177229404449462891e-01 9.039564132690429688e-01 8.902887105941772461e-01 8.767189979553222656e-01 8.632467985153198242e-01 8.571370840072631836e-01 8.432192802429199219e-01 8.424372673034667969e-01 8.267970085144042969e-01 8.110061883926391602e-01 0.000000000000000000e+00 0.000000000000000000e+00 0.000000000000000000e+00 0.000000000000000000e+00 0.000000000000000000e+00 0.000000000000000000e+00
1.096955537796020508e+00 nan 1.217120170593261719e+00 1.124230861663818359e+00 1.060295343399047852e+00 1.017369985580444336e+00 9.671547412872314453e-01 9.209219217300415039e-01 9.071325063705444336e-01 8.934419155120849609e-01 8.873076438903808594e-01 8.864923715591430664e-01 8.738874197006225586e-01 8.384457826614379883e-01 8.228393793106079102e-01 8.086539506912231445e-01 0.000000000000000000e+00 0.000000000000000000e+00 0.000000000000000000e+00 0.000000000000000000e+00 0.000000000000000000e+00 0.000000000000000000e+00
9.812691211700439453e-01 1.133201360702514648e+00 nan 1.247197389602661133e+00 1.153048038482666016e+00 1.083989381790161133e+00 1.032115936279296875e+00 9.815337657928466797e-01 9.322105646133422852e-01 9.179689884185791016e-01 9.190596342086791992e-01 9.155189990997314453e-01 9.050655364990234375e-01 8.620239496231079102e-01 8.188899755477905273e-01 7.979041337966918945e-01 0.000000000000000000e+00 0.000000000000000000e+00 0.000000000000000000e+00 0.000000000000000000e+00 0.000000000000000000e+00 0.000000000000000000e+00
9.104660749435424805e-01 1.015515327453613281e+00 1.170073270797729492e+00 nan 1.274608373641967773e+00 1.169852256774902344e+00 1.099222660064697266e+00 1.046970129013061523e+00 1.004096269607543945e+00 9.694606065750122070e-01 9.513459205627441406e-01 9.449923038482666016e-01 9.367629289627075195e-01 8.893896341323852539e-01 8.260744810104370117e-01 7.773286104202270508e-01 0.000000000000000000e+00 0.000000000000000000e+00 0.000000000000000000e+00 0.000000000000000000e+00 0.000000000000000000e+00 0.000000000000000000e+00
8.603849411010742188e-01 9.552620649337768555e-01 1.054977893829345703e+00 1.207943201065063477e+00 nan 1.305930376052856445e+00 1.196511745452880859e+00 1.121366262435913086e+00 1.084967136383056641e+00 1.049192905426025391e+00 1.011795520782470703e+00 9.741357564926147461e-01 9.666603803634643555e-01 9.108345508575439453e-01 8.267116546630859375e-01 7.713497877120971680e-01 0.000000000000000000e+00 0.000000000000000000e+00 0.000000000000000000e+00 0.000000000000000000e+00 0.000000000000000000e+00 0.000000000000000000e+00
8.138295412063598633e-01 9.063323736190795898e-01 1.003552913665771484e+00 1.105731487274169922e+00 1.237009763717651367e+00 nan 1.347982168197631836e+00 1.246289253234863281e+00 1.164248228073120117e+00 1.122181892395019531e+00 1.076599836349487305e+00 1.031997442245483398e+00 9.833973646163940430e-01 9.026409387588500977e-01 8.189110755920410156e-01 7.659155130386352539e-01 0.000000000000000000e+00 0.000000000000000000e+00 0.000000000000000000e+00 0.000000000000000000e+00 0.000000000000000000e+00 0.000000000000000000e+00
7.684391736984252930e-01 8.586272001266479492e-01 9.534146785736083984e-01 1.052216529846191406e+00 1.137113332748413086e+00 1.287567615509033203e+00 nan 1.404983997344970703e+00 1.306220054626464844e+00 1.205430507659912109e+00 1.148004531860351562e+00 1.097452878952026367e+00 1.008271694183349609e+00 8.944830894470214844e-01 8.144487142562866211e-01 7.643995285034179688e-01 0.000000000000000000e+00 0.000000000000000000e+00 0.000000000000000000e+00 0.000000000000000000e+00 0.000000000000000000e+00 0.000000000000000000e+00
7.550863027572631836e-01 8.136204481124877930e-01 9.045312404632568359e-01 9.961235523223876953e-01 1.077908039093017578e+00 1.166280746459960938e+00 1.339268207550048828e+00 nan 1.458081483840942383e+00 1.349791526794433594e+00 1.246271848678588867e+00 1.150275707244873047e+00 1.053656816482543945e+00 9.429063796997070312e-01 8.316982984542846680e-01 7.816092967987060547e-01 0.000000000000000000e+00 0.000000000000000000e+00 0.000000000000000000e+00 0.000000000000000000e+00 0.000000000000000000e+00 0.000000000000000000e+00
7.414084672927856445e-01 8.053859472274780273e-01 8.615796566009521484e-01 9.415637254714965820e-01 1.020342826843261719e+00 1.101954221725463867e+00 1.204469919204711914e+00 1.401100873947143555e+00 nan 1.505526304244995117e+00 1.361024141311645508e+00 1.213338851928710938e+00 1.107850551605224609e+00 9.968938827514648438e-01 8.825339078903198242e-01 7.989869117736816406e-01 0.000000000000000000e+00 0.000000000000000000e+00 0.000000000000000000e+00 0.000000000000000000e+00 0.000000000000000000e+00 0.000000000000000000e+00
7.278373241424560547e-01 7.961946725845336914e-01 8.531273603439331055e-01 8.962311744689941406e-01 9.643723964691162109e-01 1.039437294006347656e+00 1.125229358673095703e+00 1.249608278274536133e+00 1.456769227981567383e+00 nan 1.473623991012573242e+00 1.318895578384399414e+00 1.166622877120971680e+00 1.052381277084350586e+00 9.366611242294311523e-01 8.446550369262695312e-01 0.000000000000000000e+00 0.000000000000000000e+00 0.000000000000000000e+00 0.000000000000000000e+00 0.000000000000000000e+00 0.000000000000000000e+00
7.064855098724365234e-01 7.821965217590332031e-01 8.427536487579345703e-01 8.801113367080688477e-01 9.029393196105957031e-01 9.724022150039672852e-01 1.052493572235107422e+00 1.164569616317749023e+00 1.280606269836425781e+00 1.442430257797241211e+00 nan 1.431929826736450195e+00 1.268572807312011719e+00 1.112900972366333008e+00 9.923452138900756836e-01 9.008684158325195312e-01 0.000000000000000000e+00 0.000000000000000000e+00 0.000000000000000000e+00 0.000000000000000000e+00 0.000000000000000000e+00 0.000000000000000000e+00
7.002788782119750977e-01 7.619968652725219727e-01 8.255809545516967773e-01 8.543521165847778320e-01 8.766633272171020508e-01 9.075704813003540039e-01 9.887312650680541992e-01 1.073962450027465820e+00 1.153148889541625977e+00 1.249347925186157227e+00 1.421545028686523438e+00 nan 1.395154714584350586e+00 1.214585781097412109e+00 1.057433366775512695e+00 9.670302867889404297e-01 0.000000000000000000e+00 0.000000000000000000e+00 0.000000000000000000e+00 0.000000000000000000e+00 0.000000000000000000e+00 0.000000000000000000e+00
7.086253166198730469e-01 7.474516630172729492e-01 7.992560863494873047e-01 8.288193941116333008e-01 8.508234024047851562e-01 8.730921745300292969e-01 9.147168397903442383e-01 9.654161930084228516e-01 1.039819002151489258e+00 1.117038726806640625e+00 1.212494134902954102e+00 1.400936365127563477e+00 nan 1.360632658004760742e+00 1.181121587753295898e+00 1.042747259140014648e+00 0.000000000000000000e+00 0.000000000000000000e+00 0.000000000000000000e+00 0.000000000000000000e+00 0.000000000000000000e+00 0.000000000000000000e+00
7.221946716308593750e-01 7.558192014694213867e-01 7.714138031005859375e-01 7.985763549804687500e-01 8.207967281341552734e-01 8.374607563018798828e-01 8.393523693084716797e-01 8.611798286437988281e-01 9.337004423141479492e-01 1.009046792984008789e+00 1.087328910827636719e+00 1.187812328338623047e+00 1.393732070922851562e+00 nan 1.353659152984619141e+00 1.181011438369750977e+00 0.000000000000000000e+00 0.000000000000000000e+00 0.000000000000000000e+00 0.000000000000000000e+00 0.000000000000000000e+00 0.000000000000000000e+00
7.358717918395996094e-01 7.581464052200317383e-01 7.694228887557983398e-01 7.620353698730468750e-01 7.808351516723632812e-01 7.876447439193725586e-01 7.914394140243530273e-01 7.954237461090087891e-01 8.395167589187622070e-01 9.111932516098022461e-01 9.856625795364379883e-01 1.063033580780029297e+00 1.181880474090576172e+00 1.387242317199707031e+00 nan 1.353157520294189453e+00 0.000000000000000000e+00 0.000000000000000000e+00 0.000000000000000000e+00 0.000000000000000000e+00 0.000000000000000000e+00 0.000000000000000000e+00
7.496576309204101562e-01 7.637699842453002930e-01 7.619073390960693359e-01 7.545511722564697266e-01 7.320839166641235352e-01 7.295043468475341797e-01 7.359453439712524414e-01 7.424104213714599609e-01 7.729283571243286133e-01 8.181059360504150391e-01 8.906430006027221680e-01 9.664448499679565430e-01 1.045285940170288086e+00 1.185021162033081055e+00 1.409128427505493164e+00 nan 0.000000000000000000e+00 0.000000000000000000e+00 0.000000000000000000e+00 0.000000000000000000e+00 0.000000000000000000e+00 0.000000000000000000e+00
7.327516078948974609e-01 7.458041906356811523e-01 7.432613372802734375e-01 7.297676801681518555e-01 7.135597467422485352e-01 6.916801929473876953e-01 6.874545812606811523e-01 6.955785751342773438e-01 7.240612506866455078e-01 7.585765123367309570e-01 8.059160709381103516e-01 8.819160461425781250e-01 9.611142873764038086e-01 1.051246643066406250e+00 1.212030410766601562e+00 1.420614480972290039e+00 nan 0.000000000000000000e+00 0.000000000000000000e+00 0.000000000000000000e+00 0.000000000000000000e+00 0.000000000000000000e+00
6.019273996353149414e-01 7.158015966415405273e-01 7.063367366790771484e-01 6.910201311111450195e-01 6.751751899719238281e-01 6.594789028167724609e-01 6.439296007156372070e-01 6.434496641159057617e-01 6.745609045028686523e-01 7.122850418090820312e-01 7.465646266937255859e-01 7.929563522338867188e-01 8.684110641479492188e-01 9.470411539077758789e-01 1.068510532379150391e+00 1.222214698791503906e+00 0.000000000000000000e+00 nan 0.000000000000000000e+00 0.000000000000000000e+00 0.000000000000000000e+00 0.000000000000000000e+00
5.536893606185913086e-01 5.552493333816528320e-01 6.489423513412475586e-01 6.531405448913574219e-01 6.376507282257080078e-01 6.223058700561523438e-01 6.071048974990844727e-01 5.920463800430297852e-01 6.087917089462280273e-01 6.455714702606201172e-01 6.831921339035034180e-01 7.216728925704956055e-01 7.674205303192138672e-01 8.495745658874511719e-01 9.445687532424926758e-01 1.073765277862548828e+00 0.000000000000000000e+00 0.000000000000000000e+00 nan 0.000000000000000000e+00 0.000000000000000000e+00 0.000000000000000000e+00
5.336667299270629883e-01 5.324484109878540039e-01 5.295211076736450195e-01 5.680195093154907227e-01 6.009666919708251953e-01 5.859656333923339844e-01 5.711051225662231445e-01 5.563838481903076172e-01 5.614128112792968750e-01 5.809408426284790039e-01 6.170839071273803711e-01 6.540532112121582031e-01 6.918678283691406250e-01 7.305468320846557617e-01 8.098496198654174805e-01 8.992910385131835938e-01 0.000000000000000000e+00 0.000000000000000000e+00 0.000000000000000000e+00 nan 0.000000000000000000e+00 0.000000000000000000e+00
5.117921829223632812e-01 5.099817514419555664e-01 5.075601339340209961e-01 5.034857988357543945e-01 5.026423931121826172e-01 5.504393577575683594e-01 5.359117984771728516e-01 5.215202569961547852e-01 5.280076265335083008e-01 5.356967449188232422e-01 5.535720586776733398e-01 5.890893936157226562e-01 6.254187822341918945e-01 6.625787019729614258e-01 7.018139362335205078e-01 7.723968029022216797e-01 0.000000000000000000e+00 0.000000000000000000e+00 0.000000000000000000e+00 0.000000000000000000e+00 nan 0.000000000000000000e+00
4.809865951538085938e-01 4.870158433914184570e-01 4.852664470672607422e-01 4.814314842224121094e-01 4.796311855316162109e-01 4.796944856643676758e-01 5.015068054199218750e-01 4.878299236297607422e-01 4.953169822692871094e-01 5.028417110443115234e-01 5.104042291641235352e-01 5.266771316528320312e-01 5.615795850753784180e-01 5.972800254821777344e-01 6.345256567001342773e-01 6.779471635818481445e-01 0.000000000000000000e+00 0.000000000000000000e+00 0.000000000000000000e+00 0.000000000000000000e+00 0.000000000000000000e+00 nan
