nan 1.150352716445922852e+00 1.086772441864013672e+00 1.030849218368530273e+00 9.672402143478393555e-01 9.384526014328002930e-01 9.203060865402221680e-01 9.094314575195312500e-01 8.986182212829589844e-01 8.888156414031982422e-01 8.647947311401367188e-01 8.234004974365234375e-01 7.680058479309082031e-01 7.112522125244140625e-01 6.563205718994140625e-01 6.031520366668701172e-01
1.040852785110473633e+00 nan 1.195745706558227539e+00 1.129598855972290039e+00 1.054008960723876953e+00 9.829080104827880859e-01 9.631302356719970703e-01 9.520131349563598633e-01 9.405512809753417969e-01 8.983569145202636719e-01 8.235762119293212891e-01 7.933355569839477539e-01 7.453420162200927734e-01 6.893160343170166016e-01 6.350883245468139648e-01 5.826015472412109375e-01
9.614518880844116211e-01 1.107763528823852539e+00 nan 1.232522010803222656e+00 1.164993047714233398e+00 1.097477197647094727e+00 1.032066822052001953e+00 9.955445528030395508e-01 9.762657880783081055e-01 9.068961143493652344e-01 8.004803657531738281e-01 7.637664079666137695e-01 7.229685783386230469e-01 6.676608324050903320e-01 6.141283512115478516e-01 5.621054172515869141e-01
8.808156251907348633e-01 1.025502920150756836e+00 1.172720909118652344e+00 nan 1.285163640975952148e+00 1.202715158462524414e+00 1.134704113006591797e+00 1.068792819976806641e+00 9.771056175231933594e-01 9.005430936813354492e-01 8.017191886901855469e-01 7.279652357101440430e-01 7.018169164657592773e-01 6.468708515167236328e-01 5.936989784240722656e-01 5.422438383102416992e-01
8.102219104766845703e-01 9.416648149490356445e-01 1.074623346328735352e+00 1.202771663665771484e+00 nan 1.340009689331054688e+00 1.249701499938964844e+00 1.136234998703002930e+00 9.947290420532226562e-01 8.860263824462890625e-01 7.916402816772460938e-01 7.182987928390502930e-01 6.778483390808105469e-01 6.277588605880737305e-01 5.752040147781372070e-01 5.243461132049560547e-01
7.798892259597778320e-01 8.733396530151367188e-01 9.803775548934936523e-01 1.102192878723144531e+00 1.262870311737060547e+00 nan 1.380915164947509766e+00 1.216791391372680664e+00 1.069950103759765625e+00 9.328351020812988281e-01 8.101195096969604492e-01 7.379702329635620117e-01 6.924091577529907227e-01 6.145744323730468750e-01 5.569237470626831055e-01 5.066559314727783203e-01
7.495144605636596680e-01 8.481562137603759766e-01 9.048048257827758789e-01 1.007055044174194336e+00 1.144987106323242188e+00 1.305496215820312500e+00 nan 1.312111616134643555e+00 1.148007392883300781e+00 1.005722284317016602e+00 8.505084514617919922e-01 7.772655487060546875e-01 7.306742668151855469e-01 6.522806882858276367e-01 5.674594640731811523e-01 5.106294155120849609e-01
7.143356800079345703e-01 8.125816583633422852e-01 8.680118322372436523e-01 9.163722991943359375e-01 1.020811796188354492e+00 1.125512838363647461e+00 1.242403030395507812e+00 nan 1.239718914031982422e+00 1.081357479095458984e+00 9.336966276168823242e-01 8.214408159255981445e-01 7.698048353195190430e-01 7.020423412322998047e-01 5.973315238952636719e-01 5.217190980911254883e-01
7.322257757186889648e-01 7.711768150329589844e-01 8.190898895263671875e-01 8.657213449478149414e-01 8.680604696273803711e-01 9.595797061920166016e-01 1.067345380783081055e+00 1.181036710739135742e+00 nan 1.171139240264892578e+00 1.031015872955322266e+00 9.131103754043579102e-01 8.098199367523193359e-01 7.533026933670043945e-01 6.454381942749023438e-01 5.442098379135131836e-01
7.554339170455932617e-01 7.522675991058349609e-01 7.604296207427978516e-01 7.735037803649902344e-01 7.800530195236206055e-01 8.079458475112915039e-01 9.062001705169677734e-01 1.015872716903686523e+00 1.141999483108520508e+00 nan 1.133308172225952148e+00 1.009393692016601562e+00 8.927433490753173828e-01 8.022226095199584961e-01 6.949939727783203125e-01 5.907167196273803711e-01
7.774252891540527344e-01 7.515785694122314453e-01 7.229616641998291016e-01 6.930061578750610352e-01 7.046618461608886719e-01 7.358218431472778320e-01 7.861455678939819336e-01 8.931807279586791992e-01 1.007986783981323242e+00 1.160601377487182617e+00 nan 1.110522508621215820e+00 9.880013465881347656e-01 8.725931644439697266e-01 7.460422515869140625e-01 6.386244297027587891e-01
7.318398952484130859e-01 7.199974060058593750e-01 6.978098154067993164e-01 6.748586893081665039e-01 6.471613645553588867e-01 6.698163747787475586e-01 7.182265520095825195e-01 7.680401802062988281e-01 8.729767799377441406e-01 9.877685308456420898e-01 1.141284227371215820e+00 nan 1.088053703308105469e+00 9.668371677398681641e-01 8.157036304473876953e-01 6.870867013931274414e-01
5.533008575439453125e-01 6.564375162124633789e-01 6.430623531341552734e-01 6.208513975143432617e-01 5.989407300949096680e-01 5.916348695755004883e-01 6.380866765975952148e-01 6.923646926879882812e-01 7.484412193298339844e-01 8.529883623123168945e-01 9.618771076202392578e-01 1.130637884140014648e+00 nan 1.064106702804565430e+00 9.122829437255859375e-01 7.308453321456909180e-01
5.214865207672119141e-01 5.181975364685058594e-01 5.402905941009521484e-01 5.685855150222778320e-01 5.473814010620117188e-01 5.427625179290771484e-01 5.540066957473754883e-01 5.968228578567504883e-01 6.497335433959960938e-01 7.043974399566650391e-01 7.940427064895629883e-01 9.204000234603881836e-01 1.092746496200561523e+00 nan 1.014469385147094727e+00 8.184938430786132812e-01
4.860686063766479492e-01 4.868878126144409180e-01 4.811037778854370117e-01 4.797674417495727539e-01 4.974845647811889648e-01 4.953907728195190430e-01 5.062897205352783203e-01 5.172681808471679688e-01 5.565985441207885742e-01 6.081763505935668945e-01 6.652418375015258789e-01 7.373945713043212891e-01 8.597621917724609375e-01 9.837106466293334961e-01 nan 9.191511869430541992e-01
4.390912055969238281e-01 4.483600854873657227e-01 4.462915658950805664e-01 4.436202049255371094e-01 4.437260627746582031e-01 4.459666013717651367e-01 4.567598104476928711e-01 4.676333665847778320e-01 4.785882234573364258e-01 4.931576251983642578e-01 5.486991405487060547e-01 6.116327047348022461e-01 6.782000064849853516e-01 7.630519866943359375e-01 8.780474662780761719e-01 nan
