nan 1.031141996383666992e+00 9.874179363250732422e-01 9.364312887191772461e-01 8.954237699508666992e-01 8.758013248443603516e-01 8.563820123672485352e-01 8.307349681854248047e-01 8.000433444976806641e-01 7.804969549179077148e-01 7.857655286788940430e-01 8.026829957962036133e-01 7.704046964645385742e-01 7.076520919799804688e-01 6.471239328384399414e-01 5.887410640716552734e-01
9.477896690368652344e-01 nan 1.091203212738037109e+00 1.030589580535888672e+00 9.583426713943481445e-01 8.999927043914794922e-01 8.803230524063110352e-01 8.505600690841674805e-01 8.195359706878662109e-01 7.685384750366210938e-01 7.639338970184326172e-01 7.744196653366088867e-01 7.561016082763671875e-01 6.997301578521728516e-01 6.406304836273193359e-01 5.824778079986572266e-01
8.720095157623291016e-01 1.011649370193481445e+00 nan 1.128541469573974609e+00 1.052436590194702148e+00 9.790529012680053711e-01 9.062107801437377930e-01 8.705998659133911133e-01 8.392398357391357422e-01 7.895714044570922852e-01 7.394551038742065430e-01 7.444956302642822266e-01 7.335902452468872070e-01 6.779415607452392578e-01 6.240789890289306641e-01 5.719455480575561523e-01
8.031632900238037109e-01 9.374842643737792969e-01 1.077718257904052734e+00 nan 1.155000686645507812e+00 1.077753305435180664e+00 9.922626018524169922e-01 9.086637496948242188e-01 8.606632947921752930e-01 8.040761947631835938e-01 7.493638992309570312e-01 7.138515710830688477e-01 7.124677896499633789e-01 6.574034690856933594e-01 6.041096448898315430e-01 5.525295734405517578e-01
7.665208578109741211e-01 8.678417205810546875e-01 9.961888790130615234e-01 1.115068674087524414e+00 nan 1.186485767364501953e+00 1.080873012542724609e+00 9.935561418533325195e-01 8.935620784759521484e-01 8.106716871261596680e-01 7.559572458267211914e-01 7.171181440353393555e-01 6.887594461441040039e-01 6.391620635986328125e-01 5.864549875259399414e-01 5.354425907135009766e-01
7.611148357391357422e-01 8.283810615539550781e-01 9.178589582443237305e-01 1.024840831756591797e+00 1.140616655349731445e+00 nan 1.205834388732910156e+00 1.094574928283691406e+00 9.601337909698486328e-01 8.480312824249267578e-01 7.790999412536621094e-01 7.325720787048339844e-01 6.872608661651611328e-01 6.211216449737548828e-01 5.689946413040161133e-01 5.185436010360717773e-01
7.402732372283935547e-01 8.112281560897827148e-01 8.641090393066406250e-01 9.294117689132690430e-01 1.031962394714355469e+00 1.167672634124755859e+00 nan 1.196180820465087891e+00 1.054351091384887695e+00 9.417045116424560547e-01 8.323862552642822266e-01 7.722531557083129883e-01 7.259043455123901367e-01 6.502710580825805664e-01 5.699558258056640625e-01 5.132057666778564453e-01
7.175773382186889648e-01 7.938419580459594727e-01 8.289635181427001953e-01 8.589876890182495117e-01 9.361978769302368164e-01 1.046261310577392578e+00 1.163749217987060547e+00 nan 1.158325195312500000e+00 1.040107727050781250e+00 9.252182245254516602e-01 8.135839700698852539e-01 7.654327154159545898e-01 7.013127803802490234e-01 5.969290733337402344e-01 5.250791311264038086e-01
7.360116243362426758e-01 7.677910327911376953e-01 8.060104846954345703e-01 8.261766433715820312e-01 8.440896272659301758e-01 9.090443849563598633e-01 1.020579576492309570e+00 1.138631105422973633e+00 nan 1.150747776031494141e+00 1.022753477096557617e+00 9.054634571075439453e-01 8.058664798736572266e-01 7.539327144622802734e-01 6.463208198547363281e-01 5.453113317489624023e-01
7.572443485260009766e-01 7.688678503036499023e-01 7.642270326614379883e-01 7.875123023986816406e-01 7.981082201004028320e-01 8.056855201721191406e-01 9.023165702819824219e-01 1.013458490371704102e+00 1.156302928924560547e+00 nan 1.154984951019287109e+00 1.001997709274291992e+00 8.859113454818725586e-01 7.989165782928466797e-01 6.972402334213256836e-01 5.931066274642944336e-01
7.770721912384033203e-01 7.710969448089599609e-01 7.543742656707763672e-01 7.356400489807128906e-01 7.477226257324218750e-01 7.587412595748901367e-01 8.002268075942993164e-01 8.956124782562255859e-01 1.006362676620483398e+00 1.174576044082641602e+00 nan 1.135548591613769531e+00 9.814550876617431641e-01 8.665598630905151367e-01 7.497345209121704102e-01 6.423802375793457031e-01
7.590032815933227539e-01 7.590042352676391602e-01 7.453135251998901367e-01 7.163496017456054688e-01 6.860140562057495117e-01 6.977510452270507812e-01 7.381045818328857422e-01 7.885890007019042969e-01 8.876177072525024414e-01 1.011076688766479492e+00 1.186748027801513672e+00 nan 1.116287231445312500e+00 9.611233472824096680e-01 8.179950714111328125e-01 6.931777000427246094e-01
5.702782869338989258e-01 6.847113370895385742e-01 6.891242265701293945e-01 6.663105487823486328e-01 6.438050270080566406e-01 6.216033697128295898e-01 6.641911268234252930e-01 7.194249629974365234e-01 7.709691524505615234e-01 8.680828809738159180e-01 1.016487121582031250e+00 1.178925991058349609e+00 nan 1.097199916839599609e+00 9.250856637954711914e-01 7.479068040847778320e-01
5.421463251113891602e-01 5.387352705001831055e-01 5.666073560714721680e-01 6.126646995544433594e-01 5.908837318420410156e-01 5.693968534469604492e-01 5.739421844482421875e-01 6.227372884750366211e-01 6.765953302383422852e-01 7.322407960891723633e-01 8.274217844009399414e-01 9.804139137268066406e-01 1.170479059219360352e+00 nan 1.077418327331542969e+00 8.508688211441040039e-01
5.068149566650390625e-01 5.069248676300048828e-01 5.010458230972290039e-01 4.998191595077514648e-01 5.396662950515747070e-01 5.188710689544677734e-01 5.255351066589355469e-01 5.366361141204833984e-01 5.823162794113159180e-01 6.348326206207275391e-01 6.924879550933837891e-01 7.702975273132324219e-01 8.950959444046020508e-01 1.070019483566284180e+00 nan 9.855015277862548828e-01
4.599375724792480469e-01 4.692723751068115234e-01 4.664726257324218750e-01 4.638887643814086914e-01 4.639792442321777344e-01 4.651653766632080078e-01 4.760848283767700195e-01 4.870855808258056641e-01 4.981684684753417969e-01 5.258283615112304688e-01 5.815414190292358398e-01 6.468657255172729492e-01 7.148880958557128906e-01 8.167254924774169922e-01 9.648505449295043945e-01 nan
