nan 1.103597879409790039e+00 1.040735960006713867e+00 9.908121824264526367e-01 9.370999336242675781e-01 9.170460700988769531e-01 8.952925205230712891e-01 8.647402524948120117e-01 8.541802167892456055e-01 8.533624410629272461e-01 8.211114406585693359e-01 7.899711132049560547e-01 7.486611604690551758e-01 6.925286054611206055e-01 6.381978988647460938e-01 5.839374065399169922e-01
1.000707149505615234e+00 nan 1.147305250167846680e+00 1.087614774703979492e+00 1.013513803482055664e+00 9.417693614959716797e-01 9.171824455261230469e-01 9.063253402709960938e-01 8.955297470092773438e-01 8.539777994155883789e-01 7.874963283538818359e-01 7.600687742233276367e-01 7.262454032897949219e-01 6.708322763442993164e-01 6.171979904174804688e-01 5.652854442596435547e-01
9.228682518005371094e-01 1.066301584243774414e+00 nan 1.188507556915283203e+00 1.110258579254150391e+00 1.036374807357788086e+00 9.756488800048828125e-01 9.488378763198852539e-01 9.378014802932739258e-01 8.549120426177978516e-01 7.602998018264770508e-01 7.310479879379272461e-01 7.041169404983520508e-01 6.494141817092895508e-01 5.964672565460205078e-01 5.452201366424560547e-01
8.530697822570800781e-01 9.911084175109863281e-01 1.137833833694458008e+00 nan 1.220774173736572266e+00 1.140865087509155273e+00 1.074763774871826172e+00 1.010702848434448242e+00 9.279206991195678711e-01 8.483442068099975586e-01 7.609646320343017578e-01 6.992025375366210938e-01 6.838511228561401367e-01 6.297069787979125977e-01 5.773037672042846680e-01 5.265855789184570312e-01
7.972813844680786133e-01 9.195383787155151367e-01 1.053945541381835938e+00 1.173869609832763672e+00 nan 1.266183376312255859e+00 1.178951501846313477e+00 1.058995246887207031e+00 9.341565370559692383e-01 8.369076251983642578e-01 7.524232864379882812e-01 7.022507190704345703e-01 6.653187274932861328e-01 6.117705106735229492e-01 5.599441528320312500e-01 5.097841024398803711e-01
7.676833868026733398e-01 8.599967956542968750e-01 9.656319618225097656e-01 1.071417093276977539e+00 1.199184656143188477e+00 nan 1.288364171981811523e+00 1.139814615249633789e+00 1.006277322769165039e+00 8.736351728439331055e-01 7.789008617401123047e-01 7.323782444000244141e-01 6.870721578598022461e-01 6.028460264205932617e-01 5.449070930480957031e-01 4.931676387786865234e-01
7.379448413848876953e-01 8.373713493347167969e-01 8.969259262084960938e-01 9.737931489944458008e-01 1.085918426513671875e+00 1.230339050292968750e+00 nan 1.229619741439819336e+00 1.083197355270385742e+00 9.454696178436279297e-01 8.304107189178466797e-01 7.720547914505004883e-01 7.257111072540283203e-01 6.365001201629638672e-01 5.570292472839355469e-01 5.007463693618774414e-01
7.071061134338378906e-01 8.068284988403320312e-01 8.593143224716186523e-01 8.917143344879150391e-01 9.696648120880126953e-01 1.069594860076904297e+00 1.187078475952148438e+00 nan 1.180896043777465820e+00 1.038300037384033203e+00 9.231425523757934570e-01 8.126403093338012695e-01 7.652351856231689453e-01 6.871156692504882812e-01 5.836032629013061523e-01 5.125219821929931641e-01
7.279852628707885742e-01 7.685767412185668945e-01 8.185180425643920898e-01 8.384972810745239258e-01 8.432972431182861328e-01 9.255818128585815430e-01 1.034889936447143555e+00 1.150403499603271484e+00 nan 1.142122268676757812e+00 1.020572662353515625e+00 9.034091234207153320e-01 8.056643009185791016e-01 7.392967939376831055e-01 6.325827836990356445e-01 5.324162244796752930e-01
7.490221261978149414e-01 7.569512128829956055e-01 7.528893947601318359e-01 7.623267173767089844e-01 7.718148231506347656e-01 8.021826744079589844e-01 8.988231420516967773e-01 1.009761095046997070e+00 1.129166126251220703e+00 nan 1.122938632965087891e+00 9.998394250869750977e-01 8.838781118392944336e-01 7.930918931961059570e-01 6.830773353576660156e-01 5.798125267028808594e-01
7.666141986846923828e-01 7.587115764617919922e-01 7.257279157638549805e-01 6.970684528350830078e-01 7.088823318481445312e-01 7.363791465759277344e-01 7.868133783340454102e-01 8.868876695632934570e-01 1.002651929855346680e+00 1.147209405899047852e+00 nan 1.101155042648315430e+00 9.793187379837036133e-01 8.645474910736083984e-01 7.351335287094116211e-01 6.286748647689819336e-01
7.355359792709350586e-01 7.214133739471435547e-01 6.991144418716430664e-01 6.761659383773803711e-01 6.499333381652832031e-01 6.707457304000854492e-01 7.192735671997070312e-01 7.692111730575561523e-01 8.673603534698486328e-01 9.819265604019165039e-01 1.146492481231689453e+00 nan 1.080827951431274414e+00 9.590090513229370117e-01 8.010822534561157227e-01 6.790263652801513672e-01
5.504215955734252930e-01 6.640940904617309570e-01 6.444125175476074219e-01 6.222027540206909180e-01 6.002930402755737305e-01 5.893466472625732422e-01 6.383727788925170898e-01 6.927496194839477539e-01 7.489312887191772461e-01 8.480349779129028320e-01 9.628696441650390625e-01 1.135241746902465820e+00 nan 1.058764696121215820e+00 8.981589078903198242e-01 7.180614471435546875e-01
5.185886621475219727e-01 5.154235363006591797e-01 5.474078655242919922e-01 5.699769258499145508e-01 5.487725734710693359e-01 5.404658317565917969e-01 5.516755580902099609e-01 5.975620746612548828e-01 6.505844593048095703e-01 7.053625583648681641e-01 7.917513847351074219e-01 9.179475307464599609e-01 1.092714071273803711e+00 nan 1.001579046249389648e+00 8.050625324249267578e-01
4.839951992034912109e-01 4.839864969253540039e-01 4.783049821853637695e-01 4.771487712860107422e-01 4.989107847213745117e-01 4.930969476699829102e-01 5.039792060852050781e-01 5.149406194686889648e-01 5.574798583984375000e-01 6.090869903564453125e-01 6.649203300476074219e-01 7.351756095886230469e-01 8.573870658874511719e-01 9.811366796493530273e-01 nan 9.055374860763549805e-01
4.371486902236938477e-01 4.463433027267456055e-01 4.435956478118896484e-01 4.411190748214721680e-01 4.412248134613037109e-01 4.438271522521972656e-01 4.546042680740356445e-01 4.654618501663208008e-01 4.764003753662109375e-01 4.947619438171386719e-01 5.488449335098266602e-01 6.125349998474121094e-01 6.791394948959350586e-01 7.627924680709838867e-01 8.776642084121704102e-01 nan
