nan 1.099862098693847656e+00 1.049726724624633789e+00 9.995510578155517578e-01 9.538387060165405273e-01 9.306405782699584961e-01 8.982740640640258789e-01 8.846324682235717773e-01 8.739598989486694336e-01 8.831197023391723633e-01 8.592861890792846680e-01 8.190710544586181641e-01 7.738631963729858398e-01 7.169214487075805664e-01 6.618077754974365234e-01 6.084631681442260742e-01
1.056935787200927734e+00 nan 1.156765699386596680e+00 1.096778869628906250e+00 1.022748947143554688e+00 9.515475034713745117e-01 9.376341104507446289e-01 9.266611337661743164e-01 9.157505035400390625e-01 8.825094699859619141e-01 8.222602605819702148e-01 7.890775203704833984e-01 7.511241436004638672e-01 6.949124336242675781e-01 6.405053138732910156e-01 5.878444910049438477e-01
9.769091606140136719e-01 1.124373674392700195e+00 nan 1.198545217514038086e+00 1.119937658309936523e+00 1.052712202072143555e+00 9.886978864669799805e-01 9.696271419525146484e-01 9.548510313034057617e-01 8.952543735504150391e-01 7.869983911514282227e-01 7.595782279968261719e-01 7.286766767501831055e-01 6.731855869293212891e-01 6.194758415222167969e-01 5.674901008605957031e-01
9.026679992675781250e-01 1.045183658599853516e+00 1.195859193801879883e+00 nan 1.233757495880126953e+00 1.161706924438476562e+00 1.094961643218994141e+00 1.030277252197265625e+00 9.636330604553222656e-01 8.913151025772094727e-01 7.932915687561035156e-01 7.259984016418457031e-01 7.071812152862548828e-01 6.522870063781738281e-01 5.991576910018920898e-01 5.477367639541625977e-01
8.239142894744873047e-01 9.642244577407836914e-01 1.104731082916259766e+00 1.231387138366699219e+00 nan 1.284801006317138672e+00 1.199367523193359375e+00 1.101406335830688477e+00 9.655921459197998047e-01 8.742876052856445312e-01 7.845932245254516602e-01 7.118275165557861328e-01 6.850397586822509766e-01 6.341019868850708008e-01 5.815575122833251953e-01 5.307025909423828125e-01
7.859097719192504883e-01 8.829227685928344727e-01 1.009342908859252930e+00 1.119274616241455078e+00 1.285740613937377930e+00 nan 1.322267293930053711e+00 1.178208351135253906e+00 1.034199476242065430e+00 8.997116088867187500e-01 7.965443134307861328e-01 7.299331426620483398e-01 6.846910715103149414e-01 6.161172389984130859e-01 5.641510486602783203e-01 5.137625932693481445e-01
7.558648586273193359e-01 8.534874916076660156e-01 9.171495437622070312e-01 1.024837255477905273e+00 1.168016433715820312e+00 1.339412212371826172e+00 nan 1.261719942092895508e+00 1.112190008163452148e+00 9.725458621978759766e-01 8.257296085357666016e-01 7.694506645202636719e-01 7.230641841888427734e-01 6.454505920410156250e-01 5.678744316101074219e-01 5.110293626785278320e-01
7.225351333618164062e-01 8.254212141036987305e-01 8.783215284347534180e-01 9.346082210540771484e-01 1.055399894714355469e+00 1.164510250091552734e+00 1.283744812011718750e+00 nan 1.192465782165527344e+00 1.047235012054443359e+00 9.125382900238037109e-01 8.094578981399536133e-01 7.620226144790649414e-01 6.950068473815917969e-01 5.907286405563354492e-01 5.221220254898071289e-01
7.228261232376098633e-01 7.867757081985473633e-01 8.357213735580444336e-01 8.751323223114013672e-01 9.001457691192626953e-01 9.957066774368286133e-01 1.105458736419677734e+00 1.221246719360351562e+00 nan 1.130556583404541016e+00 1.008792638778686523e+00 8.921772241592407227e-01 8.018618822097778320e-01 7.460553646087646484e-01 6.386367082595825195e-01 5.378266572952270508e-01
7.435828447341918945e-01 7.551531791687011719e-01 7.748041152954101562e-01 7.914324998855590820e-01 7.965071201324462891e-01 8.447557687759399414e-01 9.493662118911743164e-01 1.059909105300903320e+00 1.199095249176025391e+00 nan 1.109891414642333984e+00 9.874068498611450195e-01 8.720329999923706055e-01 7.942978143692016602e-01 6.879876852035522461e-01 5.841414928436279297e-01
7.647224664688110352e-01 7.531200647354125977e-01 7.259494066238403320e-01 7.151250839233398438e-01 7.269328832626342773e-01 7.603216171264648438e-01 8.271049261093139648e-01 9.379150867462158203e-01 1.050990581512451172e+00 1.221441030502319336e+00 nan 1.087429523468017578e+00 9.662487506866455078e-01 8.521032333374023438e-01 7.388249635696411133e-01 6.318511962890625000e-01
7.355043888092041016e-01 7.278623580932617188e-01 7.054396867752075195e-01 6.815744638442993164e-01 6.653922796249389648e-01 6.933844089508056641e-01 7.424778938293457031e-01 8.076061010360717773e-01 9.183914661407470703e-01 1.044732093811035156e+00 1.206022977828979492e+00 nan 1.065206289291381836e+00 9.453160762786865234e-01 7.963117361068725586e-01 6.809977293014526367e-01
5.590986013412475586e-01 6.711961030960083008e-01 6.504461765289306641e-01 6.281354427337646484e-01 6.061261892318725586e-01 6.112647056579589844e-01 6.646540164947509766e-01 7.198122739791870117e-01 7.883152961730957031e-01 8.979183435440063477e-01 1.017753839492797852e+00 1.195054769515991211e+00 nan 1.042974472045898438e+00 8.947365283966064453e-01 7.212226390838623047e-01
5.271654129028320312e-01 5.243867635726928711e-01 5.669634342193603516e-01 5.756347179412841797e-01 5.543351173400878906e-01 5.506240129470825195e-01 5.706764459609985352e-01 6.227208375930786133e-01 6.764897108078002930e-01 7.320400476455688477e-01 8.435512781143188477e-01 9.727815389633178711e-01 1.169764280319213867e+00 nan 9.906845092773437500e-01 8.018081188201904297e-01
4.922204017639160156e-01 4.927737712860107422e-01 4.871418476104736328e-01 4.860295057296752930e-01 5.042142868041992188e-01 5.030109882354736328e-01 5.139654874801635742e-01 5.311107635498046875e-01 5.818440914154052734e-01 6.342583894729614258e-01 6.918274164199829102e-01 7.847844362258911133e-01 9.104896783828735352e-01 1.050295829772949219e+00 nan 8.991199731826782227e-01
4.455149173736572266e-01 4.547637701034545898e-01 4.525951147079467773e-01 4.501361846923828125e-01 4.502425193786621094e-01 4.537427425384521484e-01 4.645938873291015625e-01 4.755260944366455078e-01 4.865398406982421875e-01 5.213546752929687500e-01 5.775516033172607422e-01 6.410814523696899414e-01 7.088649272918701172e-01 8.217360973358154297e-01 9.380216598510742188e-01 nan
