nan 1.039356470108032227e+00 1.008621215820312500e+00 9.783487319946289062e-01 9.475674629211425781e-01 9.186731576919555664e-01 9.098020792007446289e-01 8.928353786468505859e-01 8.707104921340942383e-01 8.488444089889526367e-01 8.272337913513183594e-01 8.058757781982421875e-01 7.921531200408935547e-01 7.998157739639282227e-01 8.009071350097656250e-01 8.126718997955322266e-01 0.000000000000000000e+00 0.000000000000000000e+00 0.000000000000000000e+00 0.000000000000000000e+00 0.000000000000000000e+00 0.000000000000000000e+00
1.017930984497070312e+00 nan 1.079557657241821289e+00 1.048216342926025391e+00 1.011574268341064453e+00 9.641443490982055664e-01 9.258328676223754883e-01 9.065536260604858398e-01 8.842684030532836914e-01 8.622437715530395508e-01 8.404765129089355469e-01 8.189638853073120117e-01 7.977024316787719727e-01 7.787610292434692383e-01 7.855068445205688477e-01 7.971709966659545898e-01 0.000000000000000000e+00 0.000000000000000000e+00 0.000000000000000000e+00 0.000000000000000000e+00 0.000000000000000000e+00 0.000000000000000000e+00
9.619216918945312500e-01 1.061043024063110352e+00 nan 1.120551347732543945e+00 1.077684640884399414e+00 1.028244495391845703e+00 9.775215387344360352e-01 9.206014871597290039e-01 8.979244232177734375e-01 8.757402896881103516e-01 8.538151979446411133e-01 8.321466445922851562e-01 8.075710535049438477e-01 7.779492139816284180e-01 7.702381610870361328e-01 7.818026542663574219e-01 0.000000000000000000e+00 0.000000000000000000e+00 0.000000000000000000e+00 0.000000000000000000e+00 0.000000000000000000e+00 0.000000000000000000e+00
9.074668884277343750e-01 1.004121065139770508e+00 1.106214046478271484e+00 nan 1.145968198776245117e+00 1.094105243682861328e+00 1.040552854537963867e+00 9.807120561599731445e-01 9.226261377334594727e-01 8.893346786499023438e-01 8.672508001327514648e-01 8.454251289367675781e-01 8.159459829330444336e-01 7.909063100814819336e-01 7.696470022201538086e-01 7.630608081817626953e-01 0.000000000000000000e+00 0.000000000000000000e+00 0.000000000000000000e+00 0.000000000000000000e+00 0.000000000000000000e+00 0.000000000000000000e+00
8.622394800186157227e-01 9.487712383270263672e-01 1.048044443130493164e+00 1.149575471878051758e+00 nan 1.162103891372680664e+00 1.104417324066162109e+00 1.042703628540039062e+00 9.827997684478759766e-01 9.246526956558227539e-01 8.807836771011352539e-01 8.569079637527465820e-01 8.291801214218139648e-01 8.039578199386596680e-01 7.809846401214599609e-01 7.533907890319824219e-01 0.000000000000000000e+00 0.000000000000000000e+00 0.000000000000000000e+00 0.000000000000000000e+00 0.000000000000000000e+00 0.000000000000000000e+00
8.146659135818481445e-01 8.950570821762084961e-01 9.947124719619750977e-01 1.089014768600463867e+00 1.176326513290405273e+00 nan 1.171689987182617188e+00 1.105194330215454102e+00 1.043517589569091797e+00 9.836478233337402344e-01 9.255319833755493164e-01 8.672248125076293945e-01 8.401494026184082031e-01 8.128347396850585938e-01 7.871364355087280273e-01 7.595692873001098633e-01 0.000000000000000000e+00 0.000000000000000000e+00 0.000000000000000000e+00 0.000000000000000000e+00 0.000000000000000000e+00 0.000000000000000000e+00
7.802807092666625977e-01 8.452159166336059570e-01 9.366846084594726562e-01 1.023804664611816406e+00 1.106131315231323242e+00 1.193899154663085938e+00 nan 1.184482336044311523e+00 1.110635757446289062e+00 1.043792724609375000e+00 9.828181266784667969e-01 9.132361412048339844e-01 8.481348752975463867e-01 8.157423734664916992e-01 7.913119792938232422e-01 7.636805772781372070e-01 0.000000000000000000e+00 0.000000000000000000e+00 0.000000000000000000e+00 0.000000000000000000e+00 0.000000000000000000e+00 0.000000000000000000e+00
7.709567546844482422e-01 8.133842945098876953e-01 8.803448677062988281e-01 9.593503475189208984e-01 1.036380529403686523e+00 1.110711812973022461e+00 1.212558984756469727e+00 nan 1.197350025177001953e+00 1.123068332672119141e+00 1.044444799423217773e+00 9.647130966186523438e-01 8.856884241104125977e-01 8.186546564102172852e-01 7.954972982406616211e-01 7.678012847900390625e-01 0.000000000000000000e+00 0.000000000000000000e+00 0.000000000000000000e+00 0.000000000000000000e+00 0.000000000000000000e+00 0.000000000000000000e+00
7.562613487243652344e-01 8.038872480392456055e-01 8.440384864807128906e-01 8.969489336013793945e-01 9.689397811889648438e-01 1.040694236755371094e+00 1.128663778305053711e+00 1.231377124786376953e+00 nan 1.209957122802734375e+00 1.122501850128173828e+00 1.026885032653808594e+00 9.471755027770996094e-01 8.726094961166381836e-01 8.100090026855468750e-01 7.770252227783203125e-01 0.000000000000000000e+00 0.000000000000000000e+00 0.000000000000000000e+00 0.000000000000000000e+00 0.000000000000000000e+00 0.000000000000000000e+00
7.402260303497314453e-01 7.944397926330566406e-01 8.309572935104370117e-01 8.620480298995971680e-01 9.037325382232666016e-01 9.731104373931884766e-01 1.047949790954589844e+00 1.146768331527709961e+00 1.245840072631835938e+00 nan 1.192595481872558594e+00 1.094653129577636719e+00 1.014439344406127930e+00 9.372974634170532227e-01 8.605269193649291992e-01 8.047453165054321289e-01 0.000000000000000000e+00 0.000000000000000000e+00 0.000000000000000000e+00 0.000000000000000000e+00 0.000000000000000000e+00 0.000000000000000000e+00
7.219070196151733398e-01 7.825442552566528320e-01 8.179690837860107422e-01 8.456964492797851562e-01 8.633258342742919922e-01 9.083281755447387695e-01 9.724506139755249023e-01 1.054533243179321289e+00 1.147628068923950195e+00 1.246875524520874023e+00 nan 1.167011260986328125e+00 1.084026575088500977e+00 1.004220008850097656e+00 9.247642755508422852e-01 8.467985391616821289e-01 0.000000000000000000e+00 0.000000000000000000e+00 0.000000000000000000e+00 0.000000000000000000e+00 0.000000000000000000e+00 0.000000000000000000e+00
7.223768234252929688e-01 7.665168046951293945e-01 8.050730228424072266e-01 8.289612531661987305e-01 8.412508964538574219e-01 8.536231517791748047e-01 9.012403488159179688e-01 9.658031463623046875e-01 1.046845674514770508e+00 1.128805160522460938e+00 1.244813919067382812e+00 nan 1.157758235931396484e+00 1.073454141616821289e+00 9.912194013595581055e-01 9.106580018997192383e-01 0.000000000000000000e+00 0.000000000000000000e+00 0.000000000000000000e+00 0.000000000000000000e+00 0.000000000000000000e+00 0.000000000000000000e+00
7.368496656417846680e-01 7.535091638565063477e-01 7.844203710556030273e-01 8.015769720077514648e-01 8.136826753616333008e-01 8.258696794509887695e-01 8.381384611129760742e-01 8.880826234817504883e-01 9.627085924148559570e-01 1.041298866271972656e+00 1.126818180084228516e+00 1.258292198181152344e+00 nan 1.162499189376831055e+00 1.059969186782836914e+00 9.767256975173950195e-01 0.000000000000000000e+00 0.000000000000000000e+00 0.000000000000000000e+00 0.000000000000000000e+00 0.000000000000000000e+00 0.000000000000000000e+00
7.508422136306762695e-01 7.644884586334228516e-01 7.577310800552368164e-01 7.724806070327758789e-01 7.865270376205444336e-01 7.985316514968872070e-01 8.083084821701049805e-01 8.135840892791748047e-01 8.820301294326782227e-01 9.573900699615478516e-01 1.035767555236816406e+00 1.139588117599487305e+00 1.271851539611816406e+00 nan 1.145776510238647461e+00 1.045078039169311523e+00 0.000000000000000000e+00 0.000000000000000000e+00 0.000000000000000000e+00 0.000000000000000000e+00 0.000000000000000000e+00 0.000000000000000000e+00
7.646614313125610352e-01 7.663601636886596680e-01 7.591871023178100586e-01 7.476450204849243164e-01 7.587263584136962891e-01 7.701696157455444336e-01 7.751859426498413086e-01 7.802164554595947266e-01 8.051935434341430664e-01 8.769301176071166992e-01 9.520859718322753906e-01 1.030251026153564453e+00 1.152434825897216797e+00 1.285492420196533203e+00 nan 1.128091335296630859e+00 0.000000000000000000e+00 0.000000000000000000e+00 0.000000000000000000e+00 0.000000000000000000e+00 0.000000000000000000e+00 0.000000000000000000e+00
7.722765207290649414e-01 7.682338953018188477e-01 7.606443166732788086e-01 7.490928173065185547e-01 7.366106510162353516e-01 7.324070930480957031e-01 7.406553030014038086e-01 7.476086616516113281e-01 7.690868377685546875e-01 8.009761571884155273e-01 8.718441724777221680e-01 9.467961788177490234e-01 1.039294958114624023e+00 1.165358543395996094e+00 1.275897264480590820e+00 nan 0.000000000000000000e+00 0.000000000000000000e+00 0.000000000000000000e+00 0.000000000000000000e+00 0.000000000000000000e+00 0.000000000000000000e+00
7.637768983840942383e-01 7.666342258453369141e-01 7.617208957672119141e-01 7.505418062210083008e-01 7.280929088592529297e-01 7.055760622024536133e-01 6.974728107452392578e-01 7.055547237396240234e-01 7.268655300140380859e-01 7.613725662231445312e-01 7.965692281723022461e-01 8.667716979980468750e-01 9.415206909179687500e-01 1.051539659500122070e+00 1.156013727188110352e+00 1.263327121734619141e+00 nan 0.000000000000000000e+00 0.000000000000000000e+00 0.000000000000000000e+00 0.000000000000000000e+00 0.000000000000000000e+00
5.967262983322143555e-01 7.243595123291015625e-01 7.344293594360351562e-01 7.209260463714599609e-01 7.047867774963378906e-01 6.887990236282348633e-01 6.729611158370971680e-01 6.632426977157592773e-01 6.811348199844360352e-01 7.147279977798461914e-01 7.489924430847167969e-01 7.839417457580566406e-01 8.563119173049926758e-01 9.417887926101684570e-01 1.042445182800292969e+00 1.142976045608520508e+00 0.000000000000000000e+00 nan 0.000000000000000000e+00 0.000000000000000000e+00 0.000000000000000000e+00 0.000000000000000000e+00
5.710169076919555664e-01 5.752846002578735352e-01 6.522988080978393555e-01 6.823145151138305664e-01 6.665374040603637695e-01 6.509083509445190430e-01 6.354258060455322266e-01 6.200883388519287109e-01 6.222956180572509766e-01 6.593233346939086914e-01 6.971962451934814453e-01 7.359336614608764648e-01 7.714030742645263672e-01 8.425742387771606445e-01 9.229898452758789062e-01 1.019935846328735352e+00 0.000000000000000000e+00 0.000000000000000000e+00 nan 0.000000000000000000e+00 0.000000000000000000e+00 0.000000000000000000e+00
5.525245666503906250e-01 5.534440279006958008e-01 5.500991344451904297e-01 5.713734626770019531e-01 6.291463375091552734e-01 6.138677597045898438e-01 5.987325906753540039e-01 5.837393999099731445e-01 5.801963806152343750e-01 5.938928127288818359e-01 6.302722692489624023e-01 6.674821376800537109e-01 7.055412530899047852e-01 7.444691658020019531e-01 8.101557493209838867e-01 8.896415233612060547e-01 0.000000000000000000e+00 0.000000000000000000e+00 0.000000000000000000e+00 nan 0.000000000000000000e+00 0.000000000000000000e+00
5.293413400650024414e-01 5.307236909866333008e-01 5.278967618942260742e-01 5.237796306610107422e-01 5.222979784011840820e-01 5.776582956314086914e-01 5.628627538681030273e-01 5.482058525085449219e-01 5.464440584182739258e-01 5.542383193969726562e-01 5.659873485565185547e-01 6.017298698425292969e-01 6.382882595062255859e-01 6.756809949874877930e-01 7.163360118865966797e-01 7.638212442398071289e-01 0.000000000000000000e+00 0.000000000000000000e+00 0.000000000000000000e+00 0.000000000000000000e+00 nan 0.000000000000000000e+00
4.993171691894531250e-01 5.059521198272705078e-01 5.060124397277832031e-01 5.019543170928955078e-01 4.993301630020141602e-01 4.992250204086303711e-01 5.150927305221557617e-01 5.134696960449218750e-01 5.134125947952270508e-01 5.210403203964233398e-01 5.287066698074340820e-01 5.385702848434448242e-01 5.736870765686035156e-01 6.096054315567016602e-01 6.486825942993164062e-01 6.891226768493652344e-01 0.000000000000000000e+00 0.000000000000000000e+00 0.000000000000000000e+00 0.000000000000000000e+00 0.000000000000000000e+00 nan
