nan 1.042757034301757812e+00 9.987827539443969727e-01 9.495757818222045898e-01 9.174418449401855469e-01 8.975914716720581055e-01 8.743724822998046875e-01 8.429490327835083008e-01 8.120527267456054688e-01 8.115007877349853516e-01 7.958860397338867188e-01 8.032211065292358398e-01 7.766733169555664062e-01 7.196414470672607422e-01 6.644403934478759766e-01 6.110112667083740234e-01
9.766141176223754883e-01 nan 1.103161573410034180e+00 1.044373512268066406e+00 9.719802141189575195e-01 9.220638275146484375e-01 8.946700096130371094e-01 8.629064559936523438e-01 8.316754102706909180e-01 7.901196479797363281e-01 7.655998468399047852e-01 7.728114128112792969e-01 7.538982629776000977e-01 6.975975036621093750e-01 6.431040763854980469e-01 5.903598070144653320e-01
8.997124433517456055e-01 1.041418790817260742e+00 nan 1.143364429473876953e+00 1.066729545593261719e+00 9.928345680236816406e-01 9.151875972747802734e-01 8.830800056457519531e-01 8.571786880493164062e-01 7.910217046737670898e-01 7.358244657516479492e-01 7.429141998291015625e-01 7.314151525497436523e-01 6.758362054824829102e-01 6.220413446426391602e-01 5.699732303619384766e-01
8.302477598190307617e-01 9.665863513946533203e-01 1.111169576644897461e+00 nan 1.170482873916625977e+00 1.083565711975097656e+00 9.961359500885009766e-01 9.123747348785400391e-01 8.503041267395019531e-01 7.941466569900512695e-01 7.436155080795288086e-01 7.120697498321533203e-01 7.105424404144287109e-01 6.555399894714355469e-01 6.023061275482177734e-01 5.507839918136596680e-01
7.796211242675781250e-01 8.934018611907958984e-01 1.028327703475952148e+00 1.142367362976074219e+00 nan 1.184640169143676758e+00 1.084918737411499023e+00 9.698760509490966797e-01 8.538933992385864258e-01 7.990080118179321289e-01 7.501871585845947266e-01 7.114756107330322266e-01 6.869971752166748047e-01 6.370599269866943359e-01 5.842047929763793945e-01 5.330561399459838867e-01
7.562143802642822266e-01 8.417203426361083984e-01 9.365617036819458008e-01 1.041399478912353516e+00 1.159462690353393555e+00 nan 1.185941219329833984e+00 1.054371833801269531e+00 9.306498765945434570e-01 8.243050575256347656e-01 7.748004198074340820e-01 7.282738685607910156e-01 6.829668283462524414e-01 6.180617809295654297e-01 5.658200979232788086e-01 5.152649879455566406e-01
7.354309558868408203e-01 8.193173408508300781e-01 8.791877031326293945e-01 9.451785087585449219e-01 1.048396587371826172e+00 1.171859502792358398e+00 nan 1.153708219528198242e+00 1.024560689926147461e+00 9.135334491729736328e-01 8.149286508560180664e-01 7.673499584197998047e-01 7.210186719894409180e-01 6.434893608093261719e-01 5.678666830062866211e-01 5.110220909118652344e-01
7.136764526367187500e-01 7.916501760482788086e-01 8.414322137832641602e-01 8.733774423599243164e-01 9.366586208343505859e-01 1.030859708786010742e+00 1.146023988723754883e+00 nan 1.126351356506347656e+00 1.009741783142089844e+00 8.963487148284912109e-01 8.073097467422485352e-01 7.599307298660278320e-01 6.929863691329956055e-01 5.888324975967407227e-01 5.221146345138549805e-01
7.345148324966430664e-01 7.637629508972167969e-01 8.039693832397460938e-01 8.187272548675537109e-01 8.259297609329223633e-01 8.946887254714965820e-01 1.005241870880126953e+00 1.122245788574218750e+00 nan 1.110787391662597656e+00 9.917883872985839844e-01 8.761600255966186523e-01 7.997227907180786133e-01 7.439738512039184570e-01 6.366834640502929688e-01 5.359934568405151367e-01
7.555600404739379883e-01 7.629805803298950195e-01 7.524096965789794922e-01 7.644742727279663086e-01 7.766219377517700195e-01 8.011908531188964844e-01 8.872770071029663086e-01 9.973977804183959961e-01 1.119741916656494141e+00 nan 1.092031240463256836e+00 9.705837965011596680e-01 8.561863899230957031e-01 7.921676635742187500e-01 6.859755516052246094e-01 5.822530984878540039e-01
7.732503414154052734e-01 7.646678686141967773e-01 7.315788269042968750e-01 7.015959024429321289e-01 7.133105993270874023e-01 7.363437414169311523e-01 7.866824865341186523e-01 8.762592077255249023e-01 9.895843267440795898e-01 1.138150691986083984e+00 nan 1.069759368896484375e+00 9.496045112609863281e-01 8.364253044128417969e-01 7.367520332336425781e-01 6.299058198928833008e-01
7.460744380950927734e-01 7.313164472579956055e-01 7.089097499847412109e-01 6.858086585998535156e-01 6.553992033004760742e-01 6.703183650970458984e-01 7.187430858612060547e-01 7.685716152191162109e-01 8.562357425689697266e-01 9.700015783309936523e-01 1.131767034530639648e+00 nan 1.047724485397338867e+00 9.288491010665893555e-01 7.890579700469970703e-01 6.789938211441040039e-01
5.550980567932128906e-01 6.700052022933959961e-01 6.538043022155761719e-01 6.314482688903808594e-01 6.093941926956176758e-01 5.940463542938232422e-01 6.404662132263183594e-01 6.948230266571044922e-01 7.506442070007324219e-01 8.364261388778686523e-01 9.498350620269775391e-01 1.121167898178100586e+00 nan 1.025924444198608398e+00 8.844699859619140625e-01 7.249639034271240234e-01
5.232467651367187500e-01 5.202047824859619141e-01 5.528404712677001953e-01 5.788406133651733398e-01 5.574977397918701172e-01 5.450999736785888672e-01 5.563611984252929688e-01 5.991423130035400391e-01 6.521298885345458984e-01 7.068731784820556641e-01 7.831578254699707031e-01 9.076718091964721680e-01 1.090810298919677734e+00 nan 9.804750680923461914e-01 7.925673723220825195e-01
4.884119033813476562e-01 4.887713193893432617e-01 4.830620288848876953e-01 4.818488359451293945e-01 5.072748661041259766e-01 4.976565837860107422e-01 5.085719823837280273e-01 5.195670127868652344e-01 5.588595867156982422e-01 6.105123758316040039e-01 6.660699844360351562e-01 7.307461500167846680e-01 8.474359512329101562e-01 9.849222898483276367e-01 nan 8.894078731536865234e-01
4.417955875396728516e-01 4.510207176208496094e-01 4.485797882080078125e-01 4.460263252258300781e-01 4.461324214935302734e-01 4.485336542129516602e-01 4.593459367752075195e-01 4.702389240264892578e-01 4.812132120132446289e-01 4.989575147628784180e-01 5.532318353652954102e-01 6.155201196670532227e-01 6.822477579116821289e-01 7.608491182327270508e-01 8.829247951507568359e-01 nan
