nan 9.500005245208740234e-01 9.076930284500122070e-01 8.733190298080444336e-01 8.629981279373168945e-01 8.434048891067504883e-01 8.240181207656860352e-01 7.964972257614135742e-01 7.775473594665527344e-01 8.049923181533813477e-01 8.203923702239990234e-01 8.284833431243896484e-01 8.243883848190307617e-01 7.655847072601318359e-01 7.086764574050903320e-01 6.488672494888305664e-01
9.152857065200805664e-01 nan 1.005767345428466797e+00 9.470921754837036133e-01 8.856284618377685547e-01 8.657975196838378906e-01 8.437576293945312500e-01 8.223546743392944336e-01 8.016988039016723633e-01 7.868527173995971680e-01 7.901899814605712891e-01 7.974598407745361328e-01 7.999107837677001953e-01 7.418959140777587891e-01 6.857511997222900391e-01 6.314160823822021484e-01
8.584800958633422852e-01 9.712754487991333008e-01 nan 1.040018796920776367e+00 9.667383432388305664e-01 8.960903882980346680e-01 8.697775602340698242e-01 8.485840559005737305e-01 8.276308774948120117e-01 7.917881011962890625e-01 7.598161697387695312e-01 7.669626474380493164e-01 7.741379737854003906e-01 7.185251712799072266e-01 6.631336212158203125e-01 6.095274686813354492e-01
8.005081415176391602e-01 9.104266166687011719e-01 1.030780553817749023e+00 nan 1.062770605087280273e+00 9.880079030990600586e-01 9.140645265579223633e-01 8.729187250137329102e-01 8.422358036041259766e-01 7.998169660568237305e-01 7.561882734298706055e-01 7.360798120498657227e-01 7.432303428649902344e-01 6.961395740509033203e-01 6.413768529891967773e-01 5.883823633193969727e-01
7.800809144973754883e-01 8.495508432388305664e-01 9.551576375961303711e-01 1.062342643737792969e+00 nan 1.075658559799194336e+00 9.950664043426513672e-01 9.112778902053833008e-01 8.480968475341796875e-01 8.039882183074951172e-01 7.621182203292846680e-01 7.229917049407958984e-01 7.104434967041015625e-01 6.764557361602783203e-01 6.223286390304565430e-01 5.699491500854492188e-01
7.649140357971191406e-01 8.280889987945556641e-01 8.795601129531860352e-01 9.732116460800170898e-01 1.070723295211791992e+00 nan 1.080328702926635742e+00 9.761786460876464844e-01 8.772425651550292969e-01 8.089927434921264648e-01 7.680683135986328125e-01 7.288095951080322266e-01 6.904225349426269531e-01 6.570004224777221680e-01 6.035015583038330078e-01 5.517297983169555664e-01
7.434060573577880859e-01 8.142757415771484375e-01 8.576259613037109375e-01 8.933457136154174805e-01 9.869107007980346680e-01 1.099662065505981445e+00 nan 1.077325820922851562e+00 9.726586341857910156e-01 8.644777536392211914e-01 8.019623756408691406e-01 7.547236680984497070e-01 7.087233066558837891e-01 6.481100320816040039e-01 5.848928689956665039e-01 5.337221622467041016e-01
7.273883819580078125e-01 7.959820032119750977e-01 8.335657119750976562e-01 8.589165210723876953e-01 9.013100862503051758e-01 9.830520153045654297e-01 1.098761081695556641e+00 nan 1.071839809417724609e+00 9.582198858261108398e-01 8.480404615402221680e-01 7.943979501724243164e-01 7.473574876785278320e-01 6.977460384368896484e-01 5.952135324478149414e-01 5.373773574829101562e-01
7.483932971954345703e-01 7.693867683410644531e-01 8.051469326019287109e-01 8.226935863494873047e-01 8.305290937423706055e-01 8.663924932479858398e-01 9.752947092056274414e-01 1.090551137924194336e+00 nan 1.056674957275390625e+00 9.410487413406372070e-01 8.349691629409790039e-01 7.868651151657104492e-01 7.400221824645996094e-01 6.412848234176635742e-01 5.486633777618408203e-01
7.696539163589477539e-01 7.762538194656372070e-01 7.611762285232543945e-01 7.750253677368164062e-01 7.822955846786499023e-01 7.934287786483764648e-01 8.590915203094482422e-01 9.675676822662353516e-01 1.107999563217163086e+00 nan 1.038628578186035156e+00 9.203842878341674805e-01 8.272660970687866211e-01 7.793641090393066406e-01 6.907155513763427734e-01 5.867015123367309570e-01
7.867218255996704102e-01 7.790968418121337891e-01 7.504249811172485352e-01 7.175762653350830078e-01 7.244942188262939453e-01 7.363667488098144531e-01 7.860960960388183594e-01 8.518190383911132812e-01 9.598709344863891602e-01 1.126306056976318359e+00 nan 1.017033576965332031e+00 8.999396562576293945e-01 8.195953369140625000e-01 7.416349649429321289e-01 6.344883441925048828e-01
7.693964242935180664e-01 7.601770162582397461e-01 7.375080585479736328e-01 7.054206132888793945e-01 6.734163761138916016e-01 6.744898557662963867e-01 7.181787490844726562e-01 7.679911851882934570e-01 8.358250856399536133e-01 9.628771543502807617e-01 1.122642278671264648e+00 nan 9.955598115921020508e-01 8.797128200531005859e-01 7.940878868103027344e-01 6.837142705917358398e-01
5.701048374176025391e-01 6.814606189727783203e-01 6.814804077148437500e-01 6.587501764297485352e-01 6.363272666931152344e-01 6.142072677612304688e-01 6.470737457275390625e-01 7.007622718811035156e-01 7.500696182250976562e-01 8.162331581115722656e-01 9.449839591979980469e-01 1.104434013366699219e+00 nan 9.743151664733886719e-01 8.548790216445922852e-01 7.344226837158203125e-01
5.379462242126464844e-01 5.349153280258178711e-01 5.635921955108642578e-01 6.052621603012084961e-01 5.835622549057006836e-01 5.621557235717773438e-01 5.701909065246582031e-01 6.055834293365478516e-01 6.587843894958496094e-01 7.137482166290283203e-01 7.749397754669189453e-01 9.086929559707641602e-01 1.091704845428466797e+00 nan 9.532965421676635742e-01 7.866584062576293945e-01
5.021448135375976562e-01 5.032608509063720703e-01 4.974131584167480469e-01 4.959993362426757812e-01 5.324988365173339844e-01 5.117825269699096680e-01 5.219769477844238281e-01 5.330697298049926758e-01 5.651384592056274414e-01 6.169992685317993164e-01 6.729477643966674805e-01 7.352566719055175781e-01 8.345777988433837891e-01 9.837934970855712891e-01 nan 8.831851482391357422e-01
4.557607173919677734e-01 4.650752544403076172e-01 4.632631540298461914e-01 4.604994058609008789e-01 4.606064558029174805e-01 4.620704650878906250e-01 4.729837179183959961e-01 4.839785099029541016e-01 4.950553178787231445e-01 5.114046335220336914e-01 5.662859678268432617e-01 6.266285181045532227e-01 6.938149929046630859e-01 7.652165889739990234e-01 8.837857246398925781e-01 nan
