nan 1.020088195800781250e+00 9.766021966934204102e-01 9.318846464157104492e-01 9.108409881591796875e-01 8.910590410232543945e-01 8.714818954467773438e-01 8.411935567855834961e-01 8.103264570236206055e-01 8.206564188003540039e-01 7.975308895111083984e-01 8.048727512359619141e-01 7.737612724304199219e-01 7.168228626251220703e-01 6.617124080657958984e-01 6.083707809448242188e-01
9.880934953689575195e-01 nan 1.079822540283203125e+00 1.025821924209594727e+00 9.543614387512207031e-01 9.154471158981323242e-01 8.928651809692382812e-01 8.611319065093994141e-01 8.299304246902465820e-01 7.894796133041381836e-01 7.672169208526611328e-01 7.744351625442504883e-01 7.510236501693725586e-01 6.948151588439941406e-01 6.404111385345458984e-01 5.877532958984375000e-01
9.107451438903808594e-01 1.053274393081665039e+00 nan 1.124214410781860352e+00 1.048264026641845703e+00 9.750294685363769531e-01 9.133629798889160156e-01 8.812861442565917969e-01 8.438253402709960938e-01 7.867586612701416016e-01 7.374142408370971680e-01 7.445106506347656250e-01 7.285774946212768555e-01 6.730895042419433594e-01 6.193827390670776367e-01 5.674000978469848633e-01
8.400852680206298828e-01 9.771567583084106445e-01 1.124438762664794922e+00 nan 1.150165081024169922e+00 1.070505619049072266e+00 9.836239814758300781e-01 9.003124237060546875e-01 8.419377803802490234e-01 7.898888587951660156e-01 7.386592626571655273e-01 7.140872478485107422e-01 7.073006629943847656e-01 6.524024009704589844e-01 5.992695093154907227e-01 5.478451251983642578e-01
7.831518650054931641e-01 9.060881137847900391e-01 1.043401002883911133e+00 1.165776014328002930e+00 nan 1.164919614791870117e+00 1.071604967117309570e+00 9.496327638626098633e-01 8.434087038040161133e-01 7.947385311126708984e-01 7.452121973037719727e-01 7.066107988357543945e-01 6.885102987289428711e-01 6.342161893844604492e-01 5.816681385040283203e-01 5.308096408843994141e-01
7.561620473861694336e-01 8.453742265701293945e-01 9.576586484909057617e-01 1.064641475677490234e+00 1.186659097671508789e+00 nan 1.160093307495117188e+00 1.030079364776611328e+00 9.078910350799560547e-01 8.173178434371948242e-01 7.679703235626220703e-01 7.217336893081665039e-01 6.767059564590454102e-01 6.162301301956176758e-01 5.642603635787963867e-01 5.139616727828979492e-01
7.353507280349731445e-01 8.229267597198486328e-01 8.890589475631713867e-01 9.673368930816650391e-01 1.071903467178344727e+00 1.193274974822998047e+00 nan 1.128760576248168945e+00 1.001754522323608398e+00 8.958083391189575195e-01 8.084622621536254883e-01 7.611665725708007812e-01 7.151075601577758789e-01 6.347745656967163086e-01 5.650035142898559570e-01 5.083826780319213867e-01
7.132147550582885742e-01 7.994359731674194336e-01 8.516033887863159180e-01 8.838689327239990234e-01 9.517060518264770508e-01 1.052108526229858398e+00 1.169581174850463867e+00 nan 1.104914188385009766e+00 9.917583465576171875e-01 8.801587820053100586e-01 8.014159202575683594e-01 7.541915178298950195e-01 6.845179796218872070e-01 5.808849334716796875e-01 5.194559097290039062e-01
7.269058227539062500e-01 7.682789564132690430e-01 8.148905038833618164e-01 8.310186862945556641e-01 8.357992172241210938e-01 9.177052974700927734e-01 1.029717206954956055e+00 1.148149490356445312e+00 nan 1.092086791992187500e+00 9.748193025588989258e-01 8.601760864257812500e-01 7.938536405563354492e-01 7.352504730224609375e-01 6.284966468811035156e-01 5.306105613708496094e-01
7.476482391357421875e-01 7.628602981567382812e-01 7.608604431152343750e-01 7.729831933975219727e-01 7.851893901824951172e-01 8.134518861770629883e-01 9.103125333786010742e-01 1.021777391433715820e+00 1.147662878036499023e+00 nan 1.074208021163940430e+00 9.537951946258544922e-01 8.403725624084472656e-01 7.863231897354125977e-01 6.775420904159545898e-01 5.743385553359985352e-01
7.676452398300170898e-01 7.612165212631225586e-01 7.281650304794311523e-01 7.098015546798706055e-01 7.215727567672729492e-01 7.484418153762817383e-01 7.991312742233276367e-01 8.994629383087158203e-01 1.013868570327758789e+00 1.166313886642456055e+00 nan 1.052126169204711914e+00 9.329948425292968750e-01 8.267120122909545898e-01 7.280647754669189453e-01 6.217530965805053711e-01
7.443797588348388672e-01 7.291212081909179688e-01 7.066395282745361328e-01 6.835691928863525391e-01 6.602231264114379883e-01 6.819564104080200195e-01 7.307184934616088867e-01 7.808941602706909180e-01 8.791917562484741211e-01 9.943646192550659180e-01 1.161854505538940430e+00 nan 1.030278921127319336e+00 9.124163389205932617e-01 7.801088094711303711e-01 6.705954074859619141e-01
5.544490814208984375e-01 6.724137067794799805e-01 6.516072750091552734e-01 6.292809247970581055e-01 6.072561740875244141e-01 5.996921062469482422e-01 6.526979207992553711e-01 7.074600458145141602e-01 7.628419399261474609e-01 8.591371774673461914e-01 9.795482158660888672e-01 1.151105880737304688e+00 nan 1.008664369583129883e+00 8.630375862121582031e-01 7.138901948928833008e-01
5.226111412048339844e-01 5.199749469757080078e-01 5.676345825195312500e-01 5.767431259155273438e-01 5.554286241531372070e-01 5.461838245391845703e-01 5.593954324722290039e-01 6.110658645629882812e-01 6.644486188888549805e-01 7.196000814437866211e-01 8.071938753128051758e-01 9.323699474334716797e-01 1.123476505279541016e+00 nan 9.568392038345336914e-01 7.704752683639526367e-01
4.883345365524291992e-01 4.883742332458496094e-01 4.828377962112426758e-01 4.818019866943359375e-01 5.052725076675415039e-01 4.987070560455322266e-01 5.096302032470703125e-01 5.206329822540283203e-01 5.704827308654785156e-01 6.225206851959228516e-01 6.780723333358764648e-01 7.482237815856933594e-01 8.713541030883789062e-01 1.011159896850585938e+00 nan 8.631088733673095703e-01
4.418833255767822266e-01 4.511090517044067383e-01 4.485242366790771484e-01 4.461437463760375977e-01 4.462498426437377930e-01 4.497133493423461914e-01 4.605343341827392578e-01 4.714362621307373047e-01 4.824194908142089844e-01 5.117260217666625977e-01 5.660703182220458984e-01 6.283241510391235352e-01 6.955808401107788086e-01 7.878348827362060547e-01 9.062024354934692383e-01 nan
