nan 1.023017406463623047e+00 9.791256189346313477e-01 9.251195192337036133e-01 9.029524326324462891e-01 8.829392194747924805e-01 8.526031970977783203e-01 8.214060068130493164e-01 7.907339334487915039e-01 7.949022054672241211e-01 8.067443370819091797e-01 8.181064128875732422e-01 8.112527132034301758e-01 7.528723478317260742e-01 6.963739395141601562e-01 6.362229585647583008e-01
9.579086303710937500e-01 nan 1.080872535705566406e+00 1.017171621322631836e+00 9.454118013381958008e-01 9.040930271148681641e-01 8.720285892486572266e-01 8.405040502548217773e-01 8.095104694366455078e-01 7.754484415054321289e-01 7.800304889678955078e-01 7.872589826583862305e-01 7.869514226913452148e-01 7.293543815612792969e-01 6.736137866973876953e-01 6.196699142456054688e-01
8.802175521850585938e-01 1.020119905471801758e+00 nan 1.113222599029541016e+00 1.037312746047973633e+00 9.591358900070190430e-01 8.916574716567993164e-01 8.598024845123291016e-01 8.305149078369140625e-01 7.907165288925170898e-01 7.498289346694946289e-01 7.569348812103271484e-01 7.629760503768920898e-01 7.061518430709838867e-01 6.511590480804443359e-01 5.979388952255249023e-01
8.199166059494018555e-01 9.439160823822021484e-01 1.081121444702148438e+00 nan 1.136665582656860352e+00 1.046836853027343750e+00 9.607846736907958984e-01 8.815197944641113281e-01 8.448791503906250000e-01 7.983549833297729492e-01 7.560012340545654297e-01 7.260146141052246094e-01 7.331236600875854492e-01 6.841304302215576172e-01 6.297556161880493164e-01 5.771361589431762695e-01
7.817745208740234375e-01 8.653995990753173828e-01 9.921818971633911133e-01 1.103866338729858398e+00 nan 1.143091917037963867e+00 1.047235250473022461e+00 9.575521945953369141e-01 8.491547107696533203e-01 8.025228977203369141e-01 7.619305849075317383e-01 7.228081226348876953e-01 7.005269527435302734e-01 6.645860671997070312e-01 6.108422279357910156e-01 5.588334798812866211e-01
7.651171684265136719e-01 8.298280239105224609e-01 9.011886119842529297e-01 1.003969192504882812e+00 1.118852376937866211e+00 nan 1.161350250244140625e+00 1.031489133834838867e+00 9.173948764801025391e-01 8.192009925842285156e-01 7.722078561782836914e-01 7.286254167556762695e-01 6.902424097061157227e-01 6.452684402465820312e-01 5.921484231948852539e-01 5.407432317733764648e-01
7.436068058013916016e-01 8.142670392990112305e-01 8.563736677169799805e-01 9.088151454925537109e-01 1.010103464126586914e+00 1.144387483596801758e+00 nan 1.130642175674438477e+00 1.013797521591186523e+00 9.033603668212890625e-01 8.122775554656982422e-01 7.647682428359985352e-01 7.185046672821044922e-01 6.554059982299804688e-01 5.815453529357910156e-01 5.242047309875488281e-01
7.239558696746826172e-01 7.950512170791625977e-01 8.323296308517456055e-01 8.560063838958740234e-01 9.094927310943603516e-01 1.002111673355102539e+00 1.118932962417602539e+00 nan 1.115046977996826172e+00 9.990575313568115234e-01 8.851282596588134766e-01 8.046696186065673828e-01 7.573598623275756836e-01 7.052618265151977539e-01 6.003528833389282227e-01 5.353940725326538086e-01
7.449193000793457031e-01 7.671109437942504883e-01 7.985180616378784180e-01 8.160004615783691406e-01 8.273015022277832031e-01 8.843307495117187500e-01 9.942797422409057617e-01 1.110644102096557617e+00 nan 1.099565744400024414e+00 9.800032377243041992e-01 8.650591373443603516e-01 7.970937490463256836e-01 7.499828338623046875e-01 6.485508680343627930e-01 5.471308231353759766e-01
7.661373615264892578e-01 7.659693956375122070e-01 7.525259256362915039e-01 7.718955278396606445e-01 7.791529893875122070e-01 7.954632043838500977e-01 8.769595623016357422e-01 9.864784479141235352e-01 1.127719640731811523e+00 nan 1.079653024673461914e+00 9.589240550994873047e-01 8.452035188674926758e-01 7.895498275756835938e-01 6.982002258300781250e-01 5.937256813049316406e-01
7.764034271240234375e-01 7.684652805328369141e-01 7.456282377243041992e-01 7.128694057464599609e-01 7.217193841934204102e-01 7.380112409591674805e-01 7.883983850479125977e-01 8.696172237396240234e-01 9.787077903747558594e-01 1.146197557449340820e+00 nan 1.057512998580932617e+00 9.380691051483154297e-01 8.300113677978515625e-01 7.493449449539184570e-01 6.417239904403686523e-01
7.564405202865600586e-01 7.525938749313354492e-01 7.300502061843872070e-01 7.007471323013305664e-01 6.688306331634521484e-01 6.719224452972412109e-01 7.203936576843261719e-01 7.702701091766357422e-01 8.537558317184448242e-01 9.815456867218017578e-01 1.133564710617065430e+00 nan 1.035608530044555664e+00 9.174363613128662109e-01 8.020300865173339844e-01 6.911679506301879883e-01
5.687171220779418945e-01 6.721550226211547852e-01 6.742631196975708008e-01 6.516304016113281250e-01 6.293036937713623047e-01 6.072787046432495117e-01 6.472629308700561523e-01 7.018449306488037109e-01 7.523255348205566406e-01 8.339725732803344727e-01 9.549430608749389648e-01 1.121929645538330078e+00 nan 1.013937234878540039e+00 8.896633386611938477e-01 7.421008348464965820e-01
5.365869998931884766e-01 5.333185195922851562e-01 5.549639463424682617e-01 5.983719825744628906e-01 5.767651796340942383e-01 5.570285320281982422e-01 5.683767795562744141e-01 6.057678461074829102e-01 6.589750051498413086e-01 7.139451503753662109e-01 7.876811027526855469e-01 9.176497459411621094e-01 1.111379384994506836e+00 nan 9.944410324096679688e-01 8.133563995361328125e-01
5.005084276199340820e-01 5.016968250274658203e-01 4.958553314208984375e-01 4.943958520889282227e-01 5.259208679199218750e-01 5.092188119888305664e-01 5.202186107635498047e-01 5.312985181808471680e-01 5.653182268142700195e-01 6.171851158142089844e-01 6.740509271621704102e-01 7.379053831100463867e-01 8.502438068389892578e-01 1.005058050155639648e+00 nan 9.152210950851440430e-01
4.538300037384033203e-01 4.631620645523071289e-01 4.614241123199462891e-01 4.586176872253417969e-01 4.587246179580688477e-01 4.600647687911987305e-01 4.709631204605102539e-01 4.819427728652954102e-01 4.930043220520019531e-01 5.085219144821166992e-01 5.641497373580932617e-01 6.258172988891601562e-01 6.929703950881958008e-01 7.722858190536499023e-01 9.040101766586303711e-01 nan
