nan 1.333663702011108398e+00 1.224179983139038086e+00 1.130994558334350586e+00 1.087033271789550781e+00 1.039843082427978516e+00 1.001064062118530273e+00 9.914307594299316406e-01 9.844646453857421875e-01 9.766776561737060547e-01 9.689210653305053711e-01 9.611949920654296875e-01 9.430909156799316406e-01 9.146456718444824219e-01 8.979793787002563477e-01 8.810933828353881836e-01 0.000000000000000000e+00 0.000000000000000000e+00 0.000000000000000000e+00 0.000000000000000000e+00 0.000000000000000000e+00 0.000000000000000000e+00
1.241373777389526367e+00 nan 1.369027853012084961e+00 1.254352807998657227e+00 1.158653020858764648e+00 1.119997024536132812e+00 1.083358287811279297e+00 1.045332908630371094e+00 1.014998674392700195e+00 1.007091999053955078e+00 9.992160797119140625e-01 9.913712739944458008e-01 9.716479778289794922e-01 9.153794050216674805e-01 8.938603401184082031e-01 8.770110607147216797e-01 0.000000000000000000e+00 0.000000000000000000e+00 0.000000000000000000e+00 0.000000000000000000e+00 0.000000000000000000e+00 0.000000000000000000e+00
1.117720127105712891e+00 1.281774044036865234e+00 nan 1.404902219772338867e+00 1.296082258224487305e+00 1.207182168960571289e+00 1.169036865234375000e+00 1.126437664031982422e+00 1.080304861068725586e+00 1.037974119186401367e+00 1.029977083206176758e+00 1.022011518478393555e+00 1.000624656677246094e+00 9.435291290283203125e-01 8.899266719818115234e-01 8.729375600814819336e-01 0.000000000000000000e+00 0.000000000000000000e+00 0.000000000000000000e+00 0.000000000000000000e+00 0.000000000000000000e+00 0.000000000000000000e+00
1.009284496307373047e+00 1.154324054718017578e+00 1.326255321502685547e+00 nan 1.469656229019165039e+00 1.357397079467773438e+00 1.263182878494262695e+00 1.210758209228515625e+00 1.162796020507812500e+00 1.115874528884887695e+00 1.069970846176147461e+00 1.051061630249023438e+00 1.030026912689208984e+00 9.720927476882934570e-01 9.177341461181640625e-01 8.688728809356689453e-01 0.000000000000000000e+00 0.000000000000000000e+00 0.000000000000000000e+00 0.000000000000000000e+00 0.000000000000000000e+00 0.000000000000000000e+00
9.552915096282958984e-01 1.055008649826049805e+00 1.193919181823730469e+00 1.398555994033813477e+00 nan 1.562284708023071289e+00 1.441795825958251953e+00 1.324414730072021484e+00 1.250980377197265625e+00 1.199776411056518555e+00 1.152052402496337891e+00 1.097696781158447266e+00 1.056603908538818359e+00 1.001075506210327148e+00 9.459506273269653320e-01 8.839434385299682617e-01 0.000000000000000000e+00 0.000000000000000000e+00 0.000000000000000000e+00 0.000000000000000000e+00 0.000000000000000000e+00 0.000000000000000000e+00
9.063611030578613281e-01 1.003582954406738281e+00 1.113333463668823242e+00 1.255019187927246094e+00 1.464548587799072266e+00 nan 1.634757041931152344e+00 1.502120733261108398e+00 1.376161575317382812e+00 1.288304805755615234e+00 1.227771520614624023e+00 1.162835121154785156e+00 1.103739976882934570e+00 1.023801326751708984e+00 9.619201421737670898e-01 8.789656162261962891e-01 0.000000000000000000e+00 0.000000000000000000e+00 0.000000000000000000e+00 0.000000000000000000e+00 0.000000000000000000e+00 0.000000000000000000e+00
8.586550951004028320e-01 9.534438848495483398e-01 1.065681219100952148e+00 1.179483413696289062e+00 1.310801982879638672e+00 1.558408498764038086e+00 nan 1.697986602783203125e+00 1.562167167663574219e+00 1.433185338973999023e+00 1.318979740142822266e+00 1.243075847625732422e+00 1.171621561050415039e+00 1.080286264419555664e+00 9.561208486557006836e-01 8.709402084350585938e-01 0.000000000000000000e+00 0.000000000000000000e+00 0.000000000000000000e+00 0.000000000000000000e+00 0.000000000000000000e+00 0.000000000000000000e+00
8.121743202209472656e-01 9.020727872848510742e-01 1.019103765487670898e+00 1.123513698577880859e+00 1.223498821258544922e+00 1.377652168273925781e+00 1.632846593856811523e+00 nan 1.762732028961181641e+00 1.623533487319946289e+00 1.476581811904907227e+00 1.346609354019165039e+00 1.258484601974487305e+00 1.138090848922729492e+00 1.002327442169189453e+00 8.845546245574951172e-01 0.000000000000000000e+00 0.000000000000000000e+00 0.000000000000000000e+00 0.000000000000000000e+00 0.000000000000000000e+00 0.000000000000000000e+00
7.910131216049194336e-01 8.593202829360961914e-01 9.641009569168090820e-01 1.060774564743041992e+00 1.153846263885498047e+00 1.264658212661743164e+00 1.446832180023193359e+00 1.709451675415039062e+00 nan 1.820979595184326172e+00 1.662968158721923828e+00 1.513808012008666992e+00 1.326227188110351562e+00 1.197501897811889648e+00 1.057804346084594727e+00 9.220030307769775391e-01 0.000000000000000000e+00 0.000000000000000000e+00 0.000000000000000000e+00 0.000000000000000000e+00 0.000000000000000000e+00 0.000000000000000000e+00
7.700594663619995117e-01 8.483155965805053711e-01 9.198447465896606445e-01 9.978289604187011719e-01 1.086935281753540039e+00 1.183254241943359375e+00 1.306579113006591797e+00 1.518024921417236328e+00 1.788286209106445312e+00 nan 1.878060102462768555e+00 1.651856660842895508e+00 1.437788486480712891e+00 1.258564233779907227e+00 1.114818334579467773e+00 9.770611524581909180e-01 0.000000000000000000e+00 0.000000000000000000e+00 0.000000000000000000e+00 0.000000000000000000e+00 0.000000000000000000e+00 0.000000000000000000e+00
7.431429624557495117e-01 8.325555324554443359e-01 9.019982814788818359e-01 9.519135951995849609e-01 1.022102594375610352e+00 1.112291574478149414e+00 1.223667860031127930e+00 1.359591484069824219e+00 1.580734729766845703e+00 1.866502761840820312e+00 nan 1.820284605026245117e+00 1.560817956924438477e+00 1.362828731536865234e+00 1.173412084579467773e+00 1.033696413040161133e+00 0.000000000000000000e+00 0.000000000000000000e+00 0.000000000000000000e+00 0.000000000000000000e+00 0.000000000000000000e+00 0.000000000000000000e+00
7.308654785156250000e-01 8.157566785812377930e-01 8.843181133270263672e-01 9.286277294158935547e-01 9.670833349227905273e-01 1.043158769607543945e+00 1.134048700332641602e+00 1.248263597488403320e+00 1.395774602890014648e+00 1.599106788635253906e+00 1.836201190948486328e+00 nan 1.742229938507080078e+00 1.488535165786743164e+00 1.273825168609619141e+00 1.091953992843627930e+00 0.000000000000000000e+00 0.000000000000000000e+00 0.000000000000000000e+00 0.000000000000000000e+00 0.000000000000000000e+00 0.000000000000000000e+00
7.484282255172729492e-01 7.945295572280883789e-01 8.608419895172119141e-01 9.014962911605834961e-01 9.339653253555297852e-01 9.677022695541381836e-01 1.049693346023559570e+00 1.154328107833862305e+00 1.257479906082153320e+00 1.353006601333618164e+00 1.528020620346069336e+00 1.775125980377197266e+00 nan 1.670220136642456055e+00 1.407602310180664062e+00 1.183228492736816406e+00 0.000000000000000000e+00 0.000000000000000000e+00 0.000000000000000000e+00 0.000000000000000000e+00 0.000000000000000000e+00 0.000000000000000000e+00
7.652746438980102539e-01 7.954266071319580078e-01 8.228161334991455078e-01 8.627486228942871094e-01 8.993259668350219727e-01 9.317576885223388672e-01 9.739958047866821289e-01 1.056980609893798828e+00 1.134850025177001953e+00 1.215667009353637695e+00 1.299543857574462891e+00 1.482014656066894531e+00 1.715366125106811523e+00 nan 1.582657814025878906e+00 1.315799474716186523e+00 0.000000000000000000e+00 0.000000000000000000e+00 0.000000000000000000e+00 0.000000000000000000e+00 0.000000000000000000e+00 0.000000000000000000e+00
7.888312339782714844e-01 8.006452322006225586e-01 8.059210777282714844e-01 8.217464685440063477e-01 8.616554737091064453e-01 8.971574306488037109e-01 9.258973598480224609e-01 9.452415704727172852e-01 1.018881082534790039e+00 1.095308065414428711e+00 1.174628257751464844e+00 1.256951570510864258e+00 1.458048582077026367e+00 1.686533927917480469e+00 nan 1.486453056335449219e+00 0.000000000000000000e+00 0.000000000000000000e+00 0.000000000000000000e+00 0.000000000000000000e+00 0.000000000000000000e+00 0.000000000000000000e+00
8.152951002120971680e-01 8.028964996337890625e-01 8.016041517257690430e-01 8.081002235412597656e-01 8.206778764724731445e-01 8.605635166168212891e-01 8.646582365036010742e-01 8.683060407638549805e-01 9.092121124267578125e-01 9.814876317977905273e-01 1.056499004364013672e+00 1.134350061416625977e+00 1.229678869247436523e+00 1.434313535690307617e+00 1.608978509902954102e+00 nan 0.000000000000000000e+00 0.000000000000000000e+00 0.000000000000000000e+00 0.000000000000000000e+00 0.000000000000000000e+00 0.000000000000000000e+00
7.891633510589599609e-01 7.861166000366210938e-01 7.815179824829101562e-01 8.037780523300170898e-01 8.102819919586181641e-01 7.895464897155761719e-01 7.942943572998046875e-01 7.990546226501464844e-01 8.300757408142089844e-01 8.730720281600952148e-01 9.447866678237915039e-01 1.018408775329589844e+00 1.094817638397216797e+00 1.206589698791503906e+00 1.372488021850585938e+00 1.540073156356811523e+00 nan 0.000000000000000000e+00 0.000000000000000000e+00 0.000000000000000000e+00 0.000000000000000000e+00 0.000000000000000000e+00
6.337195634841918945e-01 7.380362749099731445e-01 7.263845205307006836e-01 7.313301563262939453e-01 7.257212400436401367e-01 7.136664390563964844e-01 7.016959190368652344e-01 7.195906639099121094e-01 7.575190067291259766e-01 7.907910346984863281e-01 8.342164754867553711e-01 9.093675613403320312e-01 9.875979423522949219e-01 1.072973489761352539e+00 1.168103694915771484e+00 1.318663358688354492e+00 0.000000000000000000e+00 nan 0.000000000000000000e+00 0.000000000000000000e+00 0.000000000000000000e+00 0.000000000000000000e+00
6.072759628295898438e-01 5.929149389266967773e-01 6.570447683334350586e-01 6.647933721542358398e-01 6.493115425109863281e-01 6.377906799316406250e-01 6.263502836227416992e-01 6.149896383285522461e-01 6.528432369232177734e-01 6.946998834609985352e-01 7.376165390014648438e-01 7.861878871917724609e-01 8.737142086029052734e-01 9.595929384231567383e-01 1.036064386367797852e+00 1.126263141632080078e+00 0.000000000000000000e+00 0.000000000000000000e+00 nan 0.000000000000000000e+00 0.000000000000000000e+00 0.000000000000000000e+00
5.888880491256713867e-01 5.743110179901123047e-01 5.461151599884033203e-01 5.721580982208251953e-01 6.122517585754394531e-01 5.971449613571166992e-01 5.821797847747802734e-01 5.676038265228271484e-01 5.754922628402709961e-01 6.085693836212158203e-01 6.453441381454467773e-01 6.829595565795898438e-01 7.214349508285522461e-01 7.956256866455078125e-01 8.787611722946166992e-01 9.694883823394775391e-01 0.000000000000000000e+00 0.000000000000000000e+00 0.000000000000000000e+00 nan 0.000000000000000000e+00 0.000000000000000000e+00
5.705497264862060547e-01 5.487915277481079102e-01 5.218657255172729492e-01 5.177527666091918945e-01 5.166429281234741211e-01 5.613683462142944336e-01 5.467382669448852539e-01 5.340660810470581055e-01 5.417858362197875977e-01 5.495443344116210938e-01 5.807223320007324219e-01 6.168603897094726562e-01 6.538246870040893555e-01 6.916339397430419922e-01 7.532385587692260742e-01 8.379042148590087891e-01 0.000000000000000000e+00 0.000000000000000000e+00 0.000000000000000000e+00 0.000000000000000000e+00 nan 0.000000000000000000e+00
5.493253469467163086e-01 5.172861814498901367e-01 4.994423389434814453e-01 4.955707788467407227e-01 4.934988021850585938e-01 4.935626983642578125e-01 5.120906829833984375e-01 5.012458562850952148e-01 5.088003873825073242e-01 5.163929462432861328e-01 5.240236520767211914e-01 5.533573627471923828e-01 5.888698101043701172e-01 6.251943111419677734e-01 6.650664806365966797e-01 7.151113748550415039e-01 0.000000000000000000e+00 0.000000000000000000e+00 0.000000000000000000e+00 0.000000000000000000e+00 0.000000000000000000e+00 nan
