nan 8.641541004180908203e-01 8.333187103271484375e-01 8.019107580184936523e-01 7.950791120529174805e-01 8.034704923629760742e-01 7.946559190750122070e-01 7.886925935745239258e-01 7.827491760253906250e-01 7.768254280090332031e-01 7.709213495254516602e-01 7.650370597839355469e-01 7.729172706604003906e-01 7.999389171600341797e-01 8.243473768234252930e-01 8.317819833755493164e-01 0.000000000000000000e+00 0.000000000000000000e+00 0.000000000000000000e+00 0.000000000000000000e+00 0.000000000000000000e+00 0.000000000000000000e+00
8.471044301986694336e-01 nan 9.004757404327392578e-01 8.686007261276245117e-01 8.372828960418701172e-01 8.229944705963134766e-01 8.155773878097534180e-01 8.095444440841674805e-01 8.035317659378051758e-01 7.975389957427978516e-01 7.915660142898559570e-01 7.856131792068481445e-01 7.796798944473266602e-01 7.889568805694580078e-01 8.090972900390625000e-01 8.102355003356933594e-01 0.000000000000000000e+00 0.000000000000000000e+00 0.000000000000000000e+00 0.000000000000000000e+00 0.000000000000000000e+00 0.000000000000000000e+00
8.100725412368774414e-01 8.842281103134155273e-01 nan 9.375048875808715820e-01 9.045622348785400391e-01 8.619643449783325195e-01 8.367426395416259766e-01 8.306396007537841797e-01 8.245565891265869141e-01 8.184939622879028320e-01 8.124514818191528320e-01 8.064291477203369141e-01 8.004267215728759766e-01 7.880315780639648438e-01 7.873072624206542969e-01 7.889423370361328125e-01 0.000000000000000000e+00 0.000000000000000000e+00 0.000000000000000000e+00 0.000000000000000000e+00 0.000000000000000000e+00 0.000000000000000000e+00
7.737830877304077148e-01 8.466885089874267578e-01 9.243751764297485352e-01 nan 9.723716974258422852e-01 9.286890029907226562e-01 8.879849910736083984e-01 8.519805669784545898e-01 8.458268642425537109e-01 8.396934270858764648e-01 8.335803747177124023e-01 8.274879455566406250e-01 8.213304281234741211e-01 7.962354421615600586e-01 7.717776298522949219e-01 7.678993940353393555e-01 0.000000000000000000e+00 0.000000000000000000e+00 0.000000000000000000e+00 0.000000000000000000e+00 0.000000000000000000e+00 0.000000000000000000e+00
7.442845106124877930e-01 8.083176612854003906e-01 8.844897747039794922e-01 9.638701677322387695e-01 nan 9.964776039123535156e-01 9.544463157653808594e-01 9.132999181747436523e-01 8.730198144912719727e-01 8.616216182708740234e-01 8.553797006607055664e-01 8.491588830947875977e-01 8.296147584915161133e-01 8.039445877075195312e-01 7.793561220169067383e-01 7.469246387481689453e-01 0.000000000000000000e+00 0.000000000000000000e+00 0.000000000000000000e+00 0.000000000000000000e+00 0.000000000000000000e+00 0.000000000000000000e+00
7.421245574951171875e-01 7.801626920700073242e-01 8.437807559967041016e-01 9.214465618133544922e-01 9.930108785629272461e-01 nan 1.021011114120483398e+00 9.784631729125976562e-01 9.368112087249755859e-01 8.960362672805786133e-01 8.788515329360961914e-01 8.602602481842041016e-01 8.341599702835083008e-01 8.084260225296020508e-01 7.836358547210693359e-01 7.501901388168334961e-01 0.000000000000000000e+00 0.000000000000000000e+00 0.000000000000000000e+00 0.000000000000000000e+00 0.000000000000000000e+00 0.000000000000000000e+00
7.399672269821166992e-01 7.783006429672241211e-01 8.181664943695068359e-01 8.794639110565185547e-01 9.477475881576538086e-01 1.021588325500488281e+00 nan 1.045845746994018555e+00 1.002775192260742188e+00 9.606113433837890625e-01 9.048225879669189453e-01 8.648816347122192383e-01 8.387165069580078125e-01 8.129186630249023438e-01 7.879259586334228516e-01 7.546173334121704102e-01 0.000000000000000000e+00 0.000000000000000000e+00 0.000000000000000000e+00 0.000000000000000000e+00 0.000000000000000000e+00 0.000000000000000000e+00
7.350039482116699219e-01 7.764405012130737305e-01 8.162647485733032227e-01 8.540036678314208984e-01 9.035121202468872070e-01 9.756759405136108398e-01 1.050575494766235352e+00 nan 1.070985555648803711e+00 1.014032602310180664e+00 9.456539154052734375e-01 8.795971870422363281e-01 8.432844877243041992e-01 8.174225091934204102e-01 7.922261953353881836e-01 7.590556144714355469e-01 0.000000000000000000e+00 0.000000000000000000e+00 0.000000000000000000e+00 0.000000000000000000e+00 0.000000000000000000e+00 0.000000000000000000e+00
7.272046804428100586e-01 7.745823860168457031e-01 8.143649101257324219e-01 8.494836091995239258e-01 8.757753372192382812e-01 9.308061599731445312e-01 9.980607032775878906e-01 1.066051006317138672e+00 nan 1.060835123062133789e+00 9.889475107192993164e-01 9.198877811431884766e-01 8.547055721282958984e-01 8.219374418258666992e-01 7.965369224548339844e-01 7.649871110916137695e-01 0.000000000000000000e+00 0.000000000000000000e+00 0.000000000000000000e+00 0.000000000000000000e+00 0.000000000000000000e+00 0.000000000000000000e+00
7.192420959472656250e-01 7.727000713348388672e-01 8.124670982360839844e-01 8.446484804153442383e-01 8.678798675537109375e-01 8.858405351638793945e-01 9.423075914382934570e-01 1.002814769744873047e+00 1.064729213714599609e+00 nan 1.059358596801757812e+00 9.875228404998779297e-01 9.181923866271972656e-01 8.512806892395019531e-01 8.200166225433349609e-01 7.928382158279418945e-01 0.000000000000000000e+00 0.000000000000000000e+00 0.000000000000000000e+00 0.000000000000000000e+00 0.000000000000000000e+00 0.000000000000000000e+00
7.202078104019165039e-01 7.607386112213134766e-01 8.073145151138305664e-01 8.339848518371582031e-01 8.516196012496948242e-01 8.694239854812622070e-01 8.850721120834350586e-01 9.318224191665649414e-01 9.879807233810424805e-01 1.068333387374877930e+00 nan 1.057883262634277344e+00 9.860241413116455078e-01 9.166465997695922852e-01 8.496928215026855469e-01 8.208270072937011719e-01 0.000000000000000000e+00 0.000000000000000000e+00 0.000000000000000000e+00 0.000000000000000000e+00 0.000000000000000000e+00 0.000000000000000000e+00
7.347464561462402344e-01 7.506945133209228516e-01 7.950004339218139648e-01 8.180196285247802734e-01 8.355009555816650391e-01 8.522866964340209961e-01 8.582308292388916016e-01 8.641730546951293945e-01 9.139680862426757812e-01 9.912254810333251953e-01 1.068800210952758789e+00 nan 1.055855512619018555e+00 9.840387105941772461e-01 9.147305488586425781e-01 8.491925001144409180e-01 0.000000000000000000e+00 0.000000000000000000e+00 0.000000000000000000e+00 0.000000000000000000e+00 0.000000000000000000e+00 0.000000000000000000e+00
7.493189573287963867e-01 7.676886320114135742e-01 7.775355577468872070e-01 8.021216392517089844e-01 8.193347454071044922e-01 8.256078958511352539e-01 8.313503265380859375e-01 8.371109962463378906e-01 8.439269065856933594e-01 9.167653322219848633e-01 9.941358566284179688e-01 1.067423343658447266e+00 nan 1.053800582885742188e+00 9.820553064346313477e-01 9.128028154373168945e-01 0.000000000000000000e+00 0.000000000000000000e+00 0.000000000000000000e+00 0.000000000000000000e+00 0.000000000000000000e+00 0.000000000000000000e+00
7.631715536117553711e-01 7.832117080688476562e-01 7.896720170974731445e-01 7.829318046569824219e-01 7.934641838073730469e-01 7.991055250167846680e-01 8.047647476196289062e-01 8.102413415908813477e-01 8.153712749481201172e-01 8.459614515304565430e-01 9.175659418106079102e-01 9.943486452102661133e-01 1.072743654251098633e+00 nan 1.051747322082519531e+00 9.789787530899047852e-01 0.000000000000000000e+00 0.000000000000000000e+00 0.000000000000000000e+00 0.000000000000000000e+00 0.000000000000000000e+00 0.000000000000000000e+00
7.770882844924926758e-01 7.968306541442871094e-01 7.989836931228637695e-01 7.788937091827392578e-01 7.557150125503540039e-01 7.593067884445190430e-01 7.676831483840942383e-01 7.760994434356689453e-01 7.821195125579833984e-01 8.090394735336303711e-01 8.416490554809570312e-01 9.123698472976684570e-01 9.889444112777709961e-01 1.078347921371459961e+00 nan 1.055763959884643555e+00 0.000000000000000000e+00 0.000000000000000000e+00 0.000000000000000000e+00 0.000000000000000000e+00 0.000000000000000000e+00 0.000000000000000000e+00
7.911145687103271484e-01 8.087247610092163086e-01 7.935378551483154297e-01 7.701684236526489258e-01 7.471033334732055664e-01 7.243390083312988281e-01 7.238298654556274414e-01 7.320373058319091797e-01 7.402840852737426758e-01 7.669297456741333008e-01 8.022373914718627930e-01 8.373465538024902344e-01 9.071874618530273438e-01 9.927740097045898438e-01 1.083967208862304688e+00 nan 0.000000000000000000e+00 0.000000000000000000e+00 0.000000000000000000e+00 0.000000000000000000e+00 0.000000000000000000e+00 0.000000000000000000e+00
7.838817834854125977e-01 7.934595346450805664e-01 7.795764207839965820e-01 7.614858150482177734e-01 7.385340929031372070e-01 7.158813476562500000e-01 6.935236454010009766e-01 6.890684366226196289e-01 6.971105337142944336e-01 7.201379537582397461e-01 7.545106410980224609e-01 7.895700931549072266e-01 8.253301382064819336e-01 8.976451158523559570e-01 1.003972768783569336e+00 1.092721223831176758e+00 nan 0.000000000000000000e+00 0.000000000000000000e+00 0.000000000000000000e+00 0.000000000000000000e+00 0.000000000000000000e+00
6.107575893402099609e-01 7.279566526412963867e-01 7.389649152755737305e-01 7.235529422760009766e-01 7.073891162872314453e-01 6.913768053054809570e-01 6.755146980285644531e-01 6.598013639450073242e-01 6.550079584121704102e-01 6.745853424072265625e-01 7.080476284027099609e-01 7.421787977218627930e-01 7.769918441772460938e-01 8.125004768371582031e-01 8.860813379287719727e-01 1.010218858718872070e+00 0.000000000000000000e+00 nan 0.000000000000000000e+00 0.000000000000000000e+00 0.000000000000000000e+00 0.000000000000000000e+00
5.587313175201416016e-01 5.583698749542236328e-01 6.433910131454467773e-01 6.848824024200439453e-01 6.690812110900878906e-01 6.534283161163330078e-01 6.379221677780151367e-01 6.225613355636596680e-01 6.073447465896606445e-01 6.149947643280029297e-01 6.518559455871582031e-01 6.895585060119628906e-01 7.281215190887451172e-01 7.645019292831420898e-01 7.997609376907348633e-01 8.900593519210815430e-01 0.000000000000000000e+00 0.000000000000000000e+00 nan 0.000000000000000000e+00 0.000000000000000000e+00 0.000000000000000000e+00
5.365586280822753906e-01 5.355776548385620117e-01 5.324692726135253906e-01 5.628618001937866211e-01 6.316330432891845703e-01 6.163312196731567383e-01 6.011729240417480469e-01 5.861568450927734375e-01 5.712815523147583008e-01 5.696295499801635742e-01 5.867198705673217773e-01 6.229356527328491211e-01 6.599780321121215820e-01 6.978659629821777344e-01 7.366186380386352539e-01 7.762557268142700195e-01 0.000000000000000000e+00 0.000000000000000000e+00 0.000000000000000000e+00 nan 0.000000000000000000e+00 0.000000000000000000e+00
5.141216516494750977e-01 5.131186246871948242e-01 5.105193853378295898e-01 5.064491033554077148e-01 5.052514076232910156e-01 5.800664424896240234e-01 5.652483701705932617e-01 5.505690574645996094e-01 5.360275506973266602e-01 5.361027717590332031e-01 5.438449382781982422e-01 5.589399337768554688e-01 5.945216417312622070e-01 6.309155225753784180e-01 6.681401729583740234e-01 7.062141895294189453e-01 0.000000000000000000e+00 0.000000000000000000e+00 0.000000000000000000e+00 0.000000000000000000e+00 nan 0.000000000000000000e+00
4.843409061431884766e-01 4.908509254455566406e-01 4.888839721679687500e-01 4.848719835281372070e-01 4.825407266616821289e-01 4.824367761611938477e-01 5.067889690399169922e-01 5.157798528671264648e-01 5.015646219253540039e-01 5.032922029495239258e-01 5.108690261840820312e-01 5.184841156005859375e-01 5.316463708877563477e-01 5.666050910949707031e-01 6.023617982864379883e-01 6.389347314834594727e-01 0.000000000000000000e+00 0.000000000000000000e+00 0.000000000000000000e+00 0.000000000000000000e+00 0.000000000000000000e+00 nan
