nan 8.948954343795776367e-01 8.608590364456176758e-01 8.289793729782104492e-01 8.192617893218994141e-01 8.220005035400390625e-01 8.177990913391113281e-01 8.115314245223999023e-01 8.052854537963867188e-01 7.990610599517822266e-01 7.928580045700073242e-01 7.866765260696411133e-01 7.862977981567382812e-01 8.053466081619262695e-01 8.283957242965698242e-01 8.315556049346923828e-01 0.000000000000000000e+00 0.000000000000000000e+00 0.000000000000000000e+00 0.000000000000000000e+00 0.000000000000000000e+00 0.000000000000000000e+00
8.908481597900390625e-01 nan 9.289360046386718750e-01 8.956429958343505859e-01 8.625091314315795898e-01 8.440074920654296875e-01 8.379625082015991211e-01 8.316253423690795898e-01 8.253101110458374023e-01 8.190165758132934570e-01 8.127447366714477539e-01 8.056025505065917969e-01 7.914090156555175781e-01 7.937165498733520508e-01 8.126558065414428711e-01 8.158932924270629883e-01 0.000000000000000000e+00 0.000000000000000000e+00 0.000000000000000000e+00 0.000000000000000000e+00 0.000000000000000000e+00 0.000000000000000000e+00
8.518434762954711914e-01 9.274543523788452148e-01 nan 9.646610021591186523e-01 9.270914793014526367e-01 8.830999135971069336e-01 8.583495616912841797e-01 8.519421815872192383e-01 8.455568552017211914e-01 8.391934633255004883e-01 8.328520059585571289e-01 8.235548734664916992e-01 8.092200756072998047e-01 7.949981689453125000e-01 7.970515489578247070e-01 8.003648519515991211e-01 0.000000000000000000e+00 0.000000000000000000e+00 0.000000000000000000e+00 0.000000000000000000e+00 0.000000000000000000e+00 0.000000000000000000e+00
8.136434555053710938e-01 8.876945972442626953e-01 9.655693769454956055e-01 nan 9.939136505126953125e-01 9.494496583938598633e-01 9.080587625503540039e-01 8.724843263626098633e-01 8.660281896591186523e-01 8.595943450927734375e-01 8.531826734542846680e-01 8.416856527328491211e-01 8.272085189819335938e-01 8.128451108932495117e-01 7.881467342376708984e-01 7.820171117782592773e-01 0.000000000000000000e+00 0.000000000000000000e+00 0.000000000000000000e+00 0.000000000000000000e+00 0.000000000000000000e+00 0.000000000000000000e+00
7.760599851608276367e-01 8.486777544021606445e-01 9.252963066101074219e-01 1.006028413772583008e+00 nan 1.018136739730834961e+00 9.752875566482543945e-01 9.333482980728149414e-01 8.922994136810302734e-01 8.802213668823242188e-01 8.737384080886840820e-01 8.599967956542968750e-01 8.453756570816040039e-01 8.308694362640380859e-01 8.000837564468383789e-01 7.612971067428588867e-01 0.000000000000000000e+00 0.000000000000000000e+00 0.000000000000000000e+00 0.000000000000000000e+00 0.000000000000000000e+00 0.000000000000000000e+00
7.663251161575317383e-01 8.073247671127319336e-01 8.826359510421752930e-01 9.601291418075561523e-01 1.029951572418212891e+00 nan 1.041833400726318359e+00 9.985866546630859375e-01 9.562560319900512695e-01 9.148218631744384766e-01 8.904122114181518555e-01 8.756729364395141602e-01 8.610485792160034180e-01 8.434910774230957031e-01 8.056827783584594727e-01 7.670360803604125977e-01 0.000000000000000000e+00 0.000000000000000000e+00 0.000000000000000000e+00 0.000000000000000000e+00 0.000000000000000000e+00 0.000000000000000000e+00
7.631326913833618164e-01 8.005290031433105469e-01 8.408977985382080078e-01 9.134664535522460938e-01 9.826759099960327148e-01 1.057572364807128906e+00 nan 1.065454959869384766e+00 1.021708011627197266e+00 9.734011888504028320e-01 9.232323169708251953e-01 8.903547525405883789e-01 8.746031522750854492e-01 8.464477062225341797e-01 8.097604513168334961e-01 7.711646556854248047e-01 0.000000000000000000e+00 0.000000000000000000e+00 0.000000000000000000e+00 0.000000000000000000e+00 0.000000000000000000e+00 0.000000000000000000e+00
7.599459886550903320e-01 7.974586486816406250e-01 8.375233411788940430e-01 8.720141649246215820e-01 9.365224838256835938e-01 1.009675741195678711e+00 1.084175586700439453e+00 nan 1.083824157714843750e+00 1.030848026275634766e+00 9.792189598083496094e-01 9.289022684097290039e-01 8.787300586700439453e-01 8.494093418121337891e-01 8.138473033905029297e-01 7.753030061721801758e-01 0.000000000000000000e+00 0.000000000000000000e+00 0.000000000000000000e+00 0.000000000000000000e+00 0.000000000000000000e+00 0.000000000000000000e+00
7.549523115158081055e-01 7.945749759674072266e-01 8.345754146575927734e-01 8.664065599441528320e-01 8.927890062332153320e-01 9.588849544525146484e-01 1.025404214859008789e+00 1.094182252883911133e+00 nan 1.089967489242553711e+00 1.036835193634033203e+00 9.702755212783813477e-01 9.032527208328247070e-01 8.523756265640258789e-01 8.179433345794677734e-01 7.794508934020996094e-01 0.000000000000000000e+00 0.000000000000000000e+00 0.000000000000000000e+00 0.000000000000000000e+00 0.000000000000000000e+00 0.000000000000000000e+00
7.410106658935546875e-01 7.903698682785034180e-01 8.295564651489257812e-01 8.605730533599853516e-01 8.788638114929199219e-01 9.036467075347900391e-01 9.682899713516235352e-01 1.035128593444824219e+00 1.115062713623046875e+00 nan 1.098538160324096680e+00 1.025230407714843750e+00 9.544831514358520508e-01 8.810660839080810547e-01 8.294477462768554688e-01 7.933970689773559570e-01 0.000000000000000000e+00 0.000000000000000000e+00 0.000000000000000000e+00 0.000000000000000000e+00 0.000000000000000000e+00 0.000000000000000000e+00
7.251092195510864258e-01 7.809933423995971680e-01 8.174948692321777344e-01 8.443658351898193359e-01 8.619825839996337891e-01 8.797675371170043945e-01 9.127866029739379883e-01 9.777402877807617188e-01 1.045217037200927734e+00 1.133287906646728516e+00 nan 1.096440315246582031e+00 1.023205757141113281e+00 9.460462331771850586e-01 8.715233802795410156e-01 8.213723897933959961e-01 0.000000000000000000e+00 0.000000000000000000e+00 0.000000000000000000e+00 0.000000000000000000e+00 0.000000000000000000e+00 0.000000000000000000e+00
7.394181489944458008e-01 7.670857906341552734e-01 8.046021461486816406e-01 8.277946710586547852e-01 8.452529907226562500e-01 8.628782033920288086e-01 8.806717395782470703e-01 9.216712713241577148e-01 9.752911329269409180e-01 1.048157930374145508e+00 1.149944782257080078e+00 nan 1.093437910079956055e+00 1.013270854949951172e+00 9.361737966537475586e-01 8.600792884826660156e-01 0.000000000000000000e+00 0.000000000000000000e+00 0.000000000000000000e+00 0.000000000000000000e+00 0.000000000000000000e+00 0.000000000000000000e+00
7.540341615676879883e-01 7.724199295043945312e-01 7.918008565902709961e-01 8.113722801208496094e-01 8.286737203598022461e-01 8.450376987457275391e-01 8.574353456497192383e-01 8.673061132431030273e-01 8.973516225814819336e-01 9.639668464660644531e-01 1.042607784271240234e+00 1.160261392593383789e+00 nan 1.087513208389282227e+00 1.003057479858398438e+00 9.243980646133422852e-01 0.000000000000000000e+00 0.000000000000000000e+00 0.000000000000000000e+00 0.000000000000000000e+00 0.000000000000000000e+00 0.000000000000000000e+00
7.682120800018310547e-01 7.859982252120971680e-01 7.926739454269409180e-01 7.932325601577758789e-01 8.052821159362792969e-01 8.174127340316772461e-01 8.279230594635009766e-01 8.331030607223510742e-01 8.382977247238159180e-01 8.832366466522216797e-01 9.586449861526489258e-01 1.049165964126586914e+00 1.166101932525634766e+00 nan 1.092099428176879883e+00 9.909409284591674805e-01 0.000000000000000000e+00 0.000000000000000000e+00 0.000000000000000000e+00 0.000000000000000000e+00 0.000000000000000000e+00 0.000000000000000000e+00
7.821683883666992188e-01 7.993606328964233398e-01 7.973374128341674805e-01 7.855449914932250977e-01 7.782523632049560547e-01 7.893706560134887695e-01 7.944413423538208008e-01 7.995264530181884766e-01 8.046259880065917969e-01 8.221729993820190430e-01 8.781336545944213867e-01 9.533374309539794922e-01 1.061469793319702148e+00 1.171958684921264648e+00 nan 1.092859983444213867e+00 0.000000000000000000e+00 0.000000000000000000e+00 0.000000000000000000e+00 0.000000000000000000e+00 0.000000000000000000e+00 0.000000000000000000e+00
7.962350845336914062e-01 8.069113492965698242e-01 7.988262176513671875e-01 7.870241403579711914e-01 7.752995491027832031e-01 7.560133934020996094e-01 7.615729570388793945e-01 7.665649652481079102e-01 7.715710401535034180e-01 7.857266664505004883e-01 8.179161548614501953e-01 8.730442523956298828e-01 9.531115293502807617e-01 1.073847532272338867e+00 1.177831172943115234e+00 nan 0.000000000000000000e+00 0.000000000000000000e+00 0.000000000000000000e+00 0.000000000000000000e+00 0.000000000000000000e+00 0.000000000000000000e+00
7.961870431900024414e-01 8.088279962539672852e-01 7.999839782714843750e-01 7.885044813156127930e-01 7.665987014770507812e-01 7.435802221298217773e-01 7.208616733551025391e-01 7.287950515747070312e-01 7.370262145996093750e-01 7.500095367431640625e-01 7.815549373626708984e-01 8.136690855026245117e-01 8.679684400558471680e-01 9.648386240005493164e-01 1.086299419403076172e+00 1.176914691925048828e+00 nan 0.000000000000000000e+00 0.000000000000000000e+00 0.000000000000000000e+00 0.000000000000000000e+00 0.000000000000000000e+00
6.100454330444335938e-01 7.384616136550903320e-01 7.783406972885131836e-01 7.654678821563720703e-01 7.489109039306640625e-01 7.325093746185302734e-01 7.124210596084594727e-01 6.901085376739501953e-01 6.939334869384765625e-01 7.048835754394531250e-01 7.389514446258544922e-01 7.736998796463012695e-01 8.091428279876708984e-01 8.629065752029418945e-01 9.766359329223632812e-01 1.090937137603759766e+00 0.000000000000000000e+00 nan 0.000000000000000000e+00 0.000000000000000000e+00 0.000000000000000000e+00 0.000000000000000000e+00
5.814913511276245117e-01 5.856317281723022461e-01 6.667832136154174805e-01 7.258571386337280273e-01 7.096716165542602539e-01 6.936379671096801758e-01 6.777547597885131836e-01 6.620204448699951172e-01 6.464337110519409180e-01 6.541725397109985352e-01 6.919279098510742188e-01 7.267289161682128906e-01 7.612333297729492188e-01 7.964271306991577148e-01 8.672125339508056641e-01 9.785412549972534180e-01 0.000000000000000000e+00 0.000000000000000000e+00 nan 0.000000000000000000e+00 0.000000000000000000e+00 0.000000000000000000e+00
5.628757476806640625e-01 5.640423297882080078e-01 5.606493949890136719e-01 5.851484537124633789e-01 6.713126897811889648e-01 6.556386947631835938e-01 6.401119232177734375e-01 6.247305870056152344e-01 6.094934940338134766e-01 5.972454547882080078e-01 6.252117156982421875e-01 6.623060703277587891e-01 7.002470493316650391e-01 7.390540838241577148e-01 7.787467241287231445e-01 8.597333431243896484e-01 0.000000000000000000e+00 0.000000000000000000e+00 0.000000000000000000e+00 nan 0.000000000000000000e+00 0.000000000000000000e+00
5.410065650939941406e-01 5.411669015884399414e-01 5.382959842681884766e-01 5.341508388519287109e-01 5.327563285827636719e-01 6.085432767868041992e-01 6.033136844635009766e-01 5.882773399353027344e-01 5.733821392059326172e-01 5.631288290023803711e-01 5.710072517395019531e-01 5.967578887939453125e-01 6.332027912139892578e-01 6.704795360565185547e-01 7.086071968078613281e-01 7.488238811492919922e-01 0.000000000000000000e+00 0.000000000000000000e+00 0.000000000000000000e+00 0.000000000000000000e+00 nan 0.000000000000000000e+00
5.108495950698852539e-01 5.173519849777221680e-01 5.162626504898071289e-01 5.121768712997436523e-01 5.096307992935180664e-01 5.095249414443969727e-01 5.283252000808715820e-01 5.526421070098876953e-01 5.380811691284179688e-01 5.297410488128662109e-01 5.374511480331420898e-01 5.452001094818115234e-01 5.688022375106811523e-01 6.046090126037597656e-01 6.412332057952880859e-01 6.798899173736572266e-01 0.000000000000000000e+00 0.000000000000000000e+00 0.000000000000000000e+00 0.000000000000000000e+00 0.000000000000000000e+00 nan
