nan 8.857460021972656250e-01 8.389136791229248047e-01 8.253247737884521484e-01 8.204421997070312500e-01 8.113827705383300781e-01 8.023685216903686523e-01 7.933989763259887695e-01 7.819634675979614258e-01 8.094764947891235352e-01 8.294590711593627930e-01 8.391395807266235352e-01 8.407070636749267578e-01 7.790331840515136719e-01 7.155873775482177734e-01 6.544041633605957031e-01
8.633906841278076172e-01 nan 9.364007711410522461e-01 8.782248497009277344e-01 8.496812582015991211e-01 8.404763936996459961e-01 8.313173055648803711e-01 8.222037553787231445e-01 8.053588867187500000e-01 7.926629781723022461e-01 8.006230592727661133e-01 8.079352378845214844e-01 8.152768611907958984e-01 7.574766874313354492e-01 7.008297443389892578e-01 6.460086107254028320e-01
8.081241846084594727e-01 9.161708354949951172e-01 nan 9.735717773437500000e-01 9.133318662643432617e-01 8.700371980667114258e-01 8.607310056686401367e-01 8.514710664749145508e-01 8.313437700271606445e-01 8.017841577529907227e-01 7.700721025466918945e-01 7.772603034973144531e-01 7.844774723052978516e-01 7.338967323303222656e-01 6.780098676681518555e-01 6.239242553710937500e-01
7.750294208526611328e-01 8.565479516983032227e-01 9.675475358963012695e-01 nan 1.008495330810546875e+00 9.473379850387573242e-01 8.920493125915527344e-01 8.761377334594726562e-01 8.480752706527709961e-01 8.105733394622802734e-01 7.623690366744995117e-01 7.458599805831909180e-01 7.530509233474731445e-01 7.116346359252929688e-01 6.563717126846313477e-01 6.028931140899658203e-01
7.703971862792968750e-01 8.263415098190307617e-01 9.002503156661987305e-01 1.002476692199707031e+00 nan 1.042144536972045898e+00 9.735825061798095703e-01 8.945082426071166992e-01 8.539549112319946289e-01 8.163335323333740234e-01 7.683200836181640625e-01 7.290556430816650391e-01 7.200794219970703125e-01 6.917711496353149414e-01 6.371495723724365234e-01 5.842914581298828125e-01
7.650791406631469727e-01 8.221107721328735352e-01 8.714125156402587891e-01 9.314438104629516602e-01 1.026891469955444336e+00 nan 1.052681207656860352e+00 9.525889158248901367e-01 8.598530292510986328e-01 8.221120834350585938e-01 7.742910385131835938e-01 7.348940372467041016e-01 6.963719129562377930e-01 6.721380949020385742e-01 6.181503534317016602e-01 5.659056901931762695e-01
7.430567741394042969e-01 8.119033575057983398e-01 8.544166088104248047e-01 8.800557851791381836e-01 9.448530673980712891e-01 1.039721250534057617e+00 nan 1.038789033889770508e+00 9.367182254791259766e-01 8.467639684677124023e-01 7.981743812561035156e-01 7.510350942611694336e-01 7.051314115524291992e-01 6.542241573333740234e-01 5.993717908859252930e-01 5.477334260940551758e-01
7.410169839859008789e-01 7.938784360885620117e-01 8.303979635238647461e-01 8.557051420211791992e-01 8.813620805740356445e-01 9.352660179138183594e-01 1.040297269821166992e+00 nan 1.035845518112182617e+00 9.338256120681762695e-01 8.388309478759765625e-01 7.906258106231689453e-01 7.436842918395996094e-01 6.979734897613525391e-01 6.007686853408813477e-01 5.427311658859252930e-01
7.621877193450927734e-01 7.794359922409057617e-01 8.066905736923217773e-01 8.268201351165771484e-01 8.362876176834106445e-01 8.438088893890380859e-01 9.219675064086914062e-01 1.034112691879272461e+00 nan 1.031054258346557617e+00 9.191367626190185547e-01 8.311117887496948242e-01 7.831089496612548828e-01 7.363643646240234375e-01 6.435382366180419922e-01 5.540565252304077148e-01
7.836159467697143555e-01 7.970364093780517578e-01 7.805650234222412109e-01 7.806091308593750000e-01 7.879022359848022461e-01 7.952252626419067383e-01 8.251560926437377930e-01 9.144490957260131836e-01 1.046509981155395508e+00 nan 1.015671014785766602e+00 8.987056016921997070e-01 8.234248161315917969e-01 7.756235599517822266e-01 6.930367946624755859e-01 5.888799428939819336e-01
8.038634061813354492e-01 7.995482683181762695e-01 7.732139825820922852e-01 7.399373054504394531e-01 7.325592041015625000e-01 7.444871664047241211e-01 7.726604938507080078e-01 8.190002441406250000e-01 9.069601297378540039e-01 1.064282417297363281e+00 nan 9.942637681961059570e-01 8.784916400909423828e-01 8.157703876495361328e-01 7.440260648727416992e-01 6.367324590682983398e-01
7.934472560882568359e-01 7.863383293151855469e-01 7.606647014617919922e-01 7.276237010955810547e-01 6.952027082443237305e-01 6.823209524154663086e-01 7.066301107406616211e-01 7.561074495315551758e-01 8.070192337036132812e-01 9.085291624069213867e-01 1.077853918075561523e+00 nan 9.730325937271118164e-01 8.584933280944824219e-01 7.965509891510009766e-01 6.860259771347045898e-01
5.768878459930419922e-01 6.812775135040283203e-01 7.065056562423706055e-01 6.834371089935302734e-01 6.606802940368652344e-01 6.382312774658203125e-01 6.382700204849243164e-01 6.893306970596313477e-01 7.383064031600952148e-01 7.887022495269775391e-01 9.075282812118530273e-01 1.064871788024902344e+00 nan 9.547314643859863281e-01 8.490300178527832031e-01 7.368040084838867188e-01
5.445902347564697266e-01 5.412491559982299805e-01 5.634528398513793945e-01 6.291530132293701172e-01 6.071301698684692383e-01 5.854049921035766602e-01 5.750213861465454102e-01 5.970014333724975586e-01 6.499180793762207031e-01 7.045880556106567383e-01 7.616280317306518555e-01 8.809460401535034180e-01 1.044567108154296875e+00 nan 9.375048875808715820e-01 7.891114950180053711e-01
5.087702274322509766e-01 5.094640254974365234e-01 5.035922527313232422e-01 5.021142959594726562e-01 5.553067922592163086e-01 5.342820882797241211e-01 5.266591310501098633e-01 5.377860069274902344e-01 5.567725896835327148e-01 6.083562374114990234e-01 6.622128486633300781e-01 7.243834733963012695e-01 7.947582006454467773e-01 9.473384618759155273e-01 nan 8.795367479324340820e-01
4.625478982925415039e-01 4.719057083129882812e-01 4.696693420410156250e-01 4.668364524841308594e-01 4.669439792633056641e-01 4.670515060424804688e-01 4.778852462768554688e-01 4.889165163040161133e-01 5.000302791595458984e-01 5.112268924713134766e-01 5.598785877227783203e-01 6.202198266983032227e-01 6.871417760848999023e-01 7.568275928497314453e-01 8.436870574951171875e-01 nan
