nan 8.653781414031982422e-01 8.193944692611694336e-01 8.108202219009399414e-01 8.062852621078491211e-01 7.976223230361938477e-01 7.890008687973022461e-01 7.804205417633056641e-01 7.720612287521362305e-01 8.055143356323242188e-01 8.283529281616210938e-01 8.291705846786499023e-01 8.148807287216186523e-01 7.566224336624145508e-01 6.996849775314331055e-01 6.394389867782592773e-01
8.428456783294677734e-01 nan 9.174540042877197266e-01 8.640377521514892578e-01 8.367797136306762695e-01 8.279702663421630859e-01 8.192033767700195312e-01 8.104782104492187500e-01 8.017951250076293945e-01 7.828886508941650391e-01 7.973697185516357422e-01 7.983231544494628906e-01 7.916160821914672852e-01 7.341045141220092773e-01 6.782267093658447266e-01 6.241339445114135742e-01
7.897170782089233398e-01 8.979480266571044922e-01 nan 9.603190422058105469e-01 9.008417129516601562e-01 8.588308095932006836e-01 8.499157428741455078e-01 8.410434722900390625e-01 8.265296220779418945e-01 7.893989086151123047e-01 7.668540477752685547e-01 7.678970098495483398e-01 7.678350210189819336e-01 7.108542919158935547e-01 6.557101011276245117e-01 6.023430824279785156e-01
7.604774236679077148e-01 8.399043083190917969e-01 9.528921842575073242e-01 nan 9.964818954467773438e-01 9.357494115829467773e-01 8.822540044784545898e-01 8.723776340484619141e-01 8.347254991531372070e-01 7.974944114685058594e-01 7.602859735488891602e-01 7.362837791442871094e-01 7.434351444244384766e-01 6.892484426498413086e-01 6.347082853317260742e-01 5.819290876388549805e-01
7.572343349456787109e-01 8.136121034622192383e-01 8.882259130477905273e-01 9.898171424865722656e-01 nan 1.029991626739501953e+00 9.680913686752319336e-01 8.786857128143310547e-01 8.405625820159912109e-01 8.032131195068359375e-01 7.660307884216308594e-01 7.191262245178222656e-01 7.106444835662841797e-01 6.696445941925048828e-01 6.157374382019042969e-01 5.635707378387451172e-01
7.500000000000000000e-01 8.094108104705810547e-01 8.615630865097045898e-01 9.232586622238159180e-01 1.023233652114868164e+00 nan 1.031000137329101562e+00 9.319652318954467773e-01 8.464182615280151367e-01 8.089499473571777344e-01 7.717941999435424805e-01 7.249311208724975586e-01 6.866301298141479492e-01 6.502684354782104492e-01 5.969867706298828125e-01 5.454254150390625000e-01
7.348647117614746094e-01 8.052192926406860352e-01 8.521544933319091797e-01 8.786435127258300781e-01 9.413431882858276367e-01 1.017380952835083008e+00 nan 1.019192934036254883e+00 9.181033372879028320e-01 8.351854085922241211e-01 7.997031211853027344e-01 7.505816221237182617e-01 7.046899795532226562e-01 6.373469829559326172e-01 5.784537792205810547e-01 5.274907350540161133e-01
7.342926263809204102e-01 7.925670146942138672e-01 8.290230035781860352e-01 8.543111085891723633e-01 8.688055276870727539e-01 9.140697717666625977e-01 1.019694328308105469e+00 nan 1.016277790069580078e+00 9.153342247009277344e-01 8.403400182723999023e-01 7.901622056961059570e-01 7.432327270507812500e-01 6.866590976715087891e-01 5.885459184646606445e-01 5.309514999389648438e-01
7.553817033767700195e-01 7.741134166717529297e-01 8.053332567214965820e-01 8.214635848999023438e-01 8.297454118728637695e-01 8.380646705627441406e-01 9.115159511566162109e-01 1.023959636688232422e+00 nan 1.013366937637329102e+00 9.156897068023681641e-01 8.306375741958618164e-01 7.826471328735351562e-01 7.359149456024169922e-01 6.305667161941528320e-01 5.421903133392333984e-01
7.767270803451538086e-01 7.965435981750488281e-01 7.774422168731689453e-01 7.779862880706787109e-01 7.884627580642700195e-01 7.957880496978759766e-01 8.273056745529174805e-01 9.097300767898559570e-01 1.021833658218383789e+00 nan 1.012152671813964844e+00 8.969757556915283203e-01 8.229527473449707031e-01 7.751637697219848633e-01 6.796746253967285156e-01 5.763396024703979492e-01
7.970712184906005859e-01 7.985807657241821289e-01 7.648631334304809570e-01 7.317434549331665039e-01 7.264307737350463867e-01 7.383166551589965820e-01 7.693427801132202148e-01 8.206382989883422852e-01 9.022595882415771484e-01 1.039392232894897461e+00 nan 9.924470186233520508e-01 8.767803907394409180e-01 8.153001070022583008e-01 7.302613258361816406e-01 6.238144636154174805e-01
7.861843109130859375e-01 7.718942165374755859e-01 7.489696741104125977e-01 7.194876670837402344e-01 6.872193813323974609e-01 6.763702630996704102e-01 7.020626068115234375e-01 7.514076232910156250e-01 8.021831512451171875e-01 8.866629600524902344e-01 1.053937673568725586e+00 nan 9.712351560592651367e-01 8.568000793457031250e-01 7.823715209960937500e-01 6.727188825607299805e-01
5.649330615997314453e-01 6.811623573303222656e-01 6.925725936889648438e-01 6.696923971176147461e-01 6.471214294433593750e-01 6.248556375503540039e-01 6.296100616455078125e-01 6.836072206497192383e-01 7.336542606353759766e-01 7.839151620864868164e-01 8.817119598388671875e-01 1.052252531051635742e+00 nan 9.502491950988769531e-01 8.360514640808105469e-01 7.230961322784423828e-01
5.328804254531860352e-01 5.297549962997436523e-01 5.632214546203613281e-01 6.158516407012939453e-01 5.940084457397460938e-01 5.724606513977050781e-01 5.643738508224487305e-01 5.885597467422485352e-01 6.411966085433959961e-01 6.955777406692504883e-01 7.517607212066650391e-01 8.543282747268676758e-01 1.032552957534790039e+00 nan 9.320967197418212891e-01 7.749906778335571289e-01
4.983669519424438477e-01 4.981745481491088867e-01 4.923789501190185547e-01 4.911457300186157227e-01 5.426081418991088867e-01 5.217550992965698242e-01 5.163385868072509766e-01 5.273902416229248047e-01 5.485435724258422852e-01 5.998545885086059570e-01 6.528656482696533203e-01 7.144023180007934570e-01 7.823059558868408203e-01 9.204059839248657227e-01 nan 8.586221933364868164e-01
4.522645473480224609e-01 4.615566730499267578e-01 4.585093259811401367e-01 4.559262990951538086e-01 4.560329914093017578e-01 4.568195343017578125e-01 4.676935672760009766e-01 4.786487817764282227e-01 4.896858930587768555e-01 5.008053779602050781e-01 5.490919351577758789e-01 6.087849140167236328e-01 6.752344369888305664e-01 7.444286346435546875e-01 8.283653259277343750e-01 nan
