nan 9.072320461273193359e-01 8.612036705017089844e-01 8.394430875778198242e-01 8.300404548645019531e-01 8.209332227706909180e-01 8.118714094161987305e-01 7.993831634521484375e-01 7.793723344802856445e-01 8.070201873779296875e-01 8.224340677261352539e-01 8.396556377410888672e-01 8.439571857452392578e-01 7.789453268051147461e-01 7.155025005340576172e-01 6.543222665786743164e-01
9.016152620315551758e-01 nan 9.584639072418212891e-01 8.991807699203491211e-01 8.594336509704589844e-01 8.501802682876586914e-01 8.409729003906250000e-01 8.252820968627929688e-01 8.045930862426757812e-01 7.900563478469848633e-01 7.999659776687622070e-01 8.093333244323730469e-01 8.166807889938354492e-01 7.652180194854736328e-01 7.070214748382568359e-01 6.461437940597534180e-01
8.452152013778686523e-01 9.559758901596069336e-01 nan 9.953132867813110352e-01 9.344098567962646484e-01 8.798968791961669922e-01 8.705416917800903320e-01 8.515536785125732422e-01 8.305668830871582031e-01 8.069976568222045898e-01 7.714411020278930664e-01 7.786346673965454102e-01 7.858575582504272461e-01 7.415342330932617188e-01 6.854010820388793945e-01 6.310772895812988281e-01
7.882364988327026367e-01 8.961926698684692383e-01 1.008971214294433594e+00 nan 1.031776666641235352e+00 9.699107408523559570e-01 9.064884185791015625e-01 8.766441345214843750e-01 8.555457592010498047e-01 8.192247152328491211e-01 7.679469585418701172e-01 7.479614019393920898e-01 7.551606893539428711e-01 7.184512615203857422e-01 6.629681587219238281e-01 6.092765331268310547e-01
7.804402112960815430e-01 8.371318578720092773e-01 9.402570724487304688e-01 1.044474124908447266e+00 nan 1.062476873397827148e+00 9.871698617935180664e-01 9.146124124526977539e-01 8.692326545715332031e-01 8.234409093856811523e-01 7.739167213439941406e-01 7.345280647277832031e-01 7.221496105194091797e-01 6.985085010528564453e-01 6.436693668365478516e-01 5.906008481979370117e-01
7.725683450698852539e-01 8.328760862350463867e-01 8.820079565048217773e-01 9.692369699478149414e-01 1.066552400588989258e+00 nan 1.071265220642089844e+00 9.878650903701782227e-01 8.907011747360229492e-01 8.276667594909667969e-01 7.799065113067626953e-01 7.403849363327026367e-01 7.017408609390258789e-01 6.787972450256347656e-01 6.245946884155273438e-01 5.721418857574462891e-01
7.534025907516479492e-01 8.199242353439331055e-01 8.626149892807006836e-01 8.895319700241088867e-01 9.829084873199462891e-01 1.089785575866699219e+00 nan 1.075994253158569336e+00 9.701207876205444336e-01 8.620790243148803711e-01 8.016970157623291016e-01 7.544652223587036133e-01 7.084717750549316406e-01 6.640653610229492188e-01 6.057411432266235352e-01 5.538971424102783203e-01
7.328057289123535156e-01 8.013060092926025391e-01 8.384901285171508789e-01 8.639090061187744141e-01 9.026501178741455078e-01 9.913529157638549805e-01 1.102104187011718750e+00 nan 1.069174289703369141e+00 9.557003974914550781e-01 8.464519977569580078e-01 7.941337823867797852e-01 7.471001148223876953e-01 7.012997865676879883e-01 6.052117347717285156e-01 5.470130443572998047e-01
7.538766860961914062e-01 7.790993452072143555e-01 8.146778345108032227e-01 8.347678184509277344e-01 8.526023626327514648e-01 8.788609504699707031e-01 9.784409999847412109e-01 1.106831550598144531e+00 nan 1.054028749465942383e+00 9.393804073333740234e-01 8.346989154815673828e-01 7.866020202636718750e-01 7.397660017013549805e-01 6.513286828994750977e-01 5.583698749542236328e-01
7.752039432525634766e-01 7.883204221725463867e-01 7.772005796432495117e-01 7.952194213867187500e-01 8.043597936630249023e-01 8.117501735687255859e-01 8.620526790618896484e-01 9.707016944885253906e-01 1.125128030776977539e+00 nan 1.036985635757446289e+00 9.187337160110473633e-01 8.269970417022705078e-01 7.791019678115844727e-01 7.010618448257446289e-01 5.964111089706420898e-01
7.950252294540405273e-01 7.910280227661132812e-01 7.742122411727905273e-01 7.458196878433227539e-01 7.568156719207763672e-01 7.640113830566406250e-01 7.920621633529663086e-01 8.547686338424682617e-01 9.656807184219360352e-01 1.143583536148071289e+00 nan 1.015764951705932617e+00 8.983066082000732422e-01 8.193274736404418945e-01 7.522927522659301758e-01 6.444903612136840820e-01
7.899618148803710938e-01 7.905431985855102539e-01 7.666170597076416016e-01 7.334644794464111328e-01 7.009338140487670898e-01 7.064836025238037109e-01 7.341265678405761719e-01 7.844010591506958008e-01 8.475130796432495117e-01 9.827513694763183594e-01 1.147930145263671875e+00 nan 9.980000257492065430e-01 8.780972957611083984e-01 8.050665855407714844e-01 6.940176486968994141e-01
5.845850706100463867e-01 7.005610466003417969e-01 7.172510623931884766e-01 6.940373182296752930e-01 6.711372137069702148e-01 6.485468149185180664e-01 6.681854724884033203e-01 7.165483236312866211e-01 7.663131952285766602e-01 8.312135934829711914e-01 9.815522432327270508e-01 1.138940572738647461e+00 nan 9.803919792175292969e-01 8.581029176712036133e-01 7.450363636016845703e-01
5.555515289306640625e-01 5.523014068603515625e-01 5.813462734222412109e-01 6.394114494323730469e-01 6.172498464584350586e-01 5.953879356384277344e-01 5.869411230087280273e-01 6.262834072113037109e-01 6.801702976226806641e-01 7.358425855636596680e-01 8.005579710006713867e-01 9.657661914825439453e-01 1.131733655929565430e+00 nan 9.629391431808471680e-01 7.975916862487792969e-01
5.193239450454711914e-01 5.202883481979370117e-01 5.143744945526123047e-01 5.129587650299072266e-01 5.651000738143920898e-01 5.439431667327880859e-01 5.382128953933715820e-01 5.494239330291748047e-01 5.853168964385986328e-01 6.378464698791503906e-01 6.936887502670288086e-01 7.579290866851806641e-01 8.709354400634765625e-01 1.055210590362548828e+00 nan 9.076857566833496094e-01
4.729927778244018555e-01 4.824175834655761719e-01 4.804239273071289062e-01 4.776415824890136719e-01 4.777498245239257812e-01 4.783831834793090820e-01 4.892867803573608398e-01 5.004032850265502930e-01 5.116026401519775391e-01 5.365624427795410156e-01 5.915797948837280273e-01 6.539870500564575195e-01 7.223036289215087891e-01 8.041464090347290039e-01 9.415929317474365234e-01 nan
