nan 8.574961423873901367e-01 8.117066621780395508e-01 8.050322532653808594e-01 8.002007007598876953e-01 7.915668487548828125e-01 7.829744815826416016e-01 7.744230031967163086e-01 7.659128904342651367e-01 8.029006719589233398e-01 8.272284269332885742e-01 8.275938034057617188e-01 8.191618919372558594e-01 7.546811103820800781e-01 6.924859285354614258e-01 6.324952840805053711e-01
8.441214561462402344e-01 nan 9.093520641326904297e-01 8.547254800796508789e-01 8.305922746658325195e-01 8.218127489089965820e-01 8.130751848220825195e-01 8.043794631958007812e-01 7.957255840301513672e-01 7.885123491287231445e-01 8.047395944595336914e-01 8.108234405517578125e-01 8.119361400604248047e-01 7.477637529373168945e-01 6.858137845993041992e-01 6.260595321655273438e-01
7.909560203552246094e-01 8.984199762344360352e-01 nan 9.507125616073608398e-01 8.915265798568725586e-01 8.525692224502563477e-01 8.436841964721679688e-01 8.348416090011596680e-01 8.260415792465209961e-01 8.097515106201171875e-01 7.806434631347656250e-01 7.810825109481811523e-01 7.883571386337280273e-01 7.381246089935302734e-01 6.791678667068481445e-01 6.196491718292236328e-01
7.546942234039306641e-01 8.417479991912841797e-01 9.547470808029174805e-01 nan 9.881948232650756836e-01 9.280189275741577148e-01 8.757321834564208984e-01 8.666546344757080078e-01 8.554495573043823242e-01 8.336247205734252930e-01 7.771809101104736328e-01 7.504117488861083984e-01 7.576626539230346680e-01 7.162586450576782227e-01 6.610722541809082031e-01 6.076606512069702148e-01
7.515565156936645508e-01 8.072274923324584961e-01 8.894716501235961914e-01 9.916954040527343750e-01 nan 1.023581266403198242e+00 9.623341560363769531e-01 9.004786014556884766e-01 8.772293329238891602e-01 8.400423526763916016e-01 7.836780548095703125e-01 7.355941534042358398e-01 7.247843742370605469e-01 6.973696947097778320e-01 6.427907943725585938e-01 5.899668931961059570e-01
7.484244108200073242e-01 8.044978380203247070e-01 8.556487560272216797e-01 9.266893863677978516e-01 1.033077716827392578e+00 nan 1.056674957275390625e+00 9.817748069763183594e-01 8.892920017242431641e-01 8.466488122940063477e-01 7.901989221572875977e-01 7.421355247497558594e-01 7.036021947860717773e-01 6.786885261535644531e-01 6.247103214263916016e-01 5.724678039550781250e-01
7.424385547637939453e-01 8.017719984054565430e-01 8.474423885345458984e-01 8.833243846893310547e-01 9.601747989654541016e-01 1.057245016098022461e+00 nan 1.053750991821289062e+00 9.510778188705444336e-01 8.535578250885009766e-01 8.032412528991699219e-01 7.539077997207641602e-01 7.100229263305664062e-01 6.646513938903808594e-01 6.068290472030639648e-01 5.551615953445434570e-01
7.353322505950927734e-01 7.977405786514282227e-01 8.379780054092407227e-01 8.635604381561279297e-01 8.894988298416137695e-01 9.748442173004150391e-01 1.071925163269042969e+00 nan 1.051626205444335938e+00 9.490590095520019531e-01 8.444863557815551758e-01 7.940776348114013672e-01 7.471578121185302734e-01 7.014653682708740234e-01 6.042397022247314453e-01 5.462504625320434570e-01
7.565566301345825195e-01 7.835179567337036133e-01 8.149118423461914062e-01 8.401731252670288086e-01 8.657860755920410156e-01 8.842833042144775391e-01 9.612905979156494141e-01 1.082305431365966797e+00 nan 1.049033880233764648e+00 9.360315799713134766e-01 8.351672887802124023e-01 7.871730327606201172e-01 7.404119968414306641e-01 6.515470743179321289e-01 5.579975843429565430e-01
7.780407667160034180e-01 7.970601320266723633e-01 7.921351194381713867e-01 8.133299350738525391e-01 8.275064229965209961e-01 8.351526260375976562e-01 8.466873168945312500e-01 9.543784856796264648e-01 1.099951744079589844e+00 nan 1.047318935394287109e+00 9.177128076553344727e-01 8.276753425598144531e-01 7.797626256942749023e-01 7.012869119644165039e-01 5.966222286224365234e-01
7.987896203994750977e-01 8.111854791641235352e-01 7.940776348114013672e-01 7.726315259933471680e-01 7.800316810607910156e-01 7.873225212097167969e-01 7.946431636810302734e-01 8.407371044158935547e-01 9.469206333160400391e-01 1.118160247802734375e+00 nan 1.042798757553100586e+00 8.972966670989990234e-01 8.200029134750366211e-01 7.525244951248168945e-01 6.447079181671142578e-01
8.038883209228515625e-01 8.123857975006103516e-01 7.943657636642456055e-01 7.606923580169677734e-01 7.276508808135986328e-01 7.350107431411743164e-01 7.469556331634521484e-01 7.877933979034423828e-01 8.345286846160888672e-01 9.592357873916625977e-01 1.140589952468872070e+00 nan 1.024795532226562500e+00 8.770980834960937500e-01 8.053053617477416992e-01 6.942417621612548828e-01
5.899555683135986328e-01 7.167627811431884766e-01 7.470314502716064453e-01 7.234150171279907227e-01 7.001179456710815430e-01 6.771357059478759766e-01 6.847013235092163086e-01 7.241936922073364258e-01 7.741802930831909180e-01 8.256161212921142578e-01 9.784756898880004883e-01 1.146862506866455078e+00 nan 1.006951332092285156e+00 8.571143150329589844e-01 7.452671527862548828e-01
5.629932880401611328e-01 5.603771209716796875e-01 5.964293479919433594e-01 6.678419113159179688e-01 6.452960968017578125e-01 6.230549812316894531e-01 6.011143922805786133e-01 6.355068683624267578e-01 6.896994113922119141e-01 7.456874847412109375e-01 8.088376522064208984e-01 9.839352369308471680e-01 1.139628648757934570e+00 nan 9.892646074295043945e-01 7.978295087814331055e-01
5.283573865890502930e-01 5.281974077224731445e-01 5.222527980804443359e-01 5.210375785827636719e-01 5.922418832778930664e-01 5.707180500030517578e-01 5.494849681854248047e-01 5.568844079971313477e-01 5.943081378936767578e-01 6.471354961395263672e-01 7.017130851745605469e-01 7.674149274826049805e-01 8.970700502395629883e-01 1.089354515075683594e+00 nan 9.338152408599853516e-01
4.821859598159790039e-01 4.916695356369018555e-01 4.885627031326293945e-01 4.859679937362670898e-01 4.860768318176269531e-01 5.019370317459106445e-01 4.968972206115722656e-01 5.080704689025878906e-01 5.193271636962890625e-01 5.495194196701049805e-01 6.034750938415527344e-01 6.670119762420654297e-01 7.330385446548461914e-01 8.072251081466674805e-01 9.835401773452758789e-01 nan
