nan 9.338524341583251953e-01 8.922227621078491211e-01 8.679156303405761719e-01 8.585329055786132812e-01 8.392922878265380859e-01 8.202512264251708984e-01 7.978136539459228516e-01 7.748367786407470703e-01 8.023898601531982422e-01 8.181035518646240234e-01 8.264136314392089844e-01 8.163824081420898438e-01 7.580758333206176758e-01 7.016136646270751953e-01 6.414915323257446289e-01
9.175782203674316406e-01 nan 9.910367727279663086e-01 9.386426210403442383e-01 8.825014829635620117e-01 8.630129098892211914e-01 8.437261581420898438e-01 8.202155828475952148e-01 7.997486591339111328e-01 7.857582569122314453e-01 7.882844209671020508e-01 7.955464124679565430e-01 7.924708127975463867e-01 7.346959114074707031e-01 6.787831783294677734e-01 6.246726512908935547e-01
8.593393564224243164e-01 9.798543453216552734e-01 nan 1.032864570617675781e+00 9.601806402206420898e-01 8.900868892669677734e-01 8.671853542327880859e-01 8.468244075775146484e-01 8.258911371231079102e-01 7.941359281539916992e-01 7.579430341720581055e-01 7.650817632675170898e-01 7.684214115142822266e-01 7.114217281341552734e-01 6.562591791152954102e-01 6.028746366500854492e-01
8.035922050476074219e-01 9.141770601272583008e-01 1.047065734863281250e+00 nan 1.055572986602783203e+00 9.815465211868286133e-01 9.090255498886108398e-01 8.717328310012817383e-01 8.413925170898437500e-01 8.040261268615722656e-01 7.530467510223388672e-01 7.345744371414184570e-01 7.417187690734863281e-01 6.888021230697631836e-01 6.342763900756835938e-01 5.815111398696899414e-01
7.763535976409912109e-01 8.531817197799682617e-01 9.667525291442871094e-01 1.084242105484008789e+00 nan 1.076563358306884766e+00 9.898141622543334961e-01 9.067119359970092773e-01 8.472509384155273438e-01 8.097655773162841797e-01 7.589663267135620117e-01 7.199095487594604492e-01 7.089604139328002930e-01 6.692035198211669922e-01 6.153105497360229492e-01 5.631576776504516602e-01
7.669615745544433594e-01 8.292843103408813477e-01 8.958029747009277344e-01 9.933073520660400391e-01 1.099079370498657227e+00 nan 1.069046974182128906e+00 9.654617309570312500e-01 8.693418502807617188e-01 8.147093057632446289e-01 7.649056911468505859e-01 7.257170677185058594e-01 6.873986721038818359e-01 6.498323678970336914e-01 5.965648889541625977e-01 5.450171232223510742e-01
7.454285621643066406e-01 8.154621124267578125e-01 8.636237382888793945e-01 9.117082357406616211e-01 1.006180763244628906e+00 1.119017362594604492e+00 nan 1.066060066223144531e+00 9.626243114471435547e-01 8.619260787963867188e-01 8.003002405166625977e-01 7.531051635742187500e-01 7.071473598480224609e-01 6.408895254135131836e-01 5.781060457229614258e-01 5.270872116088867188e-01
7.223010063171386719e-01 8.011962175369262695e-01 8.394858837127685547e-01 8.649184703826904297e-01 9.233723878860473633e-01 1.005519151687622070e+00 1.123492479324340820e+00 nan 1.063077449798583984e+00 9.555398225784301758e-01 8.469021320343017578e-01 7.927427291870117188e-01 7.457457780838012695e-01 6.903083324432373047e-01 5.896911621093750000e-01 5.320552587509155273e-01
7.384425401687622070e-01 7.764974832534790039e-01 8.156605958938598633e-01 8.403339385986328125e-01 8.484424352645874023e-01 8.955757617950439453e-01 1.006180763244628906e+00 1.123239517211914062e+00 nan 1.053860187530517578e+00 9.398531913757324219e-01 8.332766294479370117e-01 7.852169275283813477e-01 7.384173870086669922e-01 6.340945959091186523e-01 5.433022975921630859e-01
7.594015598297119141e-01 7.788283824920654297e-01 7.803221940994262695e-01 7.923954725265502930e-01 7.997368574142456055e-01 8.096755743026733398e-01 8.881605863571166992e-01 9.983329772949218750e-01 1.138146162033081055e+00 nan 1.037482261657714844e+00 9.192013740539550781e-01 8.255805969238281250e-01 7.777228355407714844e-01 6.833087205886840820e-01 5.797501802444458008e-01
7.794953584671020508e-01 7.824416160583496094e-01 7.538919448852539062e-01 7.316416501998901367e-01 7.435631752014160156e-01 7.555669546127319336e-01 8.035719394683837891e-01 8.807744979858398438e-01 9.905158281326293945e-01 1.156714677810668945e+00 nan 1.015791177749633789e+00 8.987693786621093750e-01 8.179169893264770508e-01 7.340047359466552734e-01 6.273275613784790039e-01
7.729479074478149414e-01 7.643777132034301758e-01 7.414795160293579102e-01 7.087986469268798828e-01 6.814299821853637695e-01 6.930060386657714844e-01 7.359279394149780273e-01 7.862546443939208984e-01 8.668789863586425781e-01 9.934563636779785156e-01 1.165801763534545898e+00 nan 9.943308830261230469e-01 8.785551786422729492e-01 7.862279415130615234e-01 6.763379573822021484e-01
5.708194971084594727e-01 7.021182775497436523e-01 6.853291988372802734e-01 6.625469923019409180e-01 6.400725841522216797e-01 6.183410882949829102e-01 6.644738912582397461e-01 7.183314561843872070e-01 7.681481838226318359e-01 8.469557762145996094e-01 9.875372648239135742e-01 1.155364513397216797e+00 nan 9.730989933013916016e-01 8.473192453384399414e-01 7.268242835998535156e-01
5.386463403701782227e-01 5.359275341033935547e-01 5.826475620269775391e-01 6.089365482330322266e-01 5.871868133544921875e-01 5.657312870025634766e-01 5.725755691528320312e-01 6.225452423095703125e-01 6.763081550598144531e-01 7.318527698516845703e-01 8.076237440109252930e-01 9.562754631042480469e-01 1.137603282928466797e+00 nan 9.520934820175170898e-01 7.788311243057250977e-01
5.037835836410522461e-01 5.040994882583618164e-01 4.984005689620971680e-01 4.972736835479736328e-01 5.360065698623657227e-01 5.152428150177001953e-01 5.242884159088134766e-01 5.353980064392089844e-01 5.816729068756103516e-01 6.340816020965576172e-01 6.893162727355957031e-01 7.533215284347534180e-01 8.701667785644531250e-01 1.028764486312866211e+00 nan 8.760031461715698242e-01
4.575362205505371094e-01 4.668620824813842773e-01 4.644161462783813477e-01 4.619312286376953125e-01 4.620382785797119141e-01 4.644790887832641602e-01 4.754103422164916992e-01 4.864232540130615234e-01 4.975183010101318359e-01 5.292042493820190430e-01 5.835087299346923828e-01 6.455345153808593750e-01 7.135019302368164062e-01 8.042707443237304688e-01 9.228539466857910156e-01 nan
