nan 8.328977823257446289e-01 7.877147197723388672e-01 7.872918844223022461e-01 7.785774469375610352e-01 7.698948383331298828e-01 7.614063024520874023e-01 7.529585361480712891e-01 7.474542856216430664e-01 7.855380773544311523e-01 8.180407285690307617e-01 8.240410089492797852e-01 7.865052223205566406e-01 7.231819629669189453e-01 6.621032953262329102e-01 6.031895875930786133e-01
8.213078975677490234e-01 nan 8.840668201446533203e-01 8.363990783691406250e-01 8.084481954574584961e-01 7.997748851776123047e-01 7.911430597305297852e-01 7.825525999069213867e-01 7.740032672882080078e-01 7.729356288909912109e-01 7.983338832855224609e-01 7.935689687728881836e-01 7.700054645538330078e-01 7.131876945495605469e-01 6.555508375167846680e-01 5.968693494796752930e-01
7.688003778457641602e-01 8.767457008361816406e-01 nan 9.294865131378173828e-01 8.709446191787719727e-01 8.301593065261840820e-01 8.213818073272705078e-01 8.126462697982788086e-01 8.039525747299194336e-01 7.868947982788085938e-01 7.678592205047607422e-01 7.633218765258789062e-01 7.473158836364746094e-01 6.912266016006469727e-01 6.369376182556152344e-01 5.843913555145263672e-01
7.302262783050537109e-01 8.198602199554443359e-01 9.316172599792480469e-01 nan 9.656314849853515625e-01 9.061381816864013672e-01 8.535426855087280273e-01 8.445724248886108398e-01 8.330940008163452148e-01 7.961204051971435547e-01 7.586210966110229492e-01 7.323379516601562500e-01 7.260351181030273438e-01 6.705344915390014648e-01 6.168185472488403320e-01 5.648298263549804688e-01
7.275600433349609375e-01 7.837785482406616211e-01 8.716353178024291992e-01 9.727355241775512695e-01 nan 1.000616073608398438e+00 9.400643110275268555e-01 8.765974044799804688e-01 8.396755456924438477e-01 8.025088310241699219e-01 7.650502920150756836e-01 7.109303474426269531e-01 7.069751024246215820e-01 6.521487236022949219e-01 5.990239381790161133e-01 5.476075410842895508e-01
7.249505519866943359e-01 7.810840606689453125e-01 8.353674411773681641e-01 9.083484411239624023e-01 1.013724088668823242e+00 nan 1.031707048416137695e+00 9.353592395782470703e-01 8.462805747985839844e-01 8.089805841445922852e-01 7.715030908584594727e-01 7.173788547515869141e-01 6.793929338455200195e-01 6.339653730392456055e-01 5.814253091812133789e-01 5.305745601654052734e-01
7.146245241165161133e-01 7.783937454223632812e-01 8.275659084320068359e-01 8.630619049072265625e-01 9.479991197586059570e-01 1.039855480194091797e+00 nan 1.017283916473388672e+00 9.164339303970336914e-01 8.301231861114501953e-01 7.979556322097778320e-01 7.470226287841796875e-01 7.013336420059204102e-01 6.242194175720214844e-01 5.655077695846557617e-01 5.137293338775634766e-01
7.167136669158935547e-01 7.757074832916259766e-01 8.185708522796630859e-01 8.524227142333984375e-01 8.752343654632568359e-01 9.362426996231079102e-01 1.038567781448364258e+00 nan 1.015196561813354492e+00 9.144510030746459961e-01 8.390798568725585938e-01 7.870346307754516602e-01 7.402993440628051758e-01 6.723406314849853516e-01 5.777914524078369141e-01 5.207582712173461914e-01
7.447196245193481445e-01 7.675504684448242188e-01 8.040648698806762695e-01 8.283072710037231445e-01 8.367881774902343750e-01 8.453084230422973633e-01 9.300240278244018555e-01 1.043709754943847656e+00 nan 1.013111352920532227e+00 9.201481342315673828e-01 8.279631137847900391e-01 7.801573276519775391e-01 7.240645885467529297e-01 6.182852983474731445e-01 5.326908826828002930e-01
7.658147811889648438e-01 7.869031429290771484e-01 7.799288034439086914e-01 7.908234596252441406e-01 7.991303205490112305e-01 8.074758052825927734e-01 8.355548381805419922e-01 9.348919391632080078e-01 1.058607578277587891e+00 nan 1.017476797103881836e+00 9.039428234100341797e-01 8.209282159805297852e-01 7.733064889907836914e-01 6.683375835418701172e-01 5.659772157669067383e-01
7.861067056655883789e-01 8.064297437667846680e-01 7.763470411300659180e-01 7.430326938629150391e-01 7.510712146759033203e-01 7.632610797882080078e-01 7.886281013488769531e-01 8.355033397674560547e-01 9.329900741577148438e-01 1.080405235290527344e+00 nan 1.011605262756347656e+00 8.844062089920043945e-01 8.139204978942871094e-01 7.199379205703735352e-01 6.144117116928100586e-01
7.827091217041015625e-01 7.858897447586059570e-01 7.626335620880126953e-01 7.307891845703125000e-01 6.983292102813720703e-01 7.010037899017333984e-01 7.224925756454467773e-01 7.725235223770141602e-01 8.240076303482055664e-01 9.252282381057739258e-01 1.101201772689819336e+00 nan 9.934618473052978516e-01 8.650703430175781250e-01 7.731341123580932617e-01 6.643440723419189453e-01
5.715707540512084961e-01 7.043621540069580078e-01 7.058867216110229492e-01 6.828466653823852539e-01 6.601177453994750977e-01 6.376959085464477539e-01 6.511042118072509766e-01 7.055238485336303711e-01 7.550619840621948242e-01 8.060388565063476562e-01 9.287976026535034180e-01 1.119092702865600586e+00 nan 9.754822254180908203e-01 8.279757499694824219e-01 7.158209085464477539e-01
5.393034219741821289e-01 5.363031625747680664e-01 5.847425460815429688e-01 6.286684274673461914e-01 6.066713333129882812e-01 5.849713087081909180e-01 5.718983411788940430e-01 6.099764108657836914e-01 6.634107828140258789e-01 7.186188697814941406e-01 7.756590843200683594e-01 9.245778322219848633e-01 1.111512899398803711e+00 nan 9.513047933578491211e-01 7.688897848129272461e-01
5.054744482040405273e-01 5.043578147888183594e-01 4.986732006072998047e-01 4.977054595947265625e-01 5.549455881118774414e-01 5.339441299438476562e-01 5.235540866851806641e-01 5.346406698226928711e-01 5.698730945587158203e-01 6.219766139984130859e-01 6.758092641830444336e-01 7.389545440673828125e-01 8.268080949783325195e-01 1.008016347885131836e+00 nan 8.727265596389770508e-01
4.593523740768432617e-01 4.686729907989501953e-01 4.648605585098266602e-01 4.625304937362670898e-01 4.626209735870361328e-01 4.677578210830688477e-01 4.748786687850952148e-01 4.858704805374145508e-01 4.969443082809448242e-01 5.206825733184814453e-01 5.737172365188598633e-01 6.350682973861694336e-01 7.026935815811157227e-01 7.731155157089233398e-01 8.964939117431640625e-01 nan
