nan 9.297207593917846680e-01 8.881801366806030273e-01 8.469899892807006836e-01 8.344522714614868164e-01 8.154609203338623047e-01 8.037064075469970703e-01 7.950556278228759766e-01 7.805513143539428711e-01 7.988101243972778320e-01 8.064379692077636719e-01 8.209403753280639648e-01 8.039566278457641602e-01 7.400147914886474609e-01 6.783394813537597656e-01 6.188502311706542969e-01
8.692951202392578125e-01 nan 9.867830276489257812e-01 9.292268753051757812e-01 8.605684041976928711e-01 8.429963588714599609e-01 8.341572284698486328e-01 8.253605365753173828e-01 8.069152832031250000e-01 7.873057126998901367e-01 7.842049598693847656e-01 7.920525074005126953e-01 7.888430356979370117e-01 7.314205169677734375e-01 6.717230081558227539e-01 6.124682426452636719e-01
8.154040575027465820e-01 9.261499643325805664e-01 nan 1.022269725799560547e+00 9.510716199874877930e-01 8.918747901916503906e-01 8.651220798492431641e-01 8.545224666595458984e-01 8.336697816848754883e-01 8.104951381683349609e-01 7.551481723785400391e-01 7.618309259414672852e-01 7.659120559692382812e-01 7.092257738113403320e-01 6.543588638305664062e-01 6.012535095214843750e-01
7.670919895172119141e-01 8.675072193145751953e-01 9.794589281082153320e-01 nan 1.049528360366821289e+00 9.874958992004394531e-01 9.273412227630615234e-01 8.787761926651000977e-01 8.578238487243652344e-01 8.225743770599365234e-01 7.606055736541748047e-01 7.306911945343017578e-01 7.378603219985961914e-01 6.884872913360595703e-01 6.341940164566040039e-01 5.816465616226196289e-01
7.643381357192993164e-01 8.217533826828002930e-01 9.133582115173339844e-01 1.017186164855957031e+00 nan 1.086006164550781250e+00 1.011648654937744141e+00 9.383883476257324219e-01 8.707907199859619141e-01 8.292374610900878906e-01 7.670421600341796875e-01 7.277021408081054688e-01 7.053524255752563477e-01 6.699038743972778320e-01 6.162083148956298828e-01 5.642390251159667969e-01
7.611910104751586914e-01 8.190016746520996094e-01 8.684983253479003906e-01 9.501686096191406250e-01 1.046743392944335938e+00 nan 1.102760791778564453e+00 1.011190414428710938e+00 9.133098125457763672e-01 8.350181579589843750e-01 7.735019922256469727e-01 7.342138290405273438e-01 6.958554983139038086e-01 6.515250205993652344e-01 5.984203815460205078e-01 5.470232963562011719e-01
7.435271739959716797e-01 8.133937120437622070e-01 8.543565273284912109e-01 8.801668882369995117e-01 9.647631645202636719e-01 1.065206050872802734e+00 nan 1.110108613967895508e+00 1.004617929458618164e+00 8.980145454406738281e-01 8.132477998733520508e-01 7.658268213272094727e-01 7.196459770202636719e-01 6.588261127471923828e-01 5.837994813919067383e-01 5.297443866729736328e-01
7.320870161056518555e-01 7.960091829299926758e-01 8.310848474502563477e-01 8.565713167190551758e-01 8.860665559768676758e-01 9.756481647491455078e-01 1.081669330596923828e+00 nan 1.107925176620483398e+00 9.940761327743530273e-01 8.837051391601562500e-01 8.060759305953979492e-01 7.587292194366455078e-01 7.090229988098144531e-01 6.038825511932373047e-01 5.375823974609375000e-01
7.532718181610107422e-01 7.711246013641357422e-01 8.081052303314208984e-01 8.319822549819946289e-01 8.496389389038085938e-01 8.657202720642089844e-01 9.597445726394653320e-01 1.074093818664550781e+00 nan 1.094383716583251953e+00 9.785084724426269531e-01 8.636510372161865234e-01 7.984941005706787109e-01 7.513463497161865234e-01 6.521868705749511719e-01 5.505430698394775391e-01
7.747156620025634766e-01 7.902506589889526367e-01 7.733157873153686523e-01 7.927898168563842773e-01 8.010407686233520508e-01 8.084176778793334961e-01 8.444561958312988281e-01 9.520783424377441406e-01 1.082729101181030273e+00 nan 1.101200819015502930e+00 9.574451446533203125e-01 8.438104391098022461e-01 7.909440994262695312e-01 7.019457817077636719e-01 5.972409248352050781e-01
7.948423624038696289e-01 7.923043966293334961e-01 7.754379510879516602e-01 7.455898523330688477e-01 7.496416568756103516e-01 7.607667446136474609e-01 7.843415737152099609e-01 8.372409343719482422e-01 9.444422721862792969e-01 1.100816249847412109e+00 nan 1.082683086395263672e+00 9.366058111190795898e-01 8.314373493194580078e-01 7.532033920288085938e-01 6.453450918197631836e-01
7.835528850555419922e-01 7.841125726699829102e-01 7.663844823837280273e-01 7.332361936569213867e-01 7.007099390029907227e-01 6.989080905914306641e-01 7.221581935882568359e-01 7.720857858657836914e-01 8.286998271942138672e-01 9.431930780410766602e-01 1.122114658355712891e+00 nan 1.064328432083129883e+00 9.159888029098510742e-01 8.060047626495361328e-01 6.948980093002319336e-01
5.762642621994018555e-01 6.833913326263427734e-01 7.096400260925292969e-01 6.865291595458984375e-01 6.637306213378906250e-01 6.412403583526611328e-01 6.514228582382202148e-01 7.047011852264404297e-01 7.541228532791137695e-01 8.091838359832763672e-01 9.545447826385498047e-01 1.114964485168457031e+00 nan 1.046135902404785156e+00 8.909280300140380859e-01 7.459433078765869141e-01
5.466960668563842773e-01 5.431860685348510742e-01 5.653462409973144531e-01 6.321454048156738281e-01 6.100820302963256836e-01 5.883169174194335938e-01 5.770775079727172852e-01 6.098231077194213867e-01 6.631644964218139648e-01 7.182735204696655273e-01 7.763304710388183594e-01 9.304329156875610352e-01 1.107838153839111328e+00 nan 1.028103828430175781e+00 8.162051439285278320e-01
5.112670660018920898e-01 5.113608837127685547e-01 5.054818391799926758e-01 5.041389465332031250e-01 5.581634044647216797e-01 5.371001958847045898e-01 5.286520719528198242e-01 5.397934913635253906e-01 5.692713260650634766e-01 6.212689876556396484e-01 6.754212379455566406e-01 7.417808771133422852e-01 8.383040428161621094e-01 1.018423795700073242e+00 nan 9.562668800354003906e-01
4.647307395935058594e-01 4.741241931915283203e-01 4.712991714477539062e-01 4.685969352722167969e-01 4.687045812606811523e-01 4.688121080398559570e-01 4.795962572097778320e-01 4.906404018402099609e-01 5.017669200897216797e-01 5.168520212173461914e-01 5.700074434280395508e-01 6.343135833740234375e-01 7.018175125122070312e-01 7.725892066955566406e-01 9.161692857742309570e-01 nan
