nan 8.144847154617309570e-01 7.893548011779785156e-01 7.628781795501708984e-01 7.527849674224853516e-01 7.649326324462890625e-01 7.545919418334960938e-01 7.463723421096801758e-01 7.405694723129272461e-01 7.347856760025024414e-01 7.290213108062744141e-01 7.232761383056640625e-01 7.288434505462646484e-01 7.542653083801269531e-01 7.799534797668457031e-01 7.929160594940185547e-01 0.000000000000000000e+00 0.000000000000000000e+00 0.000000000000000000e+00 0.000000000000000000e+00 0.000000000000000000e+00 0.000000000000000000e+00
7.842969894409179688e-01 nan 8.591574430465698242e-01 8.273069858551025391e-01 7.988049983978271484e-01 7.830262184143066406e-01 7.726207971572875977e-01 7.667307853698730469e-01 7.608602046966552734e-01 7.550092935562133789e-01 7.491775751113891602e-01 7.433655261993408203e-01 7.375725507736206055e-01 7.456839084625244141e-01 7.712464332580566406e-01 7.807381153106689453e-01 0.000000000000000000e+00 0.000000000000000000e+00 0.000000000000000000e+00 0.000000000000000000e+00 0.000000000000000000e+00 0.000000000000000000e+00
7.499481439590454102e-01 8.310824632644653320e-01 nan 8.949369192123413086e-01 8.633263111114501953e-01 8.245117664337158203e-01 7.932853698730468750e-01 7.873266935348510742e-01 7.813878059387207031e-01 7.754684686660766602e-01 7.695688009262084961e-01 7.636890411376953125e-01 7.578285932540893555e-01 7.488873004913330078e-01 7.625820636749267578e-01 7.707936763763427734e-01 0.000000000000000000e+00 0.000000000000000000e+00 0.000000000000000000e+00 0.000000000000000000e+00 0.000000000000000000e+00 0.000000000000000000e+00
7.162603139877319336e-01 7.946065664291381836e-01 8.701022863388061523e-01 nan 9.314054250717163086e-01 8.898942470550537109e-01 8.500090837478637695e-01 8.109658956527709961e-01 8.021545410156250000e-01 7.961663007736206055e-01 7.901978492736816406e-01 7.842495441436767578e-01 7.783207893371582031e-01 7.697435617446899414e-01 7.577788829803466797e-01 7.609846591949462891e-01 0.000000000000000000e+00 0.000000000000000000e+00 0.000000000000000000e+00 0.000000000000000000e+00 0.000000000000000000e+00 0.000000000000000000e+00
6.909524202346801758e-01 7.573473453521728516e-01 8.313722610473632812e-01 9.085153341293334961e-01 nan 9.563521146774291992e-01 9.151654243469238281e-01 8.748461008071899414e-01 8.353754281997680664e-01 8.175582885742187500e-01 8.114641904830932617e-01 8.053905963897705078e-01 7.993372678756713867e-01 7.897467613220214844e-01 7.769987583160400391e-01 7.462422847747802734e-01 0.000000000000000000e+00 0.000000000000000000e+00 0.000000000000000000e+00 0.000000000000000000e+00 0.000000000000000000e+00 0.000000000000000000e+00
6.915642023086547852e-01 7.294856309890747070e-01 7.918107509613037109e-01 8.672873973846435547e-01 9.407646656036376953e-01 nan 9.803923368453979492e-01 9.386996030807495117e-01 8.978848457336425781e-01 8.579291105270385742e-01 8.343803882598876953e-01 8.282300233840942383e-01 8.210145235061645508e-01 8.109138011932373047e-01 7.870563268661499023e-01 7.487505674362182617e-01 0.000000000000000000e+00 0.000000000000000000e+00 0.000000000000000000e+00 0.000000000000000000e+00 0.000000000000000000e+00 0.000000000000000000e+00
6.897948980331420898e-01 7.276766300201416016e-01 7.664076089859008789e-01 8.269500732421875000e-01 8.966879844665527344e-01 9.685930013656616211e-01 nan 1.004727840423583984e+00 9.625229835510253906e-01 9.212064743041992188e-01 8.807598352432250977e-01 8.505288362503051758e-01 8.409008979797363281e-01 8.154579401016235352e-01 7.913545370101928711e-01 7.531740665435791016e-01 0.000000000000000000e+00 0.000000000000000000e+00 0.000000000000000000e+00 0.000000000000000000e+00 0.000000000000000000e+00 0.000000000000000000e+00
6.880273818969726562e-01 7.258694171905517578e-01 7.645598649978637695e-01 8.039214611053466797e-01 8.536121845245361328e-01 9.238841533660888672e-01 9.968202114105224609e-01 nan 1.029362440109252930e+00 9.866389036178588867e-01 9.430454969406127930e-01 8.948930501937866211e-01 8.454741239547729492e-01 8.198244571685791016e-01 7.956632375717163086e-01 7.576086521148681641e-01 0.000000000000000000e+00 0.000000000000000000e+00 0.000000000000000000e+00 0.000000000000000000e+00 0.000000000000000000e+00 0.000000000000000000e+00
6.819800138473510742e-01 7.240643501281738281e-01 7.627141475677490234e-01 7.995235919952392578e-01 8.243459463119506836e-01 8.801908493041992188e-01 9.514703750610351562e-01 1.025452375411987305e+00 nan 1.053351640701293945e+00 1.002662420272827148e+00 9.355117082595825195e-01 8.697988986968994141e-01 8.242015838623046875e-01 7.999820709228515625e-01 7.642242908477783203e-01 0.000000000000000000e+00 0.000000000000000000e+00 0.000000000000000000e+00 0.000000000000000000e+00 0.000000000000000000e+00 0.000000000000000000e+00
6.747303009033203125e-01 7.222608327865600586e-01 7.608704566955566406e-01 7.940725088119506836e-01 8.181250095367431641e-01 8.424996137619018555e-01 9.071503877639770508e-01 9.794521331787109375e-01 1.054467439651489258e+00 nan 1.068325996398925781e+00 9.961773157119750977e-01 9.265451431274414062e-01 8.593420982360839844e-01 8.242195844650268555e-01 7.920634746551513672e-01 0.000000000000000000e+00 0.000000000000000000e+00 0.000000000000000000e+00 0.000000000000000000e+00 0.000000000000000000e+00 0.000000000000000000e+00
6.829028129577636719e-01 7.188434600830078125e-01 7.590285539627075195e-01 7.879546880722045898e-01 8.119249343872070312e-01 8.362165689468383789e-01 8.638371229171752930e-01 9.344967603683471680e-01 9.907925128936767578e-01 1.065971851348876953e+00 nan 1.066844224929809570e+00 9.947471618652343750e-01 9.251649379730224609e-01 8.686547279357910156e-01 8.203419446945190430e-01 0.000000000000000000e+00 0.000000000000000000e+00 0.000000000000000000e+00 0.000000000000000000e+00 0.000000000000000000e+00 0.000000000000000000e+00
7.045495510101318359e-01 7.155338525772094727e-01 7.561646699905395508e-01 7.818576097488403320e-01 8.057463169097900391e-01 8.299551010131835938e-01 8.544884920120239258e-01 8.735569715499877930e-01 9.202265739440917969e-01 9.891771078109741211e-01 1.069577932357788086e+00 nan 1.065363407135009766e+00 9.933178424835205078e-01 9.334887266159057617e-01 8.642617464065551758e-01 0.000000000000000000e+00 0.000000000000000000e+00 0.000000000000000000e+00 0.000000000000000000e+00 0.000000000000000000e+00 0.000000000000000000e+00
7.262011766433715820e-01 7.389942407608032227e-01 7.517926692962646484e-01 7.757815122604370117e-01 7.995885610580444336e-01 8.235062360763549805e-01 8.335343599319458008e-01 8.394182920455932617e-01 8.521615266799926758e-01 9.152368307113647461e-01 9.926491975784301758e-01 1.090428113937377930e+00 nan 1.068591356277465820e+00 1.000572443008422852e+00 9.291825294494628906e-01 0.000000000000000000e+00 0.000000000000000000e+00 0.000000000000000000e+00 0.000000000000000000e+00 0.000000000000000000e+00 0.000000000000000000e+00
7.475310564041137695e-01 7.621809244155883789e-01 7.684954404830932617e-01 7.697260379791259766e-01 7.904165983200073242e-01 8.016452789306640625e-01 8.074269294738769531e-01 8.132270574569702148e-01 8.190459012985229492e-01 8.440451622009277344e-01 9.185800552368164062e-01 9.961273670196533203e-01 1.111500978469848633e+00 nan 1.095501422882080078e+00 1.000020980834960938e+00 0.000000000000000000e+00 0.000000000000000000e+00 0.000000000000000000e+00 0.000000000000000000e+00 0.000000000000000000e+00 0.000000000000000000e+00
7.663998603820800781e-01 7.848473787307739258e-01 7.903181314468383789e-01 7.844412326812744141e-01 7.712790966033935547e-01 7.759917974472045898e-01 7.816911935806274414e-01 7.874087095260620117e-01 7.931447029113769531e-01 8.084652423858642578e-01 8.472641706466674805e-01 9.219288825988769531e-01 1.008043289184570312e+00 1.132786750793457031e+00 nan 1.116352558135986328e+00 0.000000000000000000e+00 0.000000000000000000e+00 0.000000000000000000e+00 0.000000000000000000e+00 0.000000000000000000e+00 0.000000000000000000e+00
7.804280519485473633e-01 8.014553785324096680e-01 8.036359548568725586e-01 7.923250198364257812e-01 7.695404291152954102e-01 7.470455169677734375e-01 7.509601116180419922e-01 7.593897581100463867e-01 7.660896778106689453e-01 7.774364948272705078e-01 8.095570802688598633e-01 8.471570014953613281e-01 9.212154150009155273e-01 1.023365974426269531e+00 1.152219533920288086e+00 nan 0.000000000000000000e+00 0.000000000000000000e+00 0.000000000000000000e+00 0.000000000000000000e+00 0.000000000000000000e+00 0.000000000000000000e+00
7.752662897109985352e-01 8.032906055450439453e-01 8.050630092620849609e-01 7.848576307296752930e-01 7.616158723831176758e-01 7.386767864227294922e-01 7.160363197326660156e-01 7.161458730697631836e-01 7.244080305099487305e-01 7.356990575790405273e-01 7.704476118087768555e-01 8.057681322097778320e-01 8.426477909088134766e-01 9.167847633361816406e-01 1.037776708602905273e+00 1.174764156341552734e+00 nan 0.000000000000000000e+00 0.000000000000000000e+00 0.000000000000000000e+00 0.000000000000000000e+00 0.000000000000000000e+00
6.069641113281250000e-01 7.483720779418945312e-01 7.639349699020385742e-01 7.481168508529663086e-01 7.317371368408203125e-01 7.155108451843261719e-01 6.994364261627197266e-01 6.835128068923950195e-01 6.820237636566162109e-01 6.901216506958007812e-01 7.238434553146362305e-01 7.583545446395874023e-01 7.935564517974853516e-01 8.330514430999755859e-01 9.290243387222290039e-01 1.059122800827026367e+00 0.000000000000000000e+00 nan 0.000000000000000000e+00 0.000000000000000000e+00 0.000000000000000000e+00 0.000000000000000000e+00
5.693471431732177734e-01 5.690616369247436523e-01 6.640238761901855469e-01 7.089585065841674805e-01 6.929455995559692383e-01 6.770826578140258789e-01 6.613683700561523438e-01 6.458013057708740234e-01 6.303802728652954102e-01 6.313266754150390625e-01 6.685769557952880859e-01 7.067235708236694336e-01 7.457423210144042969e-01 7.813055515289306641e-01 8.201940059661865234e-01 9.480559825897216797e-01 0.000000000000000000e+00 0.000000000000000000e+00 nan 0.000000000000000000e+00 0.000000000000000000e+00 0.000000000000000000e+00
5.473268032073974609e-01 5.460581779479980469e-01 5.430189371109008789e-01 5.823750495910644531e-01 6.550229787826538086e-01 6.395153999328613281e-01 6.241531372070312500e-01 6.089347600936889648e-01 5.938591957092285156e-01 5.805073976516723633e-01 6.030428409576416016e-01 6.396912336349487305e-01 6.771773099899291992e-01 7.155206203460693359e-01 7.547403573989868164e-01 8.015242815017700195e-01 0.000000000000000000e+00 0.000000000000000000e+00 0.000000000000000000e+00 nan 0.000000000000000000e+00 0.000000000000000000e+00
5.252183675765991211e-01 5.233919620513916016e-01 5.208641290664672852e-01 5.167539119720458984e-01 5.158764123916625977e-01 6.027896404266357422e-01 5.877714157104492188e-01 5.728940963745117188e-01 5.581560134887695312e-01 5.466935634613037109e-01 5.544768571853637695e-01 5.752913951873779297e-01 6.113053560256958008e-01 6.481425762176513672e-01 6.858221292495727539e-01 7.281858921051025391e-01 0.000000000000000000e+00 0.000000000000000000e+00 0.000000000000000000e+00 0.000000000000000000e+00 nan 0.000000000000000000e+00
4.959247112274169922e-01 5.010579824447631836e-01 4.990274906158447266e-01 4.949762821197509766e-01 4.929525852203369141e-01 4.928359985351562500e-01 5.257525444030761719e-01 5.376605987548828125e-01 5.232527256011962891e-01 5.136032104492187500e-01 5.212198495864868164e-01 5.288748741149902344e-01 5.480204820632934570e-01 5.834109783172607422e-01 6.196104288101196289e-01 6.598547697067260742e-01 0.000000000000000000e+00 0.000000000000000000e+00 0.000000000000000000e+00 0.000000000000000000e+00 0.000000000000000000e+00 nan
