nan 1.019356489181518555e+00 9.889224767684936523e-01 9.589471817016601562e-01 9.293997287750244141e-01 9.035626649856567383e-01 8.938090801239013672e-01 8.799979686737060547e-01 8.636139631271362305e-01 8.418307304382324219e-01 8.203021287918090820e-01 7.990251779556274414e-01 7.813603878021240234e-01 7.960102558135986328e-01 8.003420829772949219e-01 8.121032714843750000e-01 0.000000000000000000e+00 0.000000000000000000e+00 0.000000000000000000e+00 0.000000000000000000e+00 0.000000000000000000e+00 0.000000000000000000e+00
9.754756689071655273e-01 nan 1.059163570404052734e+00 1.028129577636718750e+00 9.928096532821655273e-01 9.458218812942504883e-01 9.097057580947875977e-01 8.957787752151489258e-01 8.771204948425292969e-01 8.551793098449707031e-01 8.334945440292358398e-01 8.120635747909545898e-01 7.909756898880004883e-01 7.812784910202026367e-01 7.849466800689697266e-01 7.966072559356689453e-01 0.000000000000000000e+00 0.000000000000000000e+00 0.000000000000000000e+00 0.000000000000000000e+00 0.000000000000000000e+00 0.000000000000000000e+00
9.206445217132568359e-01 1.017546653747558594e+00 nan 1.099755048751831055e+00 1.058303117752075195e+00 1.009120941162109375e+00 9.588764905929565430e-01 9.116919040679931641e-01 8.907247781753540039e-01 8.686245679855346680e-01 8.467829227447509766e-01 8.251963853836059570e-01 8.087825775146484375e-01 7.870384454727172852e-01 7.696828842163085938e-01 7.812436819076538086e-01 0.000000000000000000e+00 0.000000000000000000e+00 0.000000000000000000e+00 0.000000000000000000e+00 0.000000000000000000e+00 0.000000000000000000e+00
8.742254972457885742e-01 9.618260860443115234e-01 1.061764717102050781e+00 nan 1.125949621200561523e+00 1.074360609054565430e+00 1.022484540939331055e+00 9.711002111434936523e-01 9.132961034774780273e-01 8.821674585342407227e-01 8.601673841476440430e-01 8.412402868270874023e-01 8.252296447753906250e-01 8.000618219375610352e-01 7.709492444992065430e-01 7.602767944335937500e-01 0.000000000000000000e+00 0.000000000000000000e+00 0.000000000000000000e+00 0.000000000000000000e+00 0.000000000000000000e+00 0.000000000000000000e+00
8.350124359130859375e-01 9.117326736450195312e-01 1.005280971527099609e+00 1.105571269989013672e+00 nan 1.141787052154541016e+00 1.088157892227172852e+00 1.032790899276733398e+00 9.731776714324951172e-01 9.153126478195190430e-01 8.742803335189819336e-01 8.595470190048217773e-01 8.385313749313354492e-01 8.131800889968872070e-01 7.799409627914428711e-01 7.523632049560546875e-01 0.000000000000000000e+00 0.000000000000000000e+00 0.000000000000000000e+00 0.000000000000000000e+00 0.000000000000000000e+00 0.000000000000000000e+00
7.929608821868896484e-01 8.693494796752929688e-01 9.540560245513916016e-01 1.046926975250244141e+00 1.132476806640625000e+00 nan 1.157734394073486328e+00 1.094518423080444336e+00 1.033154249191284180e+00 9.735881090164184570e-01 9.157668352127075195e-01 8.743051290512084961e-01 8.485890626907348633e-01 8.187437057495117188e-01 7.851547002792358398e-01 7.576183080673217773e-01 0.000000000000000000e+00 0.000000000000000000e+00 0.000000000000000000e+00 0.000000000000000000e+00 0.000000000000000000e+00 0.000000000000000000e+00
7.763683795928955078e-01 8.231455087661743164e-01 9.027934074401855469e-01 9.890038967132568359e-01 1.069194555282592773e+00 1.144751310348510742e+00 nan 1.167849779129028320e+00 1.094800233840942383e+00 1.033427953720092773e+00 9.738534688949584961e-01 9.149984121322631836e-01 8.541587591171264648e-01 8.216607570648193359e-01 7.893257141113281250e-01 7.617249488830566406e-01 0.000000000000000000e+00 0.000000000000000000e+00 0.000000000000000000e+00 0.000000000000000000e+00 0.000000000000000000e+00 0.000000000000000000e+00
7.659379243850708008e-01 8.093992471694946289e-01 8.538380861282348633e-01 9.256579875946044922e-01 1.000667095184326172e+00 1.073577642440795898e+00 1.162992954254150391e+00 nan 1.180619716644287109e+00 1.106903553009033203e+00 1.035679578781127930e+00 9.603136777877807617e-01 8.870338201522827148e-01 8.245825767517089844e-01 7.935063838958740234e-01 7.658411264419555664e-01 0.000000000000000000e+00 0.000000000000000000e+00 0.000000000000000000e+00 0.000000000000000000e+00 0.000000000000000000e+00 0.000000000000000000e+00
7.510111331939697266e-01 7.999229431152343750e-01 8.406867980957031250e-01 8.719427585601806641e-01 9.344093799591064453e-01 1.004905223846435547e+00 1.080977201461791992e+00 1.181389570236206055e+00 nan 1.193464756011962891e+00 1.110170602798461914e+00 1.023539066314697266e+00 9.460484981536865234e-01 8.715257644653320312e-01 8.114063739776611328e-01 7.783970832824707031e-01 0.000000000000000000e+00 0.000000000000000000e+00 0.000000000000000000e+00 0.000000000000000000e+00 0.000000000000000000e+00 0.000000000000000000e+00
7.350471019744873047e-01 7.904963493347167969e-01 8.276294469833374023e-01 8.581054210662841797e-01 8.771204948425292969e-01 9.408631324768066406e-01 1.009151935577392578e+00 1.098676204681396484e+00 1.199807643890380859e+00 nan 1.178960800170898438e+00 1.093440771102905273e+00 1.013273477554321289e+00 9.361761808395385742e-01 8.607136011123657227e-01 8.061385154724121094e-01 0.000000000000000000e+00 0.000000000000000000e+00 0.000000000000000000e+00 0.000000000000000000e+00 0.000000000000000000e+00 0.000000000000000000e+00
7.167826890945434570e-01 7.772154808044433594e-01 8.146648406982421875e-01 8.414107561111450195e-01 8.589991331100463867e-01 8.861329555511474609e-01 9.492002725601196289e-01 1.015417575836181641e+00 1.103176832199096680e+00 1.185649156570434570e+00 nan 1.165757179260253906e+00 1.082820415496826172e+00 1.003060102462768555e+00 9.250543117523193359e-01 8.469768762588500977e-01 0.000000000000000000e+00 0.000000000000000000e+00 0.000000000000000000e+00 0.000000000000000000e+00 0.000000000000000000e+00 0.000000000000000000e+00
7.267210483551025391e-01 7.620878219604492188e-01 8.017921447753906250e-01 8.248660564422607422e-01 8.405557870864868164e-01 8.529233932495117188e-01 8.827899694442749023e-01 9.412639141082763672e-01 1.015117645263671875e+00 1.095806837081909180e+00 1.196631908416748047e+00 nan 1.155199766159057617e+00 1.072254180908203125e+00 9.915603399276733398e-01 9.108425378799438477e-01 0.000000000000000000e+00 0.000000000000000000e+00 0.000000000000000000e+00 0.000000000000000000e+00 0.000000000000000000e+00 0.000000000000000000e+00
7.412303686141967773e-01 7.582452297210693359e-01 7.828556299209594727e-01 8.008968830108642578e-01 8.129979372024536133e-01 8.251802921295166016e-01 8.374445438385009766e-01 8.657003641128540039e-01 9.322849512100219727e-01 1.009657144546508789e+00 1.090127468109130859e+00 1.209820747375488281e+00 nan 1.159934997558593750e+00 1.060321807861328125e+00 9.769165515899658203e-01 0.000000000000000000e+00 0.000000000000000000e+00 0.000000000000000000e+00 0.000000000000000000e+00 0.000000000000000000e+00 0.000000000000000000e+00
7.552983760833740234e-01 7.715487480163574219e-01 7.650665044784545898e-01 7.703962326049804688e-01 7.858526706695556641e-01 7.978526353836059570e-01 8.052381277084350586e-01 8.103537559509277344e-01 8.528571128845214844e-01 9.270489215850830078e-01 1.004211425781250000e+00 1.093664646148681641e+00 1.223089218139648438e+00 nan 1.154253244400024414e+00 1.045275449752807617e+00 0.000000000000000000e+00 0.000000000000000000e+00 0.000000000000000000e+00 0.000000000000000000e+00 0.000000000000000000e+00 0.000000000000000000e+00
7.691526412963867188e-01 7.740303277969360352e-01 7.665286064147949219e-01 7.549386024475097656e-01 7.566581964492797852e-01 7.671641111373901367e-01 7.721718549728393555e-01 7.771939039230346680e-01 7.954781055450439453e-01 8.478362560272216797e-01 9.218269586563110352e-01 9.987803697586059570e-01 1.106235742568969727e+00 1.236437320709228516e+00 nan 1.138167619705200195e+00 0.000000000000000000e+00 0.000000000000000000e+00 0.000000000000000000e+00 0.000000000000000000e+00 0.000000000000000000e+00 0.000000000000000000e+00
7.799893617630004883e-01 7.759122848510742188e-01 7.679920196533203125e-01 7.563922405242919922e-01 7.399686574935913086e-01 7.264153957366943359e-01 7.346351146697998047e-01 7.428940534591674805e-01 7.595658302307128906e-01 7.912834882736206055e-01 8.428289890289306641e-01 9.166191816329956055e-01 9.955242872238159180e-01 1.118882179260253906e+00 1.238500118255615234e+00 nan 0.000000000000000000e+00 0.000000000000000000e+00 0.000000000000000000e+00 0.000000000000000000e+00 0.000000000000000000e+00 0.000000000000000000e+00
7.685848474502563477e-01 7.714331150054931641e-01 7.690774202346801758e-01 7.542924880981445312e-01 7.314343452453613281e-01 7.088739871978759766e-01 6.916017532348632812e-01 6.996557712554931641e-01 7.145423889160156250e-01 7.488032579421997070e-01 7.837487459182739258e-01 8.378353118896484375e-01 9.114254713058471680e-01 1.007506132125854492e+00 1.120586633682250977e+00 1.227876186370849609e+00 nan 0.000000000000000000e+00 0.000000000000000000e+00 0.000000000000000000e+00 0.000000000000000000e+00 0.000000000000000000e+00
5.923191308975219727e-01 7.192984819412231445e-01 7.367038726806640625e-01 7.214622497558593750e-01 7.053179740905761719e-01 6.893252134323120117e-01 6.734824180603027344e-01 6.574901342391967773e-01 6.691380739212036133e-01 7.024915218353271484e-01 7.365114688873291016e-01 7.712113857269287109e-01 8.243141174316406250e-01 9.010096788406372070e-01 1.006759166717529297e+00 1.109410047531127930e+00 0.000000000000000000e+00 nan 0.000000000000000000e+00 0.000000000000000000e+00 0.000000000000000000e+00 0.000000000000000000e+00
5.683898925781250000e-01 5.721756219863891602e-01 6.437749862670898438e-01 6.828386783599853516e-01 6.670567989349365234e-01 6.514227390289306641e-01 6.359353065490722656e-01 6.205931901931762695e-01 6.096417903900146484e-01 6.454724073410034180e-01 6.830292940139770508e-01 7.214432954788208008e-01 7.587621212005615234e-01 8.108133077621459961e-01 8.884719610214233398e-01 9.866349697113037109e-01 0.000000000000000000e+00 0.000000000000000000e+00 nan 0.000000000000000000e+00 0.000000000000000000e+00 0.000000000000000000e+00
5.499284267425537109e-01 5.491813421249389648e-01 5.458241701126098633e-01 5.632671117782592773e-01 6.296539306640625000e-01 6.143707036972045898e-01 5.992307662963867188e-01 5.842328071594238281e-01 5.752604007720947266e-01 5.831999778747558594e-01 6.166638135910034180e-01 6.535631418228149414e-01 6.913045644760131836e-01 7.299075126647949219e-01 7.773933410644531250e-01 8.563094139099121094e-01 0.000000000000000000e+00 0.000000000000000000e+00 0.000000000000000000e+00 nan 0.000000000000000000e+00 0.000000000000000000e+00
5.257539749145507812e-01 5.265233516693115234e-01 5.236830711364746094e-01 5.195772647857666016e-01 5.181072950363159180e-01 5.781499147415161133e-01 5.633497238159179688e-01 5.486882925033569336e-01 5.416133403778076172e-01 5.493834018707275391e-01 5.571924448013305664e-01 5.883597135543823242e-01 6.246129274368286133e-01 6.616936922073364258e-01 7.008725404739379883e-01 7.426377534866333008e-01 0.000000000000000000e+00 0.000000000000000000e+00 0.000000000000000000e+00 0.000000000000000000e+00 nan 0.000000000000000000e+00
4.955492019653320312e-01 5.021674633026123047e-01 5.018591880798339844e-01 4.978121519088745117e-01 4.952026605606079102e-01 4.950978755950927734e-01 5.072728395462036133e-01 5.139411687850952148e-01 5.086851119995117188e-01 5.162891149520874023e-01 5.239313840866088867e-01 5.316122770309448242e-01 5.605510473251342773e-01 5.961695909500122070e-01 6.338287591934204102e-01 6.739044189453125000e-01 0.000000000000000000e+00 0.000000000000000000e+00 0.000000000000000000e+00 0.000000000000000000e+00 0.000000000000000000e+00 nan
