nan 8.491638898849487305e-01 8.035799264907836914e-01 8.043681383132934570e-01 8.003445863723754883e-01 7.917098999023437500e-01 7.831168174743652344e-01 7.745648622512817383e-01 7.716113328933715820e-01 8.069934844970703125e-01 8.332256078720092773e-01 8.333594799041748047e-01 8.198453187942504883e-01 7.614275217056274414e-01 7.028316259384155273e-01 6.424742937088012695e-01
8.498123884201049805e-01 nan 9.007871150970458984e-01 8.493860960006713867e-01 8.307386636734008789e-01 8.219581842422485352e-01 8.132200241088867188e-01 8.045237064361572266e-01 7.958689928054809570e-01 7.856429815292358398e-01 8.021599054336547852e-01 8.024413585662841797e-01 7.965168952941894531e-01 7.388479709625244141e-01 6.830304861068725586e-01 6.290045976638793945e-01
7.964829206466674805e-01 9.050498008728027344e-01 nan 9.446142911911010742e-01 8.856133222579956055e-01 8.527171611785888672e-01 8.438314199447631836e-01 8.349882364273071289e-01 8.238282203674316406e-01 7.868155241012573242e-01 7.716205120086669922e-01 7.720446586608886719e-01 7.734874486923217773e-01 7.165579795837402344e-01 6.613724231719970703e-01 6.078230142593383789e-01
7.583161592483520508e-01 8.474763631820678711e-01 9.609292745590209961e-01 nan 9.812246561050415039e-01 9.212596416473388672e-01 8.762900829315185547e-01 8.670216798782348633e-01 8.334885835647583008e-01 7.964469194412231445e-01 7.612868547439575195e-01 7.409539222717285156e-01 7.481245994567871094e-01 6.945589780807495117e-01 6.398473978042602539e-01 5.869022607803344727e-01
7.551718950271606445e-01 8.117161989212036133e-01 8.984075784683227539e-01 1.000618457794189453e+00 nan 1.016381740570068359e+00 9.549846649169921875e-01 8.776212930679321289e-01 8.395198583602905273e-01 8.021913766860961914e-01 7.666890621185302734e-01 7.195194959640502930e-01 7.152457237243652344e-01 6.748936176300048828e-01 6.208169460296630859e-01 5.684863328933715820e-01
7.510192394256591797e-01 8.087399005889892578e-01 8.621734380722045898e-01 9.343261718750000000e-01 1.039238929748535156e+00 nan 1.022009372711181641e+00 9.234125614166259766e-01 8.453722000122070312e-01 8.079249858856201172e-01 7.721077203750610352e-01 7.253257036209106445e-01 6.870160102844238281e-01 6.554563045501708984e-01 6.020072698593139648e-01 5.502839088439941406e-01
7.387403249740600586e-01 8.045499324798583984e-01 8.532714843750000000e-01 8.838064670562744141e-01 9.567006826400756836e-01 1.035215616226196289e+00 nan 1.004853963851928711e+00 9.044824838638305664e-01 8.292186260223388672e-01 7.941700220108032227e-01 7.462849617004394531e-01 7.005057334899902344e-01 6.370356082916259766e-01 5.834159851074218750e-01 5.322929620742797852e-01
7.295274734497070312e-01 7.950479984283447266e-01 8.340497016906738281e-01 8.594071865081787109e-01 8.751835823059082031e-01 9.309911727905273438e-01 1.038613080978393555e+00 nan 1.001959800720214844e+00 9.017330408096313477e-01 8.343228101730346680e-01 7.857682704925537109e-01 7.389540672302246094e-01 6.832810640335083008e-01 5.892651081085205078e-01 5.316445827484130859e-01
7.505586147308349609e-01 7.722268104553222656e-01 8.102948665618896484e-01 8.276801109313964844e-01 8.359900712966918945e-01 8.443377017974853516e-01 9.294215440750122070e-01 1.042918205261230469e+00 nan 9.990694522857666016e-01 9.014379978179931641e-01 8.261443376541137695e-01 7.782716751098632812e-01 7.316541671752929688e-01 6.273009777069091797e-01 5.428886413574218750e-01
7.716977596282958984e-01 7.922056913375854492e-01 7.771452665328979492e-01 7.891842126846313477e-01 7.976158857345581055e-01 8.056463003158569336e-01 8.382961750030517578e-01 9.316085577011108398e-01 1.051424264907836914e+00 nan 9.967926740646362305e-01 8.852329254150390625e-01 8.184783458709716797e-01 7.708066701889038086e-01 6.763104200363159180e-01 5.731825828552246094e-01
7.919319868087768555e-01 8.005969524383544922e-01 7.668064832687377930e-01 7.336503267288208008e-01 7.387272119522094727e-01 7.506974935531616211e-01 7.828748226165771484e-01 8.320959806442260742e-01 9.240524768829345703e-01 1.068262577056884766e+00 nan 9.801131486892700195e-01 8.651626110076904297e-01 8.108445405960083008e-01 7.267959117889404297e-01 6.205621957778930664e-01
7.869861125946044922e-01 7.768139839172363281e-01 7.537569999694824219e-01 7.213810682296752930e-01 6.890772581100463867e-01 6.883100271224975586e-01 7.150802612304687500e-01 7.648026943206787109e-01 8.159664869308471680e-01 9.113756418228149414e-01 1.076172113418579102e+00 nan 9.590326547622680664e-01 8.517875671386718750e-01 7.788017988204956055e-01 6.693686246871948242e-01
5.685209035873413086e-01 6.969602108001708984e-01 6.972054243087768555e-01 6.742626428604125977e-01 6.516299247741699219e-01 6.293032169342041016e-01 6.440950632095336914e-01 6.976951360702514648e-01 7.469134330749511719e-01 7.975586652755737305e-01 9.123520851135253906e-01 1.064269781112670898e+00 nan 9.381767511367797852e-01 8.323740959167480469e-01 7.196450233459472656e-01
5.363947153091430664e-01 5.335428714752197266e-01 5.778490304946899414e-01 6.202745437622070312e-01 5.983716249465942383e-01 5.767648220062255859e-01 5.690685510635375977e-01 6.026798486709594727e-01 6.557846069335937500e-01 7.106490135192871094e-01 7.673313617706298828e-01 8.915865421295166016e-01 1.043971300125122070e+00 nan 9.175428152084350586e-01 7.714357376098632812e-01
5.020929574966430664e-01 5.017817020416259766e-01 4.960741996765136719e-01 4.949536323547363281e-01 5.468306541442871094e-01 5.259205102920532227e-01 5.208891630172729492e-01 5.319739580154418945e-01 5.623079538345336914e-01 6.140749454498291016e-01 6.675573587417602539e-01 7.290769815444946289e-01 8.066202402114868164e-01 9.384925365447998047e-01 nan 8.473854064941406250e-01
4.561072587966918945e-01 4.654239416122436523e-01 4.623529911041259766e-01 4.598760604858398438e-01 4.599829912185668945e-01 4.614233970642089844e-01 4.723318815231323242e-01 4.833217859268188477e-01 4.943937063217163086e-01 5.125131607055664062e-01 5.651803016662597656e-01 6.249631643295288086e-01 6.920808553695678711e-01 7.619708776473999023e-01 8.442879915237426758e-01 nan
