nan 9.519252777099609375e-01 9.219485521316528320e-01 8.929826021194458008e-01 8.643622398376464844e-01 8.626918792724609375e-01 8.539251089096069336e-01 8.404047489166259766e-01 8.269830942153930664e-01 8.137106895446777344e-01 7.994533777236938477e-01 7.853082418441772461e-01 7.841689586639404297e-01 8.031949996948242188e-01 8.129856586456298828e-01 8.248293399810791016e-01 0.000000000000000000e+00 0.000000000000000000e+00 0.000000000000000000e+00 0.000000000000000000e+00 0.000000000000000000e+00 0.000000000000000000e+00
9.417223930358886719e-01 nan 9.898241758346557617e-01 9.598351716995239258e-01 9.256345033645629883e-01 8.818926811218261719e-01 8.694869279861450195e-01 8.558531999588012695e-01 8.443667888641357422e-01 8.317437171936035156e-01 8.173445463180541992e-01 8.030587434768676758e-01 7.888852357864379883e-01 7.915786504745483398e-01 7.974821329116821289e-01 8.092243671417236328e-01 0.000000000000000000e+00 0.000000000000000000e+00 0.000000000000000000e+00 0.000000000000000000e+00 0.000000000000000000e+00 0.000000000000000000e+00
9.016684293746948242e-01 9.793137311935424805e-01 nan 1.029048919677734375e+00 9.889203310012817383e-01 9.415599107742309570e-01 8.930046558380126953e-01 8.714312314987182617e-01 8.646134138107299805e-01 8.499559164047241211e-01 8.354136943817138672e-01 8.209857940673828125e-01 8.066711425781250000e-01 7.886162996292114258e-01 7.821110486984252930e-01 7.937530279159545898e-01 0.000000000000000000e+00 0.000000000000000000e+00 0.000000000000000000e+00 0.000000000000000000e+00 0.000000000000000000e+00 0.000000000000000000e+00
8.624405860900878906e-01 9.384840726852416992e-01 1.019641160964965820e+00 nan 1.054286479949951172e+00 1.004605770111083984e+00 9.544739723205566406e-01 9.105371236801147461e-01 8.831524848937988281e-01 8.683493137359619141e-01 8.536623716354370117e-01 8.390911817550659180e-01 8.246343135833740234e-01 8.016512393951416016e-01 7.745382785797119141e-01 7.753039598464965820e-01 0.000000000000000000e+00 0.000000000000000000e+00 0.000000000000000000e+00 0.000000000000000000e+00 0.000000000000000000e+00 0.000000000000000000e+00
8.240219354629516602e-01 8.986457586288452148e-01 9.782602787017822266e-01 1.059968948364257812e+00 nan 1.069698572158813477e+00 1.020758152008056641e+00 9.778531789779663086e-01 9.312405586242675781e-01 8.869254589080810547e-01 8.720926046371459961e-01 8.573763370513916016e-01 8.401546478271484375e-01 8.147810697555541992e-01 7.863466739654541016e-01 7.586697340011596680e-01 0.000000000000000000e+00 0.000000000000000000e+00 0.000000000000000000e+00 0.000000000000000000e+00 0.000000000000000000e+00 0.000000000000000000e+00
7.855002880096435547e-01 8.567992448806762695e-01 9.347611665725708008e-01 1.011409044265747070e+00 1.083058357238769531e+00 nan 1.089197158813476562e+00 1.042167901992797852e+00 9.902509450912475586e-01 9.396537542343139648e-01 8.903428316116333008e-01 8.734261989593505859e-01 8.511213064193725586e-01 8.240923881530761719e-01 7.924506664276123047e-01 7.648016214370727539e-01 0.000000000000000000e+00 0.000000000000000000e+00 0.000000000000000000e+00 0.000000000000000000e+00 0.000000000000000000e+00 0.000000000000000000e+00
7.799338102340698242e-01 8.209505081176757812e-01 8.918673992156982422e-01 9.635255336761474609e-01 1.034328699111938477e+00 1.106833934783935547e+00 nan 1.101616621017456055e+00 1.048188447952270508e+00 9.961183071136474609e-01 9.453718662261962891e-01 8.941048383712768555e-01 8.596116304397583008e-01 8.270180225372314453e-01 7.966387271881103516e-01 7.689250707626342773e-01 0.000000000000000000e+00 0.000000000000000000e+00 0.000000000000000000e+00 0.000000000000000000e+00 0.000000000000000000e+00 0.000000000000000000e+00
7.702517509460449219e-01 8.119872808456420898e-01 8.553975820541381836e-01 9.136019945144653320e-01 9.801813364028930664e-01 1.047423839569091797e+00 1.123593330383300781e+00 nan 1.115742683410644531e+00 1.054226398468017578e+00 1.002002954483032227e+00 9.438055753707885742e-01 8.712631464004516602e-01 8.299483060836791992e-01 8.008364439010620117e-01 7.730580568313598633e-01 0.000000000000000000e+00 0.000000000000000000e+00 0.000000000000000000e+00 0.000000000000000000e+00 0.000000000000000000e+00 0.000000000000000000e+00
7.573527097702026367e-01 8.024975061416625977e-01 8.432667255401611328e-01 8.745664358139038086e-01 9.243426322937011719e-01 9.896888732910156250e-01 1.057254076004028320e+00 1.147388935089111328e+00 nan 1.134192466735839844e+00 1.069128513336181641e+00 9.905828237533569336e-01 9.143544435501098633e-01 8.410451412200927734e-01 8.046169281005859375e-01 7.772006988525390625e-01 0.000000000000000000e+00 0.000000000000000000e+00 0.000000000000000000e+00 0.000000000000000000e+00 0.000000000000000000e+00 0.000000000000000000e+00
7.409001588821411133e-01 7.930573225021362305e-01 8.301910161972045898e-01 8.612687587738037109e-01 8.792746067047119141e-01 9.335818290710449219e-01 9.992417097091674805e-01 1.076475620269775391e+00 1.171451091766357422e+00 nan 1.141347646713256836e+00 1.059346199035644531e+00 9.804843664169311523e-01 9.046428203582763672e-01 8.308081626892089844e-01 7.976669073104858398e-01 0.000000000000000000e+00 0.000000000000000000e+00 0.000000000000000000e+00 0.000000000000000000e+00 0.000000000000000000e+00 0.000000000000000000e+00
7.225741147994995117e-01 7.833505868911743164e-01 8.172081708908081055e-01 8.447691202163696289e-01 8.623895645141601562e-01 8.801785707473754883e-01 9.428654909133911133e-01 1.005027532577514648e+00 1.089878559112548828e+00 1.187064647674560547e+00 nan 1.130484580993652344e+00 1.048898935317993164e+00 9.704372882843017578e-01 8.940196037292480469e-01 8.257088661193847656e-01 0.000000000000000000e+00 0.000000000000000000e+00 0.000000000000000000e+00 0.000000000000000000e+00 0.000000000000000000e+00 0.000000000000000000e+00
7.328491210937500000e-01 7.681063413619995117e-01 8.043175935745239258e-01 8.281942605972290039e-01 8.456563949584960938e-01 8.589271306991577148e-01 8.783785104751586914e-01 9.367153644561767578e-01 1.005951404571533203e+00 1.086273193359375000e+00 1.200196504592895508e+00 nan 1.119676351547241211e+00 1.038504600524902344e+00 9.594131708145141602e-01 8.802604675292968750e-01 0.000000000000000000e+00 0.000000000000000000e+00 0.000000000000000000e+00 0.000000000000000000e+00 0.000000000000000000e+00 0.000000000000000000e+00
7.474099397659301758e-01 7.645428180694580078e-01 7.899690866470336914e-01 8.067320585250854492e-01 8.188723325729370117e-01 8.310941457748413086e-01 8.433980941772460938e-01 8.661335706710815430e-01 9.234952926635742188e-01 1.000515460968017578e+00 1.084546327590942383e+00 1.213406801223754883e+00 nan 1.121994018554687500e+00 1.027064800262451172e+00 9.452768564224243164e-01 0.000000000000000000e+00 0.000000000000000000e+00 0.000000000000000000e+00 0.000000000000000000e+00 0.000000000000000000e+00 0.000000000000000000e+00
7.615959644317626953e-01 7.778110504150390625e-01 7.746026515960693359e-01 7.796804904937744141e-01 7.916389703750610352e-01 8.036779165267944336e-01 8.139288425445556641e-01 8.190691471099853516e-01 8.444286584854125977e-01 9.182828664779663086e-01 9.950944185256958008e-01 1.097062110900878906e+00 1.225981235504150391e+00 nan 1.118542671203613281e+00 1.012541770935058594e+00 0.000000000000000000e+00 0.000000000000000000e+00 0.000000000000000000e+00 0.000000000000000000e+00 0.000000000000000000e+00 0.000000000000000000e+00
7.755000591278076172e-01 7.833421230316162109e-01 7.760727405548095703e-01 7.644200325012207031e-01 7.648135423660278320e-01 7.756716012954711914e-01 7.807034254074096680e-01 7.857495546340942383e-01 7.954983711242675781e-01 8.394305706024169922e-01 9.130847454071044922e-01 9.896881580352783203e-01 1.109653472900390625e+00 1.232000112533569336e+00 nan 1.099657535552978516e+00 0.000000000000000000e+00 0.000000000000000000e+00 0.000000000000000000e+00 0.000000000000000000e+00 0.000000000000000000e+00 0.000000000000000000e+00
7.888916730880737305e-01 7.852337360382080078e-01 7.775440216064453125e-01 7.658815383911132812e-01 7.540082931518554688e-01 7.403652667999267578e-01 7.480866909027099609e-01 7.530404329299926758e-01 7.595856189727783203e-01 7.913037538528442383e-01 8.344461917877197266e-01 9.079005718231201172e-01 9.987624883651733398e-01 1.122320652008056641e+00 1.228971242904663086e+00 nan 0.000000000000000000e+00 0.000000000000000000e+00 0.000000000000000000e+00 0.000000000000000000e+00 0.000000000000000000e+00 0.000000000000000000e+00
7.850010395050048828e-01 7.871276140213012695e-01 7.786090373992919922e-01 7.673444747924804688e-01 7.454051971435546875e-01 7.226629257202148438e-01 7.052704095840454102e-01 7.133895158767700195e-01 7.215473651885986328e-01 7.545074224472045898e-01 7.871189117431640625e-01 8.294751644134521484e-01 9.027307033538818359e-01 1.010763883590698242e+00 1.126166343688964844e+00 1.207889556884765625e+00 nan 0.000000000000000000e+00 0.000000000000000000e+00 0.000000000000000000e+00 0.000000000000000000e+00 0.000000000000000000e+00
6.009780168533325195e-01 7.288593053817749023e-01 7.552073001861572266e-01 7.422872781753540039e-01 7.259477376937866211e-01 7.097615003585815430e-01 6.918776035308837891e-01 6.708831787109375000e-01 6.788386106491088867e-01 7.080445289611816406e-01 7.421755790710449219e-01 7.769886255264282227e-01 8.219184875488281250e-01 9.050706624984741211e-01 1.014169931411743164e+00 1.111876249313354492e+00 0.000000000000000000e+00 nan 0.000000000000000000e+00 0.000000000000000000e+00 0.000000000000000000e+00 0.000000000000000000e+00
5.773174762725830078e-01 5.815739631652832031e-01 6.572991609573364258e-01 7.031965255737304688e-01 6.872235536575317383e-01 6.714005470275878906e-01 6.557257175445556641e-01 6.401979923248291016e-01 6.248160600662231445e-01 6.558071374893188477e-01 6.935998201370239258e-01 7.299304008483886719e-01 7.644988298416137695e-01 8.084353208541870117e-01 8.996776342391967773e-01 9.942204952239990234e-01 0.000000000000000000e+00 0.000000000000000000e+00 nan 0.000000000000000000e+00 0.000000000000000000e+00 0.000000000000000000e+00
5.587509870529174805e-01 5.599266290664672852e-01 5.565097332000732422e-01 5.761288404464721680e-01 6.493682861328125000e-01 6.339001655578613281e-01 6.185771226882934570e-01 6.033978462219238281e-01 5.883609056472778320e-01 5.936850309371948242e-01 6.268177032470703125e-01 6.639487743377685547e-01 7.019273042678833008e-01 7.407726049423217773e-01 7.834912538528442383e-01 8.713884353637695312e-01 0.000000000000000000e+00 0.000000000000000000e+00 0.000000000000000000e+00 nan 0.000000000000000000e+00 0.000000000000000000e+00
5.358951091766357422e-01 5.371115207672119141e-01 5.342154502868652344e-01 5.300813913345336914e-01 5.285567045211791992e-01 5.972412824630737305e-01 5.822621583938598633e-01 5.674233436584472656e-01 5.527236461639404297e-01 5.596445798873901367e-01 5.675054788589477539e-01 5.983357429504394531e-01 6.348166465759277344e-01 6.721302270889282227e-01 7.113310098648071289e-01 7.533077001571655273e-01 0.000000000000000000e+00 0.000000000000000000e+00 0.000000000000000000e+00 0.000000000000000000e+00 nan 0.000000000000000000e+00
5.059591531753540039e-01 5.124406814575195312e-01 5.122406482696533203e-01 5.081657171249389648e-01 5.054944753646850586e-01 5.053888559341430664e-01 5.196963548660278320e-01 5.322558879852294922e-01 5.186767578125000000e-01 5.263311862945556641e-01 5.340240001678466797e-01 5.417557954788208008e-01 5.703525543212890625e-01 6.061947345733642578e-01 6.438748836517333984e-01 6.841969490051269531e-01 0.000000000000000000e+00 0.000000000000000000e+00 0.000000000000000000e+00 0.000000000000000000e+00 0.000000000000000000e+00 nan
