nan 9.584933519363403320e-01 9.163333177566528320e-01 8.727060556411743164e-01 8.608095645904541016e-01 8.415455818176269531e-01 8.224809169769287109e-01 8.014786243438720703e-01 7.812222242355346680e-01 7.994366884231567383e-01 8.092027902603149414e-01 8.165925741195678711e-01 8.014026880264282227e-01 7.434319257736206055e-01 6.872377395629882812e-01 6.287684440612792969e-01
8.832911252975463867e-01 nan 1.016406297683715820e+00 9.589376449584960938e-01 8.893883228302001953e-01 8.652951717376708984e-01 8.459846973419189453e-01 8.281524181365966797e-01 8.075853586196899414e-01 7.868586778640747070e-01 7.786060571670532227e-01 7.858288288116455078e-01 7.773274183273315430e-01 7.200405597686767578e-01 6.646001338958740234e-01 6.109467744827270508e-01
8.289965391159057617e-01 9.410557746887207031e-01 nan 1.053594350814819336e+00 9.799908399581909180e-01 9.088668823242187500e-01 8.734127283096313477e-01 8.546239137649536133e-01 8.336023092269897461e-01 7.978198528289794922e-01 7.484287023544311523e-01 7.555289268493652344e-01 7.534811496734619141e-01 6.969629526138305664e-01 6.422663927078247070e-01 5.893328189849853516e-01
7.775307893753051758e-01 8.807375431060791016e-01 1.002190113067626953e+00 nan 1.078424215316772461e+00 1.003574609756469727e+00 9.291656017303466797e-01 8.774769306182861328e-01 8.430523872375488281e-01 8.056523799896240234e-01 7.516686916351318359e-01 7.239587306976318359e-01 7.310594320297241211e-01 6.757018566131591797e-01 6.215990781784057617e-01 5.692430734634399414e-01
7.734133005142211914e-01 8.307919502258300781e-01 9.255920648574829102e-01 1.036419153213500977e+00 nan 1.097805023193359375e+00 1.010806798934936523e+00 9.210363626480102539e-01 8.489159345626831055e-01 8.113969564437866211e-01 7.575833797454833984e-01 7.185574769973754883e-01 6.985014677047729492e-01 6.562552452087402344e-01 6.027803421020507812e-01 5.510319471359252930e-01
7.566753625869750977e-01 8.227740526199340820e-01 8.738634586334228516e-01 9.492986202239990234e-01 1.045628547668457031e+00 nan 1.094314813613891602e+00 9.894642829895019531e-01 8.898630142211914062e-01 8.208786249160766602e-01 7.699437141418457031e-01 7.243603467941284180e-01 6.860721111297607422e-01 6.370342969894409180e-01 5.841801166534423828e-01 5.330321788787841797e-01
7.352677583694458008e-01 8.090012073516845703e-01 8.512152433395385742e-01 8.768101930618286133e-01 9.628317356109619141e-01 1.060708761215209961e+00 nan 1.091291189193725586e+00 9.865921735763549805e-01 8.854746818542480469e-01 8.099619150161743164e-01 7.625135183334350586e-01 7.163091897964477539e-01 6.469784975051879883e-01 5.755066871643066406e-01 5.183850526809692383e-01
7.296139001846313477e-01 7.900508642196655273e-01 8.272380828857421875e-01 8.525015115737915039e-01 8.761569261550903320e-01 9.503337144851684570e-01 1.065060853958129883e+00 nan 1.088272094726562500e+00 9.802724123001098633e-01 8.702710866928100586e-01 8.023639917373657227e-01 7.551146745681762695e-01 6.965804100036621094e-01 5.922056436538696289e-01 5.295315980911254883e-01
7.506461143493652344e-01 7.678685188293457031e-01 8.035461902618408203e-01 8.192473649978637695e-01 8.266987800598144531e-01 8.379133939743041992e-01 9.451538324356079102e-01 1.058651685714721680e+00 nan 1.079836130142211914e+00 9.643982648849487305e-01 8.503600358963012695e-01 7.947977781295776367e-01 7.476764917373657227e-01 6.401581764221191406e-01 5.407601594924926758e-01
7.719339132308959961e-01 7.823077440261840820e-01 7.647143602371215820e-01 7.674267292022705078e-01 7.785661220550537109e-01 7.858508825302124023e-01 8.307237625122070312e-01 9.375448226928710938e-01 1.054394006729125977e+00 nan 1.063262701034545898e+00 9.434851408004760742e-01 8.353780508041381836e-01 7.872633934020996094e-01 6.895549297332763672e-01 5.856120586395263672e-01
7.921701669692993164e-01 7.845935821533203125e-01 7.522252798080444336e-01 7.193427085876464844e-01 7.161773443222045898e-01 7.279924154281616211e-01 7.707974910736083984e-01 8.223139047622680664e-01 9.299654960632324219e-01 1.072235107421875000e+00 nan 1.041297197341918945e+00 9.227945804595947266e-01 8.276733160018920898e-01 7.404391765594482422e-01 6.333661079406738281e-01
7.689847946166992188e-01 7.555763721466064453e-01 7.329373359680175781e-01 7.071746587753295898e-01 6.751375198364257812e-01 6.664140224456787109e-01 7.034621238708496094e-01 7.528477907180786133e-01 8.036649227142333984e-01 9.133609533309936523e-01 1.079790115356445312e+00 nan 1.022534608840942383e+00 9.023245573043823242e-01 7.928559780120849609e-01 6.825582981109619141e-01
5.620001554489135742e-01 6.660408973693847656e-01 6.770571470260620117e-01 6.543866395950317383e-01 6.320226192474365234e-01 6.099610328674316406e-01 6.284669637680053711e-01 6.824260950088500977e-01 7.350796461105346680e-01 7.853819131851196289e-01 9.037613868713378906e-01 1.069449424743652344e+00 nan 1.004710197448730469e+00 8.676121234893798828e-01 7.332319021224975586e-01
5.300076007843017578e-01 5.266376733779907227e-01 5.492271184921264648e-01 6.010392904281616211e-01 5.793964862823486328e-01 5.580462217330932617e-01 5.610771179199218750e-01 5.874453783035278320e-01 6.400452852249145508e-01 6.943881511688232422e-01 7.514272928237915039e-01 8.611513376235961914e-01 1.049795389175415039e+00 nan 9.862515926361083984e-01 7.938106060028076172e-01
4.948624372482299805e-01 4.951539039611816406e-01 4.893376827239990234e-01 4.879814386367797852e-01 5.284672975540161133e-01 5.078054666519165039e-01 5.131430625915527344e-01 5.241713523864746094e-01 5.474572181701660156e-01 5.987321138381958008e-01 6.525877714157104492e-01 7.163197994232177734e-01 8.000022172927856445e-01 9.459842443466186523e-01 nan 8.975002765655517578e-01
4.483922719955444336e-01 4.576596021652221680e-01 4.550594091415405273e-01 4.523596763610839844e-01 4.524661302566528320e-01 4.532721042633056641e-01 4.641196727752685547e-01 4.750483036041259766e-01 4.860584735870361328e-01 4.971507787704467773e-01 5.441241264343261719e-01 6.056535243988037109e-01 6.719738245010375977e-01 7.410331964492797852e-01 8.523844480514526367e-01 nan
