nan 8.676192760467529297e-01 8.215802907943725586e-01 8.028334379196166992e-01 7.974783182144165039e-01 7.888575792312622070e-01 7.802780866622924805e-01 7.717396020889282227e-01 7.632424831390380859e-01 7.946089506149291992e-01 8.176106214523315430e-01 8.183364868164062500e-01 7.982008457183837891e-01 7.344629764556884766e-01 6.729844808578491211e-01 6.136850118637084961e-01
8.265848159790039062e-01 nan 9.197577238082885742e-01 8.647242784500122070e-01 8.278239965438842773e-01 8.190575838088989258e-01 8.103333711624145508e-01 8.016508817672729492e-01 7.930099964141845703e-01 7.819422483444213867e-01 7.989237308502197266e-01 7.993195056915283203e-01 7.911118268966674805e-01 7.276252508163452148e-01 6.663891077041625977e-01 6.073232889175415039e-01
7.739250659942626953e-01 8.812505006790161133e-01 nan 9.615489244461059570e-01 9.020341634750366211e-01 8.497675657272338867e-01 8.408960103988647461e-01 8.320668935775756836e-01 8.232802152633666992e-01 8.101625442504882812e-01 7.698132991790771484e-01 7.689753770828247070e-01 7.700188159942626953e-01 7.132006883621215820e-01 6.582063436508178711e-01 6.009869575500488281e-01
7.457809448242187500e-01 8.240168094635009766e-01 9.358144998550415039e-01 nan 9.980626106262207031e-01 9.375879764556884766e-01 8.789438009262084961e-01 8.644586801528930664e-01 8.543200492858886719e-01 8.237007856369018555e-01 7.695610523223876953e-01 7.377398014068603516e-01 7.449380159378051758e-01 6.923849582672119141e-01 6.379663944244384766e-01 5.852977037429809570e-01
7.426590919494628906e-01 7.989304065704345703e-01 8.711713552474975586e-01 9.727271795272827148e-01 nan 1.033624649047851562e+00 9.720736742019653320e-01 9.109966754913330078e-01 8.676000833511352539e-01 8.300402164459228516e-01 7.760301828384399414e-01 7.264682054519653320e-01 7.122979164123535156e-01 6.737587451934814453e-01 6.199390888214111328e-01 5.678499937057495117e-01
7.396026849746704102e-01 7.962130308151245117e-01 8.470392227172851562e-01 9.083403348922729492e-01 1.013715267181396484e+00 nan 1.068057298660278320e+00 9.832684993743896484e-01 8.867468833923339844e-01 8.364392518997192383e-01 7.825230360031127930e-01 7.329751253128051758e-01 6.946443319320678711e-01 6.553375720977783203e-01 6.021102666854858398e-01 5.505943298339843750e-01
7.306265830993652344e-01 7.934999465942382812e-01 8.383294343948364258e-01 8.740344047546386719e-01 9.409989118576049805e-01 1.037119626998901367e+00 nan 1.063075780868530273e+00 9.599363803863525391e-01 8.619532585144042969e-01 8.073010444641113281e-01 7.574081420898437500e-01 7.114475965499877930e-01 6.480166912078857422e-01 5.844775438308715820e-01 5.335286855697631836e-01
7.358679771423339844e-01 7.893996238708496094e-01 8.284332752227783203e-01 8.538827896118164062e-01 8.796865940093994141e-01 9.522433280944824219e-01 1.041929244995117188e+00 nan 1.060940980911254883e+00 9.579085111618041992e-01 8.549689054489135742e-01 7.976580858230590820e-01 7.506448030471801758e-01 6.989884376525878906e-01 5.947476625442504883e-01 5.358605384826660156e-01
7.571036815643310547e-01 7.750502824783325195e-01 8.054869174957275391e-01 8.306170701980590820e-01 8.559149503707885742e-01 8.645237684249877930e-01 9.332063198089599609e-01 1.047079324722290039e+00 nan 1.058808326721191406e+00 9.489938020706176758e-01 8.388297557830810547e-01 7.907397747039794922e-01 7.439075708389282227e-01 6.440719366073608398e-01 5.479116439819335938e-01
7.785944938659667969e-01 7.975848913192749023e-01 7.878422737121582031e-01 8.018076419830322266e-01 8.104578256607055664e-01 8.180328607559204102e-01 8.333331346511840820e-01 9.275661706924438477e-01 1.056812524795532227e+00 nan 1.066085577011108398e+00 9.313335418701171875e-01 8.317531347274780273e-01 7.838482856750488281e-01 6.949217319488525391e-01 5.909302234649658203e-01
7.993816137313842773e-01 8.086261749267578125e-01 7.915600538253784180e-01 7.617888450622558594e-01 7.624769210815429688e-01 7.708207368850708008e-01 7.811125516891479492e-01 8.277908563613891602e-01 9.207730293273925781e-01 1.074242591857910156e+00 nan 1.064132690429687500e+00 9.115158319473266602e-01 8.247036933898925781e-01 7.473441362380981445e-01 6.401363611221313477e-01
7.922825813293457031e-01 8.035647869110107422e-01 7.828501462936401367e-01 7.494136095046997070e-01 7.166043519973754883e-01 7.120832204818725586e-01 7.240017652511596680e-01 7.723642587661743164e-01 8.222653865814208984e-01 9.182868003845214844e-01 1.097412347793579102e+00 nan 1.045515537261962891e+00 8.919017314910888672e-01 8.013880252838134766e-01 6.908645629882812500e-01
5.812928676605224609e-01 6.954962015151977539e-01 7.286485433578491211e-01 7.053010463714599609e-01 6.822687387466430664e-01 6.595478057861328125e-01 6.593626737594604492e-01 7.053706645965576172e-01 7.549043893814086914e-01 8.058766126632690430e-01 9.353086948394775391e-01 1.106248140335083008e+00 nan 1.027247905731201172e+00 8.691143989562988281e-01 7.418216466903686523e-01
5.516654253005981445e-01 5.481740236282348633e-01 5.766456127166748047e-01 6.503999233245849609e-01 6.281092166900634766e-01 6.061196327209472656e-01 5.844271183013916016e-01 6.128615140914916992e-01 6.663035154342651367e-01 7.215166091918945312e-01 7.796218395233154297e-01 9.342838525772094727e-01 1.099151134490966797e+00 nan 1.009382247924804688e+00 7.952535152435302734e-01
5.166623592376708984e-01 5.161685943603515625e-01 5.102577209472656250e-01 5.090229511260986328e-01 5.756508111953735352e-01 5.543510913848876953e-01 5.333393812179565430e-01 5.443831682205200195e-01 5.722330808639526367e-01 6.243289709091186523e-01 6.784883737564086914e-01 7.433195114135742188e-01 8.363232612609863281e-01 1.022450447082519531e+00 nan 9.410343170166015625e-01
4.703512191772460938e-01 4.797589778900146484e-01 4.763677120208740234e-01 4.737658500671386719e-01 4.738738536834716797e-01 4.796202182769775391e-01 4.844096899032592773e-01 4.954897165298461914e-01 5.066524744033813477e-01 5.235745906829833984e-01 5.766267776489257812e-01 6.399115324020385742e-01 7.076467275619506836e-01 7.771178483963012695e-01 9.200242757797241211e-01 nan
