nan 9.686031341552734375e-01 9.391666650772094727e-01 9.101701974868774414e-01 8.816072940826416016e-01 8.597425222396850586e-01 8.489202260971069336e-01 8.356475830078125000e-01 8.224703073501586914e-01 8.093874454498291016e-01 7.963985204696655273e-01 7.835029363632202148e-01 7.662925720214843750e-01 7.870463132858276367e-01 7.916798591613769531e-01 7.950237989425659180e-01 0.000000000000000000e+00 0.000000000000000000e+00 0.000000000000000000e+00 0.000000000000000000e+00 0.000000000000000000e+00 0.000000000000000000e+00
9.142030477523803711e-01 nan 1.008722543716430664e+00 9.786860942840576172e-01 9.490987062454223633e-01 9.040198326110839844e-01 8.653955459594726562e-01 8.520046472549438477e-01 8.387098312377929688e-01 8.255103826522827148e-01 8.124058246612548828e-01 7.993953227996826172e-01 7.814228534698486328e-01 7.751809358596801758e-01 7.763844728469848633e-01 7.798024415969848633e-01 0.000000000000000000e+00 0.000000000000000000e+00 0.000000000000000000e+00 0.000000000000000000e+00 0.000000000000000000e+00 0.000000000000000000e+00
8.623306751251220703e-01 9.574351310729980469e-01 nan 1.049659490585327148e+00 1.015132427215576172e+00 9.668960571289062500e-01 9.179371595382690430e-01 8.701971769332885742e-01 8.550940752029418945e-01 8.417772054672241211e-01 8.285557031631469727e-01 8.139462471008300781e-01 7.996424436569213867e-01 7.839927673339843750e-01 7.612197399139404297e-01 7.647101879119873047e-01 0.000000000000000000e+00 0.000000000000000000e+00 0.000000000000000000e+00 0.000000000000000000e+00 0.000000000000000000e+00 0.000000000000000000e+00
8.199305534362792969e-01 9.043909311294555664e-01 1.001643419265747070e+00 nan 1.082471609115600586e+00 1.031848907470703125e+00 9.812731742858886719e-01 9.319566488265991211e-01 8.838673830032348633e-01 8.581888675689697266e-01 8.448495864868164062e-01 8.323371410369873047e-01 8.180484771728515625e-01 7.986545562744140625e-01 7.627732753753662109e-01 7.497458457946777344e-01 0.000000000000000000e+00 0.000000000000000000e+00 0.000000000000000000e+00 0.000000000000000000e+00 0.000000000000000000e+00 0.000000000000000000e+00
7.830884456634521484e-01 8.581978082656860352e-01 9.479432106018066406e-01 1.047285556793212891e+00 nan 1.099117517471313477e+00 1.046733617782592773e+00 9.957554340362548828e-01 9.460781812667846680e-01 8.976376056671142578e-01 8.640334606170654297e-01 8.510774374008178711e-01 8.366427421569824219e-01 8.134369850158691406e-01 7.772606611251831055e-01 7.418857812881469727e-01 0.000000000000000000e+00 0.000000000000000000e+00 0.000000000000000000e+00 0.000000000000000000e+00 0.000000000000000000e+00 0.000000000000000000e+00
7.445700168609619141e-01 8.180567026138305664e-01 8.991966247558593750e-01 9.953378438949584961e-01 1.078640699386596680e+00 nan 1.118830442428588867e+00 1.065954208374023438e+00 1.014397859573364258e+00 9.641278982162475586e-01 9.103440046310424805e-01 8.666654825210571289e-01 8.522287607192993164e-01 8.250733613967895508e-01 7.853069305419921875e-01 7.474905252456665039e-01 0.000000000000000000e+00 0.000000000000000000e+00 0.000000000000000000e+00 0.000000000000000000e+00 0.000000000000000000e+00 0.000000000000000000e+00
7.392470836639404297e-01 7.787828445434570312e-01 8.537106513977050781e-01 9.407995939254760742e-01 1.021055459976196289e+00 1.102695465087890625e+00 nan 1.146082639694213867e+00 1.085355281829833984e+00 1.026474952697753906e+00 9.672178030014038086e-01 9.166885614395141602e-01 8.666772842407226562e-01 8.332036733627319336e-01 7.898229360580444336e-01 7.520475387573242188e-01 0.000000000000000000e+00 0.000000000000000000e+00 0.000000000000000000e+00 0.000000000000000000e+00 0.000000000000000000e+00 0.000000000000000000e+00
7.374278306961059570e-01 7.763774394989013672e-01 8.162000179290771484e-01 8.877519369125366211e-01 9.650651216506958008e-01 1.044443607330322266e+00 1.132323265075683594e+00 nan 1.170993804931640625e+00 1.097690343856811523e+00 1.027385711669921875e+00 9.730838537216186523e-01 9.130201339721679688e-01 8.391540050506591797e-01 7.943503856658935547e-01 7.566164731979370117e-01 0.000000000000000000e+00 0.000000000000000000e+00 0.000000000000000000e+00 0.000000000000000000e+00 0.000000000000000000e+00 0.000000000000000000e+00
7.321031093597412109e-01 7.745193243026733398e-01 8.143002986907958984e-01 8.468405008316040039e-01 9.106261730194091797e-01 9.878056049346923828e-01 1.065941572189331055e+00 1.160175323486328125e+00 nan 1.184276103973388672e+00 1.110523939132690430e+00 1.040582656860351562e+00 9.625364542007446289e-01 8.873146772384643555e-01 8.142458200454711914e-01 7.779662609100341797e-01 0.000000000000000000e+00 0.000000000000000000e+00 0.000000000000000000e+00 0.000000000000000000e+00 0.000000000000000000e+00 0.000000000000000000e+00
7.245682477951049805e-01 7.726632356643676758e-01 8.111616373062133789e-01 8.412840366363525391e-01 8.659693002700805664e-01 9.311084747314453125e-01 9.980350732803344727e-01 1.078650236129760742e+00 1.179041147232055664e+00 nan 1.197232723236083984e+00 1.111537694931030273e+00 1.030777454376220703e+00 9.530385732650756836e-01 8.774251937866210938e-01 8.060592412948608398e-01 0.000000000000000000e+00 0.000000000000000000e+00 0.000000000000000000e+00 0.000000000000000000e+00 0.000000000000000000e+00 0.000000000000000000e+00
7.113969326019287109e-01 7.700650691986083984e-01 8.067462444305419922e-01 8.341668844223022461e-01 8.518035411834716797e-01 8.772234916687011719e-01 9.411021471023559570e-01 1.007154226303100586e+00 1.096804141998291016e+00 1.203104496002197266e+00 nan 1.190785408020019531e+00 1.101391553878784180e+00 1.021019697189331055e+00 9.428045749664306641e-01 8.663794994354248047e-01 0.000000000000000000e+00 0.000000000000000000e+00 0.000000000000000000e+00 0.000000000000000000e+00 0.000000000000000000e+00 0.000000000000000000e+00
7.185986042022705078e-01 7.561076879501342773e-01 7.965672016143798828e-01 8.182003498077392578e-01 8.356833457946777344e-01 8.533344268798828125e-01 8.869383335113525391e-01 9.511474370956420898e-01 1.025194168090820312e+00 1.107619047164916992e+00 1.215705633163452148e+00 nan 1.195281982421875000e+00 1.091294050216674805e+00 1.010460376739501953e+00 9.313408136367797852e-01 0.000000000000000000e+00 0.000000000000000000e+00 0.000000000000000000e+00 0.000000000000000000e+00 0.000000000000000000e+00 0.000000000000000000e+00
7.331235408782958984e-01 7.510739564895629883e-01 7.832965850830078125e-01 8.023725748062133789e-01 8.197034597396850586e-01 8.372007608413696289e-01 8.519372940063476562e-01 8.883907794952392578e-01 9.435070753097534180e-01 1.021428346633911133e+00 1.102473974227905273e+00 1.228688001632690430e+00 nan 1.199788093566894531e+00 1.090152502059936523e+00 9.985631704330444336e-01 0.000000000000000000e+00 0.000000000000000000e+00 0.000000000000000000e+00 0.000000000000000000e+00 0.000000000000000000e+00 0.000000000000000000e+00
7.470020055770874023e-01 7.653305530548095703e-01 7.700103521347045898e-01 7.866827249526977539e-01 8.002068996429443359e-01 8.124134540557861328e-01 8.247028589248657227e-01 8.332498073577880859e-01 8.640278577804565430e-01 9.387626647949218750e-01 1.016493797302246094e+00 1.111291408538818359e+00 1.241746425628662109e+00 nan 1.211726427078247070e+00 1.094025850296020508e+00 0.000000000000000000e+00 0.000000000000000000e+00 0.000000000000000000e+00 0.000000000000000000e+00 0.000000000000000000e+00 0.000000000000000000e+00
7.608761787414550781e-01 7.786244153976440430e-01 7.779222726821899414e-01 7.662720680236816406e-01 7.737331390380859375e-01 7.857601642608642578e-01 7.949616909027099609e-01 8.001576662063598633e-01 8.053686618804931641e-01 8.594774007797241211e-01 9.340298175811767578e-01 1.011571168899536133e+00 1.123661994934082031e+00 1.254881381988525391e+00 nan 1.215564250946044922e+00 0.000000000000000000e+00 0.000000000000000000e+00 0.000000000000000000e+00 0.000000000000000000e+00 0.000000000000000000e+00 0.000000000000000000e+00
7.748606204986572266e-01 7.881057262420654297e-01 7.794606685638427734e-01 7.678004503250122070e-01 7.562164068222045898e-01 7.574733495712280273e-01 7.625607252120971680e-01 7.676628828048706055e-01 7.727798223495483398e-01 7.993090152740478516e-01 8.549382686614990234e-01 9.293086528778076172e-01 1.011797904968261719e+00 1.136105298995971680e+00 1.273334026336669922e+00 nan 0.000000000000000000e+00 0.000000000000000000e+00 0.000000000000000000e+00 0.000000000000000000e+00 0.000000000000000000e+00 0.000000000000000000e+00
7.749518156051635742e-01 7.849264144897460938e-01 7.808262109756469727e-01 7.693300247192382812e-01 7.557017803192138672e-01 7.328395843505859375e-01 7.231361865997314453e-01 7.314317226409912109e-01 7.397673130035400391e-01 7.636698484420776367e-01 7.955415248870849609e-01 8.504099845886230469e-01 9.245988130569458008e-01 1.023585557937622070e+00 1.152451038360595703e+00 1.285390377044677734e+00 nan 0.000000000000000000e+00 0.000000000000000000e+00 0.000000000000000000e+00 0.000000000000000000e+00 0.000000000000000000e+00
6.007943153381347656e-01 7.280850410461425781e-01 7.517060041427612305e-01 7.468776702880859375e-01 7.305092811584472656e-01 7.142944335937500000e-01 6.982315778732299805e-01 6.888749599456787109e-01 6.970057487487792969e-01 7.195308208465576172e-01 7.539554834365844727e-01 7.890692949295043945e-01 8.458929061889648438e-01 9.199006557464599609e-01 1.037996053695678711e+00 1.163611412048339844e+00 0.000000000000000000e+00 nan 0.000000000000000000e+00 0.000000000000000000e+00 0.000000000000000000e+00 0.000000000000000000e+00
5.723913908004760742e-01 5.762047767639160156e-01 6.638255119323730469e-01 7.077468633651733398e-01 6.917452812194824219e-01 6.758936643600463867e-01 6.601905822753906250e-01 6.446344852447509766e-01 6.364195346832275391e-01 6.630997657775878906e-01 7.011212110519409180e-01 7.400118112564086914e-01 7.768491506576538086e-01 8.333743810653686523e-01 9.261779785156250000e-01 1.048321485519409180e+00 0.000000000000000000e+00 0.000000000000000000e+00 nan 0.000000000000000000e+00 0.000000000000000000e+00 0.000000000000000000e+00
5.538277626037597656e-01 5.569626092910766602e-01 5.544997453689575195e-01 5.829820632934570312e-01 6.538496017456054688e-01 6.383529901504516602e-01 6.230015754699707031e-01 6.077940464019775391e-01 5.927290916442871094e-01 5.977807044982910156e-01 6.343088150024414062e-01 6.716719865798950195e-01 7.098891735076904297e-01 7.489804029464721680e-01 8.035808801651000977e-01 9.140852689743041992e-01 0.000000000000000000e+00 0.000000000000000000e+00 0.000000000000000000e+00 nan 0.000000000000000000e+00 0.000000000000000000e+00
5.346462726593017578e-01 5.349372625350952148e-01 5.321801900863647461e-01 5.280393362045288086e-01 5.268994569778442383e-01 6.016530990600585938e-01 5.866457223892211914e-01 5.717788934707641602e-01 5.570513010025024414e-01 5.580561161041259766e-01 5.701204538345336914e-01 6.060161590576171875e-01 6.427325010299682617e-01 6.802881956100463867e-01 7.187025547027587891e-01 7.667971849441528320e-01 0.000000000000000000e+00 0.000000000000000000e+00 0.000000000000000000e+00 0.000000000000000000e+00 nan 0.000000000000000000e+00
5.055881738662719727e-01 5.120799541473388672e-01 5.101809501647949219e-01 5.060997009277343750e-01 5.038089752197265625e-01 5.036915540695190430e-01 5.263377428054809570e-01 5.365704298019409180e-01 5.221726894378662109e-01 5.247226953506469727e-01 5.323953628540039062e-01 5.429390668869018555e-01 5.782133340835571289e-01 6.142940521240234375e-01 6.511995792388916016e-01 6.939541101455688477e-01 0.000000000000000000e+00 0.000000000000000000e+00 0.000000000000000000e+00 0.000000000000000000e+00 0.000000000000000000e+00 nan
