nan 9.412255287170410156e-01 8.994370698928833008e-01 8.527882099151611328e-01 8.376802206039428711e-01 8.186556100845336914e-01 7.998279333114624023e-01 7.825589179992675781e-01 7.740095853805541992e-01 7.931859493255615234e-01 7.998876571655273438e-01 8.068861961364746094e-01 7.735228538513183594e-01 7.106597423553466797e-01 6.500250101089477539e-01 5.915392637252807617e-01
8.553588390350341797e-01 nan 9.986277818679809570e-01 9.428796768188476562e-01 8.736432790756225586e-01 8.421099185943603516e-01 8.230395317077636719e-01 8.126525878906250000e-01 8.017194271087646484e-01 7.825404405593872070e-01 7.772766351699829102e-01 7.813752889633178711e-01 7.617659568786621094e-01 7.039158344268798828e-01 6.435201168060302734e-01 5.852649211883544922e-01
8.022102117538452148e-01 9.127374887466430664e-01 nan 1.036480903625488281e+00 9.636676311492919922e-01 8.934577703475952148e-01 8.521374464035034180e-01 8.432544469833374023e-01 8.283969163894653320e-01 8.047634363174438477e-01 7.471590042114257812e-01 7.513338327407836914e-01 7.391819953918457031e-01 6.833537817001342773e-01 6.293176412582397461e-01 5.770158767700195312e-01
7.507973909378051758e-01 8.541370630264282227e-01 9.751185178756713867e-01 nan 1.062674045562744141e+00 9.887360334396362305e-01 9.236084222793579102e-01 8.729225397109985352e-01 8.520354032516479492e-01 8.145722150802612305e-01 7.528755664825439453e-01 7.201232910156250000e-01 7.184278964996337891e-01 6.631718873977661133e-01 6.096926927566528320e-01 5.579330921173095703e-01
7.481527328491210938e-01 8.050414323806762695e-01 9.011470079421997070e-01 1.010506868362426758e+00 nan 1.090711832046508789e+00 1.015301704406738281e+00 9.419082403182983398e-01 8.619862794876098633e-01 8.212058544158935547e-01 7.592837810516357422e-01 7.168265581130981445e-01 6.949392557144165039e-01 6.448671817779541016e-01 5.919765233993530273e-01 5.407866239547729492e-01
7.440456151962280273e-01 8.023148775100708008e-01 8.525643348693847656e-01 9.390295743942260742e-01 1.043429851531982422e+00 nan 1.112141132354736328e+00 1.012939214706420898e+00 9.125300645828247070e-01 8.278639316558837891e-01 7.732166051864624023e-01 7.259620428085327148e-01 6.851805448532104492e-01 6.267638206481933594e-01 5.744553804397583008e-01 5.238287448883056641e-01
7.331979274749755859e-01 7.995924949645996094e-01 8.436257839202880859e-01 8.727039098739624023e-01 9.615821838378906250e-01 1.064077854156494141e+00 nan 1.116675138473510742e+00 1.010856389999389648e+00 9.077957868576049805e-01 8.137750625610351562e-01 7.654917240142822266e-01 7.193197011947631836e-01 6.436820030212402344e-01 5.696758031845092773e-01 5.129359960556030273e-01
7.256754636764526367e-01 7.893197536468505859e-01 8.238167762756347656e-01 8.492020368576049805e-01 8.830131292343139648e-01 9.680719375610351562e-01 1.077845096588134766e+00 nan 1.114485263824462891e+00 1.004399061203002930e+00 8.933724164962768555e-01 8.059266805648803711e-01 7.586971521377563477e-01 6.945197582244873047e-01 5.905530452728271484e-01 5.248070955276489258e-01
7.467817068099975586e-01 7.641327381134033203e-01 8.009283542633056641e-01 8.259949684143066406e-01 8.445446491241455078e-01 8.638279438018798828e-01 9.618172645568847656e-01 1.076435565948486328e+00 nan 1.105844974517822266e+00 9.893437623977661133e-01 8.746583461761474609e-01 7.989766597747802734e-01 7.469298839569091797e-01 6.397476196289062500e-01 5.391412973403930664e-01
7.681462764739990234e-01 7.861641645431518555e-01 7.707664966583251953e-01 7.891582250595092773e-01 7.966440916061401367e-01 8.041611909866333008e-01 8.469935655593872070e-01 9.549033641815185547e-01 1.082613945007324219e+00 nan 1.121469259262084961e+00 9.696320295333862305e-01 8.554222583770751953e-01 7.920533418655395508e-01 6.904636621475219727e-01 5.867457389831542969e-01
7.887449264526367188e-01 7.898765802383422852e-01 7.729800939559936523e-01 7.403399944305419922e-01 7.439849376678466797e-01 7.561255693435668945e-01 7.841460704803466797e-01 8.404844999313354492e-01 9.480140209197998047e-01 1.100262641906738281e+00 nan 1.107100009918212891e+00 9.494212865829467773e-01 8.363837003707885742e-01 7.427481412887573242e-01 6.358225345611572266e-01
7.779346704483032227e-01 7.777452468872070312e-01 7.573664188385009766e-01 7.281154394149780273e-01 6.957056522369384766e-01 6.941201686859130859e-01 7.202956676483154297e-01 7.702628374099731445e-01 8.302930593490600586e-01 9.423507452011108398e-01 1.126150608062744141e+00 nan 1.088094949722290039e+00 9.294183254241943359e-01 7.966499328613281250e-01 6.864171028137207031e-01
5.718883275985717773e-01 6.809602975845336914e-01 7.007890939712524414e-01 6.778178215026855469e-01 6.551568508148193359e-01 6.328020095825195312e-01 6.472020149230957031e-01 7.018718719482421875e-01 7.528234720230102539e-01 8.113514184951782227e-01 9.581968784332275391e-01 1.122624158859252930e+00 nan 1.069262027740478516e+00 8.936256170272827148e-01 7.385766506195068359e-01
5.411491394042968750e-01 5.377161502838134766e-01 5.631223917007446289e-01 6.238015890121459961e-01 6.018700599670410156e-01 5.802348852157592773e-01 5.719225406646728516e-01 6.061713695526123047e-01 6.594794988632202148e-01 7.145569324493408203e-01 7.739077806472778320e-01 9.269096851348876953e-01 1.114551544189453125e+00 nan 1.049378395080566406e+00 8.206216096878051758e-01
5.063304901123046875e-01 5.059267282485961914e-01 5.000516176223754883e-01 4.988198280334472656e-01 5.502989292144775391e-01 5.293602943420410156e-01 5.235775709152221680e-01 5.346643924713134766e-01 5.661629438400268555e-01 6.181432008743286133e-01 6.731799840927124023e-01 7.392227649688720703e-01 8.401513099670410156e-01 1.014094591140747070e+00 nan 9.665713310241699219e-01
4.596902132034301758e-01 4.690128564834594727e-01 4.657138586044311523e-01 4.631255865097045898e-01 4.632160663604736328e-01 4.634975194931030273e-01 4.744045734405517578e-01 4.853928089141845703e-01 4.964630603790283203e-01 5.123225450515747070e-01 5.656909942626953125e-01 6.301829814910888672e-01 6.976060867309570312e-01 7.698351144790649414e-01 9.114911556243896484e-01 nan
