nan 1.025058507919311523e+00 9.947777986526489258e-01 9.649497270584106445e-01 9.355677366256713867e-01 8.990100622177124023e-01 8.879240751266479492e-01 8.743714094161987305e-01 8.609161376953125000e-01 8.475573062896728516e-01 8.308881521224975586e-01 8.095831871032714844e-01 7.885259389877319336e-01 7.890316247940063477e-01 7.894574403762817383e-01 7.976435422897338867e-01 0.000000000000000000e+00 0.000000000000000000e+00 0.000000000000000000e+00 0.000000000000000000e+00 0.000000000000000000e+00 0.000000000000000000e+00
9.478451013565063477e-01 nan 1.066328287124633789e+00 1.035430192947387695e+00 1.003254413604736328e+00 9.560399055480957031e-01 9.073513746261596680e-01 8.910733461380004883e-01 8.774982690811157227e-01 8.640203475952148438e-01 8.445914983749389648e-01 8.231270313262939453e-01 8.019123077392578125e-01 7.736876010894775391e-01 7.741810083389282227e-01 7.824000120162963867e-01 0.000000000000000000e+00 0.000000000000000000e+00 0.000000000000000000e+00 0.000000000000000000e+00 0.000000000000000000e+00 0.000000000000000000e+00
8.950610160827636719e-01 9.918370246887207031e-01 nan 1.108438968658447266e+00 1.070196151733398438e+00 1.020634174346923828e+00 9.703376293182373047e-01 9.212932586669921875e-01 8.942281007766723633e-01 8.802773952484130859e-01 8.583974838256835938e-01 8.367723226547241211e-01 8.153986930847167969e-01 7.868533134460449219e-01 7.590351104736328125e-01 7.648959159851074219e-01 0.000000000000000000e+00 0.000000000000000000e+00 0.000000000000000000e+00 0.000000000000000000e+00 0.000000000000000000e+00 0.000000000000000000e+00
8.437072038650512695e-01 9.378607273101806641e-01 1.036822557449340820e+00 nan 1.139375448226928711e+00 1.087361812591552734e+00 1.035404443740844727e+00 9.847402572631835938e-01 9.353373050689697266e-01 8.943505287170410156e-01 8.723069429397583008e-01 8.505198955535888672e-01 8.289864063262939453e-01 8.015387058258056641e-01 7.639309167861938477e-01 7.442364692687988281e-01 0.000000000000000000e+00 0.000000000000000000e+00 0.000000000000000000e+00 0.000000000000000000e+00 0.000000000000000000e+00 0.000000000000000000e+00
7.999885082244873047e-01 8.872356414794921875e-01 9.834820032119750977e-01 1.084636926651000977e+00 nan 1.157886981964111328e+00 1.104036092758178711e+00 1.051529407501220703e+00 1.000332832336425781e+00 9.431984424591064453e-01 8.869588375091552734e-01 8.649009466171264648e-01 8.431006669998168945e-01 8.150604963302612305e-01 7.721090316772460938e-01 7.407895326614379883e-01 0.000000000000000000e+00 0.000000000000000000e+00 0.000000000000000000e+00 0.000000000000000000e+00 0.000000000000000000e+00 0.000000000000000000e+00
7.615396976470947266e-01 8.400082588195800781e-01 9.338462352752685547e-01 1.029069900512695312e+00 1.113773107528686523e+00 nan 1.180408954620361328e+00 1.123795032501220703e+00 1.062955617904663086e+00 1.002631664276123047e+00 9.440717697143554688e-01 8.872243165969848633e-01 8.559556007385253906e-01 8.196517229080200195e-01 7.765916585922241211e-01 7.453290224075317383e-01 0.000000000000000000e+00 0.000000000000000000e+00 0.000000000000000000e+00 0.000000000000000000e+00 0.000000000000000000e+00 0.000000000000000000e+00
7.596971988677978516e-01 7.991459369659423828e-01 8.854523897171020508e-01 9.736096858978271484e-01 1.055214405059814453e+00 1.138234615325927734e+00 nan 1.204784870147705078e+00 1.130340576171875000e+00 1.063882589340209961e+00 1.003531694412231445e+00 9.449456930160522461e-01 8.633109331130981445e-01 8.242545127868652344e-01 7.810856103897094727e-01 7.498804330825805664e-01 0.000000000000000000e+00 0.000000000000000000e+00 0.000000000000000000e+00 0.000000000000000000e+00 0.000000000000000000e+00 0.000000000000000000e+00
7.526557445526123047e-01 7.972642183303833008e-01 8.449954986572265625e-01 9.196653366088867188e-01 9.982780218124389648e-01 1.071359395980834961e+00 1.155598878860473633e+00 nan 1.218274116516113281e+00 1.143373966217041016e+00 1.071002960205078125e+00 9.879605770111083984e-01 9.024447202682495117e-01 8.311123847961425781e-01 7.895313501358032227e-01 7.560280561447143555e-01 0.000000000000000000e+00 0.000000000000000000e+00 0.000000000000000000e+00 0.000000000000000000e+00 0.000000000000000000e+00 0.000000000000000000e+00
7.382700443267822266e-01 7.895255088806152344e-01 8.332796096801757812e-01 8.756241798400878906e-01 9.327249526977539062e-01 1.003274917602539062e+00 1.076400518417358398e+00 1.174424171447753906e+00 nan 1.231845617294311523e+00 1.144584178924560547e+00 1.053229331970214844e+00 9.685962200164794922e-01 8.933033943176269531e-01 8.201762437820434570e-01 7.837743759155273438e-01 0.000000000000000000e+00 0.000000000000000000e+00 0.000000000000000000e+00 0.000000000000000000e+00 0.000000000000000000e+00 0.000000000000000000e+00
7.233319282531738281e-01 7.798613309860229492e-01 8.198704719543457031e-01 8.519088029861450195e-01 8.741908073425292969e-01 9.374284744262695312e-01 1.008150100708007812e+00 1.092361450195312500e+00 1.193414449691772461e+00 nan 1.216226339340209961e+00 1.120530605316162109e+00 1.037048101425170898e+00 9.591370820999145508e-01 8.835619688034057617e-01 8.119591474533081055e-01 0.000000000000000000e+00 0.000000000000000000e+00 0.000000000000000000e+00 0.000000000000000000e+00 0.000000000000000000e+00 0.000000000000000000e+00
7.080292701721191406e-01 7.652523517608642578e-01 8.074706792831420898e-01 8.326915502548217773e-01 8.503139019012451172e-01 8.737463951110839844e-01 9.421435594558715820e-01 1.013395786285400391e+00 1.101064920425415039e+00 1.182932376861572266e+00 nan 1.191706180572509766e+00 1.107880115509033203e+00 1.027260065078735352e+00 9.491549730300903320e-01 8.709686994552612305e-01 0.000000000000000000e+00 0.000000000000000000e+00 0.000000000000000000e+00 0.000000000000000000e+00 0.000000000000000000e+00 0.000000000000000000e+00
7.224649190902709961e-01 7.507632970809936523e-01 7.944755554199218750e-01 8.167377710342407227e-01 8.342065811157226562e-01 8.518435955047607422e-01 8.761377334594726562e-01 9.311604499816894531e-01 1.000831127166748047e+00 1.081050872802734375e+00 1.164486885070800781e+00 nan 1.185181617736816406e+00 1.097751617431640625e+00 1.017032146453857422e+00 9.360898733139038086e-01 0.000000000000000000e+00 0.000000000000000000e+00 0.000000000000000000e+00 0.000000000000000000e+00 0.000000000000000000e+00 0.000000000000000000e+00
7.370225191116333008e-01 7.547465562820434570e-01 7.755299806594848633e-01 8.006070852279663086e-01 8.128162622451782227e-01 8.251082897186279297e-01 8.363534212112426758e-01 8.554402589797973633e-01 9.190076589584350586e-01 9.959467649459838867e-01 1.075970649719238281e+00 1.175320863723754883e+00 nan 1.189667224884033203e+00 1.087273359298706055e+00 1.003477573394775391e+00 0.000000000000000000e+00 0.000000000000000000e+00 0.000000000000000000e+00 0.000000000000000000e+00 0.000000000000000000e+00 0.000000000000000000e+00
7.510166168212890625e-01 7.684047222137451172e-01 7.673354148864746094e-01 7.679299116134643555e-01 7.861571311950683594e-01 7.980004549026489258e-01 8.032052516937255859e-01 8.084249496459960938e-01 8.405303955078125000e-01 9.143230915069580078e-01 9.910744428634643555e-01 1.070902824401855469e+00 1.188066482543945312e+00 nan 1.197393894195556641e+00 1.073210716247558594e+00 0.000000000000000000e+00 0.000000000000000000e+00 0.000000000000000000e+00 0.000000000000000000e+00 0.000000000000000000e+00 0.000000000000000000e+00
7.649226188659667969e-01 7.769436836242675781e-01 7.688647508621215820e-01 7.572739124298095703e-01 7.547165155410766602e-01 7.641332149505615234e-01 7.706555128097534180e-01 7.757810354232788086e-01 7.913082838058471680e-01 8.360373973846435547e-01 9.096499681472778320e-01 9.862138032913208008e-01 1.072809696197509766e+00 1.200886964797973633e+00 nan 1.189085006713867188e+00 0.000000000000000000e+00 0.000000000000000000e+00 0.000000000000000000e+00 0.000000000000000000e+00 0.000000000000000000e+00 0.000000000000000000e+00
7.789391279220581055e-01 7.788943052291870117e-01 7.703952789306640625e-01 7.587944269180297852e-01 7.381920814514160156e-01 7.207727432250976562e-01 7.290570735931396484e-01 7.373811006546020508e-01 7.527868747711181641e-01 7.875574827194213867e-01 8.315553665161132812e-01 9.049881696701049805e-01 9.813652038574218750e-01 1.084954977035522461e+00 1.214708089828491211e+00 nan 0.000000000000000000e+00 0.000000000000000000e+00 0.000000000000000000e+00 0.000000000000000000e+00 0.000000000000000000e+00 0.000000000000000000e+00
7.643769979476928711e-01 7.672853469848632812e-01 7.646545171737670898e-01 7.520983219146728516e-01 7.297302484512329102e-01 7.072062492370605469e-01 6.865588426589965820e-01 6.946783065795898438e-01 7.066477537155151367e-01 7.408145666122436523e-01 7.756652832031250000e-01 8.222181797027587891e-01 8.989042043685913086e-01 9.765284061431884766e-01 1.097171068191528320e+00 1.214193105697631836e+00 nan 0.000000000000000000e+00 0.000000000000000000e+00 0.000000000000000000e+00 0.000000000000000000e+00 0.000000000000000000e+00
5.874751806259155273e-01 7.136620283126831055e-01 7.280930280685424805e-01 7.128505706787109375e-01 6.968011856079101562e-01 6.809023618698120117e-01 6.651521921157836914e-01 6.495497226715087891e-01 6.617231369018554688e-01 6.949905157089233398e-01 7.289239168167114258e-01 7.635365724563598633e-01 8.091365098953247070e-01 8.851939439773559570e-01 9.797030687332153320e-01 1.096377849578857422e+00 0.000000000000000000e+00 nan 0.000000000000000000e+00 0.000000000000000000e+00 0.000000000000000000e+00 0.000000000000000000e+00
5.605777502059936523e-01 5.624314546585083008e-01 6.345380544662475586e-01 6.744821071624755859e-01 6.587922573089599609e-01 6.432493925094604492e-01 6.278520822525024414e-01 6.125991344451904297e-01 5.997428894042968750e-01 6.333959102630615234e-01 6.706770658493041992e-01 7.088091373443603516e-01 7.478114366531372070e-01 7.957481145858764648e-01 8.712425231933593750e-01 9.746316671371459961e-01 0.000000000000000000e+00 0.000000000000000000e+00 nan 0.000000000000000000e+00 0.000000000000000000e+00 0.000000000000000000e+00
5.407813787460327148e-01 5.395252704620361328e-01 5.362433195114135742e-01 5.545527935028076172e-01 6.216214895248413086e-01 6.064136028289794922e-01 5.913482904434204102e-01 5.764243602752685547e-01 5.655729770660400391e-01 5.734637975692749023e-01 6.047987937927246094e-01 6.414271593093872070e-01 6.788916587829589844e-01 7.172111272811889648e-01 7.564053535461425781e-01 8.391345739364624023e-01 0.000000000000000000e+00 0.000000000000000000e+00 0.000000000000000000e+00 nan 0.000000000000000000e+00 0.000000000000000000e+00
5.175051689147949219e-01 5.169841051101684570e-01 5.142270326614379883e-01 5.101467370986938477e-01 5.088431835174560547e-01 5.703713893890380859e-01 5.556441545486450195e-01 5.410549640655517578e-01 5.321329832077026367e-01 5.398551225662231445e-01 5.476162433624267578e-01 5.767022371292114258e-01 6.126894950866699219e-01 6.494979858398437500e-01 6.871466636657714844e-01 7.307583093643188477e-01 0.000000000000000000e+00 0.000000000000000000e+00 0.000000000000000000e+00 0.000000000000000000e+00 nan 0.000000000000000000e+00
4.868915081024169922e-01 4.934713840484619141e-01 4.922245740890502930e-01 4.883835315704345703e-01 4.860783815383911133e-01 4.859740734100341797e-01 4.987918138504028320e-01 5.064791440963745117e-01 4.994071722030639648e-01 5.069644451141357422e-01 5.145597457885742188e-01 5.221933126449584961e-01 5.490977764129638672e-01 5.844548940658569336e-01 6.206189393997192383e-01 6.620801687240600586e-01 0.000000000000000000e+00 0.000000000000000000e+00 0.000000000000000000e+00 0.000000000000000000e+00 0.000000000000000000e+00 nan
