nan 8.634355068206787109e-01 8.174996376037597656e-01 8.092905282974243164e-01 8.045114278793334961e-01 7.958568334579467773e-01 7.872438430786132812e-01 7.786720991134643555e-01 7.701414823532104492e-01 8.053903579711914062e-01 8.283387422561645508e-01 8.278464078903198242e-01 8.116487264633178711e-01 7.534942626953125000e-01 6.970826387405395508e-01 6.369290351867675781e-01
8.299797773361206055e-01 nan 9.154571294784545898e-01 8.618800640106201172e-01 8.349758386611938477e-01 8.261750936508178711e-01 8.174166679382324219e-01 8.087003231048583984e-01 8.000255823135375977e-01 7.804073095321655273e-01 7.973555326461791992e-01 7.970212697982788086e-01 7.884253263473510742e-01 7.310163974761962891e-01 6.754502058029174805e-01 6.214958429336547852e-01
7.772222757339477539e-01 8.845930099487304688e-01 nan 9.581989049911499023e-01 8.987857103347778320e-01 8.570053577423095703e-01 8.480989933013916016e-01 8.392353057861328125e-01 8.254743814468383789e-01 7.884280681610107422e-01 7.668879032135009766e-01 7.666648626327514648e-01 7.649635076522827148e-01 7.080751657485961914e-01 6.530205011367797852e-01 5.997403860092163086e-01
7.571893930435180664e-01 8.265433311462402344e-01 9.387106895446777344e-01 nan 9.938702583312988281e-01 9.335225820541381836e-01 8.810422420501708984e-01 8.707122802734375000e-01 8.333510160446166992e-01 7.961478233337402344e-01 7.611190080642700195e-01 7.347760200500488281e-01 7.419213056564331055e-01 6.867874860763549805e-01 6.323268413543701172e-01 5.796245336532592773e-01
7.540471553802490234e-01 8.105170726776123047e-01 8.747025728225708008e-01 9.757167100906372070e-01 nan 1.027776002883911133e+00 9.644784927368164062e-01 8.772782087326049805e-01 8.391836881637573242e-01 8.018622398376464844e-01 7.665207386016845703e-01 7.184070348739624023e-01 7.091590166091918945e-01 6.672123670578002930e-01 6.133836507797241211e-01 5.612930059432983398e-01
7.461876869201660156e-01 8.063230514526367188e-01 8.582063913345336914e-01 9.096299409866333008e-01 1.009608030319213867e+00 nan 1.027556657791137695e+00 9.286893606185913086e-01 8.450349569320678711e-01 8.075947761535644531e-01 7.719389200210571289e-01 7.242096662521362305e-01 6.859246492385864258e-01 6.478643417358398438e-01 5.946604013442993164e-01 5.431741476058959961e-01
7.319468259811401367e-01 8.021388053894042969e-01 8.485608100891113281e-01 8.756625652313232422e-01 9.282691478729248047e-01 1.000240087509155273e+00 nan 1.015818834304809570e+00 9.148980379104614258e-01 8.338556289672851562e-01 7.997719049453735352e-01 7.513700723648071289e-01 7.054576873779296875e-01 6.371200084686279297e-01 5.761542320251464844e-01 5.252655744552612305e-01
7.376040220260620117e-01 7.902036905288696289e-01 8.261208534240722656e-01 8.513687849044799805e-01 8.634606599807739258e-01 8.978066444396972656e-01 9.997518062591552734e-01 nan 1.012908458709716797e+00 9.121336936950683594e-01 8.400501012802124023e-01 7.909685373306274414e-01 7.440179586410522461e-01 6.864249706268310547e-01 5.876103639602661133e-01 5.300498008728027344e-01
7.587332725524902344e-01 7.774590253829956055e-01 8.024686574935913086e-01 8.162541389465332031e-01 8.245122432708740234e-01 8.328077793121337891e-01 8.926419019699096680e-01 1.003975152969360352e+00 nan 1.010002613067626953e+00 9.132827520370483398e-01 8.314621448516845703e-01 7.834502458572387695e-01 7.366967201232910156e-01 6.303403377532958984e-01 5.412821769714355469e-01
7.801194190979003906e-01 7.999314069747924805e-01 7.778639793395996094e-01 7.716004848480224609e-01 7.837971448898315430e-01 7.914022207260131836e-01 8.203108310699462891e-01 8.916655778884887695e-01 1.002042531967163086e+00 nan 1.009231328964233398e+00 8.970032930374145508e-01 8.237738609313964844e-01 7.759634256362915039e-01 6.794413328170776367e-01 5.761208534240722656e-01
8.005727529525756836e-01 7.989847660064697266e-01 7.652819156646728516e-01 7.321542501449584961e-01 7.202302217483520508e-01 7.320731878280639648e-01 7.605390548706054688e-01 8.115793466567993164e-01 8.842657804489135742e-01 1.014512300491333008e+00 nan 9.924758672714233398e-01 8.768074512481689453e-01 8.161178827285766602e-01 7.300211191177368164e-01 6.235890388488769531e-01
7.844426631927490234e-01 7.707084417343139648e-01 7.478214502334594727e-01 7.198956012725830078e-01 6.876196861267089844e-01 6.703494787216186523e-01 6.935937404632568359e-01 7.426931858062744141e-01 7.932161092758178711e-01 8.666635751724243164e-01 1.026542901992797852e+00 nan 9.712637662887573242e-01 8.571802377700805664e-01 7.821242809295654297e-01 6.724867820739746094e-01
5.625095367431640625e-01 6.738717555999755859e-01 6.914612054824829102e-01 6.685960292816162109e-01 6.460399627685546875e-01 6.237887144088745117e-01 6.204099655151367188e-01 6.741021871566772461e-01 7.250280380249023438e-01 7.750389575958251953e-01 8.566143512725830078e-01 1.028556823730468750e+00 nan 9.529207944869995117e-01 8.357967138290405273e-01 7.228571176528930664e-01
5.305066108703613281e-01 5.272620916366577148e-01 5.564619302749633789e-01 6.147905588150024414e-01 5.929617881774902344e-01 5.714280605316162109e-01 5.613964796066284180e-01 5.795912742614746094e-01 6.319309473037719727e-01 6.860051155090332031e-01 7.418707609176635742e-01 8.291361331939697266e-01 1.010426521301269531e+00 nan 9.355945587158203125e-01 7.747443914413452148e-01
4.960412979125976562e-01 4.957654476165771484e-01 4.899468421936035156e-01 4.886786937713623047e-01 5.415952205657958984e-01 5.207558870315551758e-01 5.134526491165161133e-01 5.244832038879394531e-01 5.398011207580566406e-01 5.908223390579223633e-01 6.435341835021972656e-01 7.045309543609619141e-01 7.720435857772827148e-01 8.992847204208374023e-01 nan 8.574804067611694336e-01
4.499324560165405273e-01 4.592096805572509766e-01 4.560542106628417969e-01 4.534392356872558594e-01 4.535458087921142578e-01 4.539685249328613281e-01 4.648213386535644531e-01 4.757552146911621094e-01 4.867706298828125000e-01 4.978682994842529297e-01 5.395722389221191406e-01 5.987176895141601562e-01 6.647515296936035156e-01 7.335126399993896484e-01 8.087468147277832031e-01 nan
