nan 9.091931581497192383e-01 8.806449174880981445e-01 8.525234460830688477e-01 8.248226642608642578e-01 8.263770341873168945e-01 8.156743049621582031e-01 8.026401996612548828e-01 7.896997928619384766e-01 7.831413745880126953e-01 7.772164344787597656e-01 7.713110446929931641e-01 7.689791917800903320e-01 7.936887741088867188e-01 8.120849132537841797e-01 8.125890493392944336e-01 0.000000000000000000e+00 0.000000000000000000e+00 0.000000000000000000e+00 0.000000000000000000e+00 0.000000000000000000e+00 0.000000000000000000e+00
8.600842952728271484e-01 nan 9.481015205383300781e-01 9.189714193344116211e-01 8.902770280838012695e-01 8.471288681030273438e-01 8.318531513214111328e-01 8.187030553817749023e-01 8.099426031112670898e-01 8.039286136627197266e-01 7.979345321655273438e-01 7.919603586196899414e-01 7.860059738159179688e-01 7.817794084548950195e-01 7.966153621673583984e-01 7.971152067184448242e-01 0.000000000000000000e+00 0.000000000000000000e+00 0.000000000000000000e+00 0.000000000000000000e+00 0.000000000000000000e+00 0.000000000000000000e+00
8.227922916412353516e-01 8.983618021011352539e-01 nan 9.878028631210327148e-01 9.549379348754882812e-01 9.081264734268188477e-01 8.606305122375488281e-01 8.371467590332031250e-01 8.310422897338867188e-01 8.249580860137939453e-01 8.188941478729248047e-01 8.128503561019897461e-01 8.048272132873535156e-01 7.912319898605346680e-01 7.812778949737548828e-01 7.795361280441284180e-01 0.000000000000000000e+00 0.000000000000000000e+00 0.000000000000000000e+00 0.000000000000000000e+00 0.000000000000000000e+00 0.000000000000000000e+00
7.862478494644165039e-01 8.605458736419677734e-01 9.388155937194824219e-01 nan 1.020265579223632812e+00 9.711387157440185547e-01 9.221926927566528320e-01 8.816260099411010742e-01 8.523880243301391602e-01 8.462328910827636719e-01 8.400981426239013672e-01 8.339838981628417969e-01 8.232861757278442383e-01 8.094092607498168945e-01 7.792558670043945312e-01 7.586039304733276367e-01 0.000000000000000000e+00 0.000000000000000000e+00 0.000000000000000000e+00 0.000000000000000000e+00 0.000000000000000000e+00 0.000000000000000000e+00
7.489113807678222656e-01 8.220461606979370117e-01 8.987965583801269531e-01 9.787796735763549805e-01 nan 1.037688732147216797e+00 9.900318384170532227e-01 9.481363296508789062e-01 9.071227312088012695e-01 8.681457042694091797e-01 8.618820905685424805e-01 8.556394577026367188e-01 8.414680957794189453e-01 8.262885808944702148e-01 7.875498533248901367e-01 7.452495098114013672e-01 0.000000000000000000e+00 0.000000000000000000e+00 0.000000000000000000e+00 0.000000000000000000e+00 0.000000000000000000e+00 0.000000000000000000e+00
7.409464120864868164e-01 7.826861143112182617e-01 8.577785491943359375e-01 9.359774589538574219e-01 1.005693435668945312e+00 nan 1.057808399200439453e+00 1.014485836029052734e+00 9.720755815505981445e-01 9.305580854415893555e-01 8.899145126342773438e-01 8.708753585815429688e-01 8.564059734344482422e-01 8.306812047958374023e-01 7.920715808868408203e-01 7.496641874313354492e-01 0.000000000000000000e+00 0.000000000000000000e+00 0.000000000000000000e+00 0.000000000000000000e+00 0.000000000000000000e+00 0.000000000000000000e+00
7.389498949050903320e-01 7.779337167739868164e-01 8.177912235260009766e-01 8.909873962402343750e-01 9.601422548294067383e-01 1.034452915191650391e+00 nan 1.083095312118530273e+00 1.039240598678588867e+00 9.961587190628051758e-01 9.455438852310180664e-01 8.962128162384033203e-01 8.612872362136840820e-01 8.351727724075317383e-01 7.966046333312988281e-01 7.540899515151977539e-01 0.000000000000000000e+00 0.000000000000000000e+00 0.000000000000000000e+00 0.000000000000000000e+00 0.000000000000000000e+00 0.000000000000000000e+00
7.364987134933471680e-01 7.760740518569946289e-01 8.158898353576660156e-01 8.513830900192260742e-01 9.156253337860107422e-01 9.882483482360839844e-01 1.063624382019042969e+00 nan 1.108515262603759766e+00 1.054892301559448242e+00 1.002788305282592773e+00 9.393205642700195312e-01 8.734786510467529297e-01 8.397318124771118164e-01 8.011492490768432617e-01 7.585270404815673828e-01 0.000000000000000000e+00 0.000000000000000000e+00 0.000000000000000000e+00 0.000000000000000000e+00 0.000000000000000000e+00 0.000000000000000000e+00
7.290139198303222656e-01 7.742162942886352539e-01 8.139905929565429688e-01 8.468695878982543945e-01 8.723440170288085938e-01 9.430930614471435547e-01 1.011897087097167969e+00 1.080358266830444336e+00 nan 1.127505064010620117e+00 1.057363748550415039e+00 9.855974912643432617e-01 9.163343906402587891e-01 8.494874238967895508e-01 8.105113506317138672e-01 7.736660242080688477e-01 0.000000000000000000e+00 0.000000000000000000e+00 0.000000000000000000e+00 0.000000000000000000e+00 0.000000000000000000e+00 0.000000000000000000e+00
7.211794853210449219e-01 7.723604440689086914e-01 8.111902475357055664e-01 8.412741422653198242e-01 8.655029535293579102e-01 8.913971185684204102e-01 9.557578563690185547e-01 1.022308826446533203e+00 1.103617668151855469e+00 nan 1.130196809768676758e+00 1.055890083312988281e+00 9.841747283935546875e-01 9.149614572525024414e-01 8.420522212982177734e-01 8.016543388366699219e-01 0.000000000000000000e+00 0.000000000000000000e+00 0.000000000000000000e+00 0.000000000000000000e+00 0.000000000000000000e+00 0.000000000000000000e+00
7.173861265182495117e-01 7.649921178817749023e-01 8.064852952957153320e-01 8.316509723663330078e-01 8.492634296417236328e-01 8.670451641082763672e-01 9.011852741241455078e-01 9.658792018890380859e-01 1.030701637268066406e+00 1.112780809402465820e+00 nan 1.128670692443847656e+00 1.054416894912719727e+00 9.825118780136108398e-01 9.061996936798095703e-01 8.323997259140014648e-01 0.000000000000000000e+00 0.000000000000000000e+00 0.000000000000000000e+00 0.000000000000000000e+00 0.000000000000000000e+00 0.000000000000000000e+00
7.319008111953735352e-01 7.505050897598266602e-01 7.941768169403076172e-01 8.157062530517578125e-01 8.331652879714965820e-01 8.507921695709228516e-01 8.685885667800903320e-01 9.067355394363403320e-01 9.552180767059326172e-01 1.034246206283569336e+00 1.116468906402587891e+00 nan 1.127145528793334961e+00 1.051447629928588867e+00 9.725810289382934570e-01 8.962110280990600586e-01 0.000000000000000000e+00 0.000000000000000000e+00 0.000000000000000000e+00 0.000000000000000000e+00 0.000000000000000000e+00 0.000000000000000000e+00
7.465381622314453125e-01 7.648694515228271484e-01 7.781715393066406250e-01 7.999002933502197266e-01 8.172073364257812500e-01 8.346806764602661133e-01 8.476568460464477539e-01 8.530052900314331055e-01 8.806275129318237305e-01 9.535154104232788086e-01 1.031838178634643555e+00 1.129113435745239258e+00 nan 1.132930755615234375e+00 1.041274070739746094e+00 9.622257947921752930e-01 0.000000000000000000e+00 0.000000000000000000e+00 0.000000000000000000e+00 0.000000000000000000e+00 0.000000000000000000e+00 0.000000000000000000e+00
7.606014013290405273e-01 7.792121171951293945e-01 7.841031551361083984e-01 7.816072702407836914e-01 7.969701290130615234e-01 8.090678453445434570e-01 8.143045902252197266e-01 8.195565938949584961e-01 8.248237371444702148e-01 8.736269474029541016e-01 9.487466812133789062e-01 1.026878118515014648e+00 1.141588449478149414e+00 nan 1.139650106430053711e+00 1.035113811492919922e+00 0.000000000000000000e+00 0.000000000000000000e+00 0.000000000000000000e+00 0.000000000000000000e+00 0.000000000000000000e+00 0.000000000000000000e+00
7.745835781097412109e-01 7.926102876663208008e-01 7.913130521774291992e-01 7.795749902725219727e-01 7.689216136932373047e-01 7.764121294021606445e-01 7.815544605255126953e-01 7.867116928100585938e-01 7.918838262557983398e-01 8.154114484786987305e-01 8.690532445907592773e-01 9.439893960952758789e-01 1.028779983520507812e+00 1.154136657714843750e+00 nan 1.153232812881469727e+00 0.000000000000000000e+00 0.000000000000000000e+00 0.000000000000000000e+00 0.000000000000000000e+00 0.000000000000000000e+00 0.000000000000000000e+00
7.886768579483032227e-01 8.015196323394775391e-01 7.928631305694580078e-01 7.811149358749389648e-01 7.605512142181396484e-01 7.376258373260498047e-01 7.433589696884155273e-01 7.517518997192382812e-01 7.595382928848266602e-01 7.794535160064697266e-01 8.116103410720825195e-01 8.644906282424926758e-01 9.392439126968383789e-01 1.040667295455932617e+00 1.166846752166748047e+00 nan 0.000000000000000000e+00 0.000000000000000000e+00 0.000000000000000000e+00 0.000000000000000000e+00 0.000000000000000000e+00 0.000000000000000000e+00
7.802103757858276367e-01 7.947995662689208984e-01 7.921146154403686523e-01 7.750951051712036133e-01 7.519804239273071289e-01 7.291668653488159180e-01 7.066502571105957031e-01 7.086958885192871094e-01 7.169220447540283203e-01 7.365670204162597656e-01 7.713327407836914062e-01 8.067945241928100586e-01 8.599390983581542969e-01 9.345099925994873047e-01 1.052623748779296875e+00 1.188369750976562500e+00 nan 0.000000000000000000e+00 0.000000000000000000e+00 0.000000000000000000e+00 0.000000000000000000e+00 0.000000000000000000e+00
5.989557504653930664e-01 7.260454893112182617e-01 7.552832365036010742e-01 7.397660017013549805e-01 7.234644889831542969e-01 7.073155641555786133e-01 6.913180351257324219e-01 6.754704713821411133e-01 6.747219562530517578e-01 6.908547878265380859e-01 7.247053384780883789e-01 7.592335939407348633e-01 7.944531440734863281e-01 8.490796089172363281e-01 9.415881633758544922e-01 1.071760654449462891e+00 0.000000000000000000e+00 nan 0.000000000000000000e+00 0.000000000000000000e+00 0.000000000000000000e+00 0.000000000000000000e+00
5.682635307312011719e-01 5.702346563339233398e-01 6.466302871704101562e-01 7.007944583892822266e-01 6.848580837249755859e-01 6.690709590911865234e-01 6.534318923950195312e-01 6.379392147064208984e-01 6.225917339324951172e-01 6.329548358917236328e-01 6.702870130538940430e-01 7.084726095199584961e-01 7.472172975540161133e-01 7.821961641311645508e-01 8.358104228973388672e-01 9.553821086883544922e-01 0.000000000000000000e+00 0.000000000000000000e+00 nan 0.000000000000000000e+00 0.000000000000000000e+00 0.000000000000000000e+00
5.484838485717773438e-01 5.472140312194824219e-01 5.439195632934570312e-01 5.660358667373657227e-01 6.471166610717773438e-01 6.316832304000854492e-01 6.163944005966186523e-01 6.012487411499023438e-01 5.862450599670410156e-01 5.804307460784912109e-01 6.046856641769409180e-01 6.413716077804565430e-01 6.788960695266723633e-01 7.172787189483642578e-01 7.565386295318603516e-01 8.134254217147827148e-01 0.000000000000000000e+00 0.000000000000000000e+00 0.000000000000000000e+00 nan 0.000000000000000000e+00 0.000000000000000000e+00
5.255925655364990234e-01 5.245307683944702148e-01 5.217518806457519531e-01 5.176392793655395508e-01 5.163775682449340820e-01 5.891823768615722656e-01 5.801864862442016602e-01 5.653800964355468750e-01 5.507125854492187500e-01 5.466185808181762695e-01 5.544013977050781250e-01 5.769058465957641602e-01 6.129566431045532227e-01 6.497734785079956055e-01 6.874284744262695312e-01 7.284286022186279297e-01 0.000000000000000000e+00 0.000000000000000000e+00 0.000000000000000000e+00 0.000000000000000000e+00 nan 0.000000000000000000e+00
4.953299760818481445e-01 5.018631219863891602e-01 4.999024868011474609e-01 4.958488941192626953e-01 4.934462308883666992e-01 4.933296442031860352e-01 5.099979639053344727e-01 5.303150415420532227e-01 5.159707069396972656e-01 5.135469436645507812e-01 5.211753845214843750e-01 5.288423299789428711e-01 5.493564605712890625e-01 5.847194194793701172e-01 6.208896636962890625e-01 6.598429679870605469e-01 0.000000000000000000e+00 0.000000000000000000e+00 0.000000000000000000e+00 0.000000000000000000e+00 0.000000000000000000e+00 nan
