nan 8.529694080352783203e-01 8.069511651992797852e-01 8.108632564544677734e-01 8.063578605651855469e-01 7.973685264587402344e-01 7.884240150451660156e-01 7.795238494873046875e-01 7.782232761383056641e-01 8.117969036102294922e-01 8.325366973876953125e-01 8.371800184249877930e-01 8.284736871719360352e-01 7.695384025573730469e-01 7.125025987625122070e-01 6.537375450134277344e-01
8.404642343521118164e-01 nan 9.027435779571533203e-01 8.488843441009521484e-01 8.353707790374755859e-01 8.262370824813842773e-01 8.171488046646118164e-01 8.081058263778686523e-01 7.991076707839965820e-01 7.845577001571655273e-01 8.005220890045166016e-01 8.060088157653808594e-01 8.039413690567016602e-01 7.457966804504394531e-01 6.895260810852050781e-01 6.350692510604858398e-01
7.858778238296508789e-01 8.926148414611816406e-01 nan 9.425399303436279297e-01 8.832471370697021484e-01 8.555691242218017578e-01 8.463349342346191406e-01 8.371467590332031250e-01 8.193243741989135742e-01 7.822397947311401367e-01 7.690668106079101562e-01 7.753666639328002930e-01 7.797379493713378906e-01 7.223736047744750977e-01 6.668579578399658203e-01 6.131317615509033203e-01
7.630127668380737305e-01 8.333413600921630859e-01 9.455600976943969727e-01 nan 9.765008687973022461e-01 9.163179397583007812e-01 8.776352405548095703e-01 8.654158115386962891e-01 8.275620937347412109e-01 7.904764413833618164e-01 7.549902200698852539e-01 7.437242269515991211e-01 7.509062290191650391e-01 7.005224227905273438e-01 6.456183195114135742e-01 5.924867391586303711e-01
7.584120035171508789e-01 8.140100240707397461e-01 8.798580169677734375e-01 9.807819128036499023e-01 nan 1.009613990783691406e+00 9.454232454299926758e-01 8.713506460189819336e-01 8.333764076232910156e-01 7.961728572845458984e-01 7.603731155395507812e-01 7.200244665145874023e-01 7.179751396179199219e-01 6.807878017425537109e-01 6.265208721160888672e-01 5.740058422088623047e-01
7.517000436782836914e-01 8.098078966140747070e-01 8.615486621856689453e-01 9.145256280899047852e-01 1.012547254562377930e+00 nan 1.005677700042724609e+00 9.078773260116577148e-01 8.392091989517211914e-01 8.018871545791625977e-01 7.657723426818847656e-01 7.258324623107910156e-01 6.875114440917968750e-01 6.612823009490966797e-01 6.076450347900390625e-01 5.557395219802856445e-01
7.345533370971679688e-01 8.052675724029541016e-01 8.519960641860961914e-01 8.776017427444458008e-01 9.299615621566772461e-01 9.995881319046020508e-01 nan 9.903646707534790039e-01 8.907185792922973633e-01 8.246716260910034180e-01 7.868813276290893555e-01 7.440224885940551758e-01 6.983027458190917969e-01 6.420030593872070312e-01 5.889883041381835938e-01 5.376852750778198242e-01
7.392828464508056641e-01 7.908803224563598633e-01 8.280087709426879883e-01 8.532828092575073242e-01 8.629924058914184570e-01 8.971880674362182617e-01 1.002418518066406250e+00 nan 9.874914884567260742e-01 8.879889249801635742e-01 8.268709182739257812e-01 7.834548950195312500e-01 7.367013692855834961e-01 6.843361854553222656e-01 5.923242568969726562e-01 5.345928668975830078e-01
7.604326009750366211e-01 7.791374921798706055e-01 8.043322563171386719e-01 8.157978057861328125e-01 8.240537643432617188e-01 8.323472738265991211e-01 8.951656818389892578e-01 1.006647348403930664e+00 nan 9.846221208572387695e-01 8.852634429931640625e-01 8.237785100936889648e-01 7.759679555892944336e-01 7.294106483459472656e-01 6.283209323883056641e-01 5.458583831787109375e-01
7.818394899368286133e-01 8.016310930252075195e-01 7.755346298217773438e-01 7.699035406112670898e-01 7.817667722702026367e-01 7.890646457672119141e-01 8.209530115127563477e-01 8.921918869018554688e-01 1.003161191940307617e+00 nan 9.817571640014648438e-01 8.716337680816650391e-01 8.161225318908691406e-01 7.685126066207885742e-01 6.773611307144165039e-01 5.741686820983886719e-01
8.022949695587158203e-01 7.965916395187377930e-01 7.629690170288085938e-01 7.298847436904907227e-01 7.185823917388916016e-01 7.304141521453857422e-01 7.617721557617187500e-01 8.128482103347778320e-01 8.847899436950683594e-01 1.010989189147949219e+00 nan 9.658297300338745117e-01 8.571848869323730469e-01 8.084987401962280273e-01 7.278783321380615234e-01 6.215779781341552734e-01
7.865797281265258789e-01 7.715969085693359375e-01 7.487335205078125000e-01 7.176421880722045898e-01 6.854085922241210938e-01 6.687493324279785156e-01 6.947799921035766602e-01 7.439137697219848633e-01 7.944720983505249023e-01 8.678315877914428711e-01 1.013391494750976562e+00 nan 9.449011087417602539e-01 8.493887186050415039e-01 7.799168825149536133e-01 6.704151630401611328e-01
5.650123357772827148e-01 6.792378425598144531e-01 6.923439502716064453e-01 6.694668531417846680e-01 6.468989849090576172e-01 6.246361732482910156e-01 6.237856149673461914e-01 6.775896549224853516e-01 7.262364625930786133e-01 7.762821912765502930e-01 8.663145303726196289e-01 9.911499023437500000e-01 nan 9.241955280303955078e-01 8.335227966308593750e-01 7.207230329513549805e-01
5.329581499099731445e-01 5.299315452575683594e-01 5.614829063415527344e-01 6.156332492828369141e-01 5.937932729721069336e-01 5.722483396530151367e-01 5.643497705459594727e-01 5.828820466995239258e-01 6.353306770324707031e-01 6.895173788070678711e-01 7.454994916915893555e-01 8.332400321960449219e-01 9.715701341629028320e-01 nan 9.037107229232788086e-01 7.725461721420288086e-01
4.981652498245239258e-01 4.983741044998168945e-01 4.925510883331298828e-01 4.912215471267700195e-01 5.423998832702636719e-01 5.215497016906738281e-01 5.163152217864990234e-01 5.273666381835937500e-01 5.430088043212890625e-01 5.941363573074340820e-01 6.469579935073852539e-01 7.068148851394653320e-01 7.744179964065551758e-01 8.668318986892700195e-01 nan 8.333474397659301758e-01
4.521744251251220703e-01 4.614660739898681641e-01 4.587835073471069336e-01 4.561059474945068359e-01 4.562127590179443359e-01 4.569027423858642578e-01 4.677774906158447266e-01 4.787333011627197266e-01 4.897710084915161133e-01 5.008910894393920898e-01 5.446014404296875000e-01 6.027504205703735352e-01 6.689507961273193359e-01 7.378853559494018555e-01 7.931473255157470703e-01 nan
