nan 8.534253835678100586e-01 8.077362775802612305e-01 8.005951642990112305e-01 7.949727773666381836e-01 7.863639593124389648e-01 7.777965068817138672e-01 7.692699432373046875e-01 7.607843875885009766e-01 7.923294305801391602e-01 8.211208581924438477e-01 8.229234218597412109e-01 8.088003396987915039e-01 7.446868419647216797e-01 6.828459501266479492e-01 6.231968402862548828e-01
8.033944368362426758e-01 nan 9.051675796508789062e-01 8.500126600265502930e-01 8.252760171890258789e-01 8.165218830108642578e-01 8.078098297119140625e-01 7.991393804550170898e-01 7.905105352401733398e-01 7.796789407730102539e-01 8.032807111740112305e-01 8.057596683502197266e-01 8.016694784164428711e-01 7.378088235855102539e-01 6.762117147445678711e-01 6.167978048324584961e-01
7.514033317565917969e-01 8.563059568405151367e-01 nan 9.462378025054931641e-01 8.871878385543823242e-01 8.471891880035400391e-01 8.383299112319946289e-01 8.295130729675292969e-01 8.207385540008544922e-01 8.103691339492797852e-01 7.788127660751342773e-01 7.753070592880249023e-01 7.822475433349609375e-01 7.250369787216186523e-01 6.696034669876098633e-01 6.104240417480468750e-01
7.441599369049072266e-01 7.994730472564697266e-01 9.092093706130981445e-01 nan 9.820721149444580078e-01 9.220815896987915039e-01 8.711266517639160156e-01 8.620713949203491211e-01 8.530598878860473633e-01 8.266102075576782227e-01 7.781734466552734375e-01 7.436974048614501953e-01 7.509202957153320312e-01 7.043282985687255859e-01 6.495256423950195312e-01 5.964851379394531250e-01
7.410411834716796875e-01 7.962468862533569336e-01 8.503483533859252930e-01 9.457792043685913086e-01 nan 1.017349481582641602e+00 9.562911987304687500e-01 8.970807790756225586e-01 8.706762790679931641e-01 8.329596519470214844e-01 7.846741676330566406e-01 7.313518524169921875e-01 7.181682586669921875e-01 6.855705976486206055e-01 6.313711404800415039e-01 5.789144039154052734e-01
7.379277944564819336e-01 7.935336828231811523e-01 8.438358306884765625e-01 8.822717666625976562e-01 9.862076044082641602e-01 nan 1.053254604339599609e+00 9.730072021484375000e-01 8.773926496505737305e-01 8.394641876220703125e-01 7.911986112594604492e-01 7.378772497177124023e-01 6.994380950927734375e-01 6.670192480087280273e-01 6.134164333343505859e-01 5.615371465682983398e-01
7.287313938140869141e-01 7.908245325088500977e-01 8.348611593246459961e-01 8.704987764358520508e-01 9.168448448181152344e-01 1.011769294738769531e+00 nan 1.042927265167236328e+00 9.407951831817626953e-01 8.486579656600952148e-01 8.071807622909545898e-01 7.563579082489013672e-01 7.104249000549316406e-01 6.553890705108642578e-01 5.956592559814453125e-01 5.443509817123413086e-01
7.429648637771606445e-01 7.862963676452636719e-01 8.258302211761474609e-01 8.526668548583984375e-01 8.784537315368652344e-01 9.274059534072875977e-01 1.004641294479370117e+00 nan 1.040813446044921875e+00 9.387869834899902344e-01 8.485159873962402344e-01 7.965838909149169922e-01 7.495986223220825195e-01 7.038422822952270508e-01 5.995582342147827148e-01 5.414146184921264648e-01
7.668042182922363281e-01 7.847410440444946289e-01 8.043026924133300781e-01 8.294163942337036133e-01 8.543219566345214844e-01 8.629233837127685547e-01 8.979039192199707031e-01 1.009697437286376953e+00 nan 1.038701772689819336e+00 9.353975057601928711e-01 8.377308845520019531e-01 7.896696329116821289e-01 7.428654432296752930e-01 6.490312814712524414e-01 5.535093545913696289e-01
7.884136438369750977e-01 8.068869113922119141e-01 7.970937490463256836e-01 8.016642332077026367e-01 8.100908994674682617e-01 8.176642656326293945e-01 8.252694606781005859e-01 8.936085700988769531e-01 1.015338897705078125e+00 nan 1.050093173980712891e+00 9.187207221984863281e-01 8.306585550308227539e-01 7.826771736145019531e-01 6.994583606719970703e-01 5.949062108993530273e-01
8.094962835311889648e-01 8.189772367477416992e-01 8.018693923950195312e-01 7.715585231781005859e-01 7.619507312774658203e-01 7.704616785049438477e-01 7.778693437576293945e-01 8.171685934066772461e-01 8.868852853775024414e-01 1.032523870468139648e+00 nan 1.054710626602172852e+00 8.984404802322387695e-01 8.229835033416748047e-01 7.506408691406250000e-01 6.429400444030761719e-01
7.879611253738403320e-01 8.151454925537109375e-01 7.927365303039550781e-01 7.591146230697631836e-01 7.261065244674682617e-01 7.113342285156250000e-01 7.231159210205078125e-01 7.615393400192260742e-01 8.111131191253662109e-01 8.800246715545654297e-01 1.054944753646850586e+00 nan 1.036602497100830078e+00 8.782297372817993164e-01 8.033649921417236328e-01 6.924207210540771484e-01
5.835055112838745117e-01 6.904463768005371094e-01 7.393723726272583008e-01 7.158594131469726562e-01 6.926645040512084961e-01 6.697829961776733398e-01 6.589957475662231445e-01 6.945558786392211914e-01 7.436832189559936523e-01 7.942347526550292969e-01 8.959141969680786133e-01 1.070343732833862305e+00 nan 1.018654108047485352e+00 8.582340478897094727e-01 7.433913946151733398e-01
5.536772012710571289e-01 5.501052141189575195e-01 5.718959569931030273e-01 6.605299711227416992e-01 6.380829811096191406e-01 6.159392595291137695e-01 5.940951108932495117e-01 6.031613349914550781e-01 6.562820672988891602e-01 7.111630439758300781e-01 7.686001062393188477e-01 9.040913581848144531e-01 1.063367843627929688e+00 nan 1.000864267349243164e+00 7.958971261978149414e-01
5.186853408813476562e-01 5.181373357772827148e-01 5.122318267822265625e-01 5.109028816223144531e-01 5.852614641189575195e-01 5.638318061828613281e-01 5.426919460296630859e-01 5.453484058380126953e-01 5.627774000167846680e-01 6.145598888397216797e-01 6.680930852890014648e-01 7.318308353424072266e-01 8.126137256622314453e-01 9.908818006515502930e-01 nan 9.376264810562133789e-01
4.724782705307006836e-01 4.818998575210571289e-01 4.784344434738159180e-01 4.757384061813354492e-01 4.758466482162475586e-01 4.761946201324462891e-01 4.854749441146850586e-01 4.965629577636718750e-01 5.077337026596069336e-01 5.189878940582275391e-01 5.685000419616699219e-01 6.305133104324340820e-01 6.978603601455688477e-01 7.654063701629638672e-01 8.900544643402099609e-01 nan
