nan 9.327818155288696289e-01 9.038809537887573242e-01 8.754121065139770508e-01 8.473689556121826172e-01 8.513940572738647461e-01 8.418422937393188477e-01 8.286204338073730469e-01 8.154935836791992188e-01 8.024609088897705078e-01 7.896523475646972656e-01 7.836939096450805664e-01 7.773255109786987305e-01 7.964644432067871094e-01 8.174017667770385742e-01 8.194268941879272461e-01 0.000000000000000000e+00 0.000000000000000000e+00 0.000000000000000000e+00 0.000000000000000000e+00 0.000000000000000000e+00 0.000000000000000000e+00
8.841083049774169922e-01 nan 9.721710681915283203e-01 9.426810741424560547e-01 9.136320352554321289e-01 8.714367151260375977e-01 8.582544326782226562e-01 8.449147939682006836e-01 8.316708803176879883e-01 8.185220956802368164e-01 8.105152845382690430e-01 8.019368648529052734e-01 7.878853082656860352e-01 7.848900556564331055e-01 8.018867969512939453e-01 7.981292009353637695e-01 0.000000000000000000e+00 0.000000000000000000e+00 0.000000000000000000e+00 0.000000000000000000e+00 0.000000000000000000e+00 0.000000000000000000e+00
8.463345766067504883e-01 9.229853153228759766e-01 nan 1.012362957000732422e+00 9.798684120178222656e-01 9.327337741851806641e-01 8.846253156661987305e-01 8.613542318344116211e-01 8.479924201965332031e-01 8.377280235290527344e-01 8.316215276718139648e-01 8.203662633895874023e-01 8.061710596084594727e-01 7.920864820480346680e-01 7.807525396347045898e-01 7.770808935165405273e-01 0.000000000000000000e+00 0.000000000000000000e+00 0.000000000000000000e+00 0.000000000000000000e+00 0.000000000000000000e+00 0.000000000000000000e+00
8.093181848526000977e-01 8.846787214279174805e-01 9.643838405609130859e-01 nan 1.046029329299926758e+00 9.965586662292480469e-01 9.468615055084228516e-01 8.984013795852661133e-01 8.653497695922851562e-01 8.591516017913818359e-01 8.529739379882812500e-01 8.389842510223388672e-01 8.246437311172485352e-01 8.017969131469726562e-01 7.718079090118408203e-01 7.562788724899291992e-01 0.000000000000000000e+00 0.000000000000000000e+00 0.000000000000000000e+00 0.000000000000000000e+00 0.000000000000000000e+00 0.000000000000000000e+00
7.713483572006225586e-01 8.455276489257812500e-01 9.232668876647949219e-01 1.010655879974365234e+00 nan 1.064177989959716797e+00 1.012665987014770508e+00 9.624391794204711914e-01 9.174389839172363281e-01 8.813065290451049805e-01 8.714901208877563477e-01 8.570160865783691406e-01 8.352904319763183594e-01 8.095407485961914062e-01 7.798743247985839844e-01 7.412394285202026367e-01 0.000000000000000000e+00 0.000000000000000000e+00 0.000000000000000000e+00 0.000000000000000000e+00 0.000000000000000000e+00 0.000000000000000000e+00
7.576522827148437500e-01 8.056602478027343750e-01 8.817203044891357422e-01 9.609843492507934570e-01 1.043171167373657227e+00 nan 1.083562374114990234e+00 1.031566381454467773e+00 9.827431440353393555e-01 9.372013807296752930e-01 8.880814313888549805e-01 8.660310506820678711e-01 8.398499488830566406e-01 8.140360116958618164e-01 7.843765020370483398e-01 7.457802295684814453e-01 0.000000000000000000e+00 0.000000000000000000e+00 0.000000000000000000e+00 0.000000000000000000e+00 0.000000000000000000e+00 0.000000000000000000e+00
7.557375431060791016e-01 7.950975894927978516e-01 8.410711288452148438e-01 9.158881902694702148e-01 9.865683317184448242e-01 1.066815376281738281e+00 nan 1.103128910064697266e+00 1.046452999114990234e+00 9.942001104354858398e-01 9.369701147079467773e-01 8.712081909179687500e-01 8.444206714630126953e-01 8.185427188873291016e-01 7.888902425765991211e-01 7.503219842910766602e-01 0.000000000000000000e+00 0.000000000000000000e+00 0.000000000000000000e+00 0.000000000000000000e+00 0.000000000000000000e+00 0.000000000000000000e+00
7.495681047439575195e-01 7.932199239730834961e-01 8.334202766418457031e-01 8.713649511337280273e-01 9.404608011245727539e-01 1.010999917984008789e+00 1.079783678054809570e+00 nan 1.109044313430786133e+00 1.048022985458374023e+00 9.784905910491943359e-01 9.112465381622314453e-01 8.488204479217529297e-01 8.227653503417968750e-01 7.930276393890380859e-01 7.544115781784057617e-01 0.000000000000000000e+00 0.000000000000000000e+00 0.000000000000000000e+00 0.000000000000000000e+00 0.000000000000000000e+00 0.000000000000000000e+00
7.361167669296264648e-01 7.880676984786987305e-01 8.310210704803466797e-01 8.650441169738769531e-01 8.905537128448486328e-01 9.548858404159545898e-01 1.021405696868896484e+00 1.093709468841552734e+00 nan 1.111343145370483398e+00 1.037587642669677734e+00 9.664090871810913086e-01 8.977166414260864258e-01 8.371293544769287109e-01 8.071587085723876953e-01 7.713754177093505859e-01 0.000000000000000000e+00 0.000000000000000000e+00 0.000000000000000000e+00 0.000000000000000000e+00 0.000000000000000000e+00 0.000000000000000000e+00
7.212661504745483398e-01 7.776565551757812500e-01 8.212392330169677734e-01 8.513283729553222656e-01 8.690115213394165039e-01 8.998885154724121094e-01 9.644042253494262695e-01 1.030643463134765625e+00 1.106008768081665039e+00 nan 1.109232425689697266e+00 1.035551071166992188e+00 9.644432067871093750e-01 8.958196640014648438e-01 8.353114128112792969e-01 7.990071773529052734e-01 0.000000000000000000e+00 0.000000000000000000e+00 0.000000000000000000e+00 0.000000000000000000e+00 0.000000000000000000e+00 0.000000000000000000e+00
7.156431674957275391e-01 7.626830339431762695e-01 8.083199262619018555e-01 8.346945047378540039e-01 8.522187471389770508e-01 8.699104785919189453e-01 9.090104103088378906e-01 9.580696821212768555e-01 1.027256488800048828e+00 1.109086751937866211e+00 nan 1.107123851776123047e+00 1.033516168594360352e+00 9.624795913696289062e-01 8.899616003036499023e-01 8.270701169967651367e-01 0.000000000000000000e+00 0.000000000000000000e+00 0.000000000000000000e+00 0.000000000000000000e+00 0.000000000000000000e+00 0.000000000000000000e+00
7.300595045089721680e-01 7.477836608886718750e-01 7.949565649032592773e-01 8.182101249694824219e-01 8.355770111083984375e-01 8.531097173690795898e-01 8.614871501922607422e-01 8.880897760391235352e-01 9.514491558074951172e-01 1.030219554901123047e+00 1.112169504165649414e+00 nan 1.105017423629760742e+00 1.031483173370361328e+00 9.552489519119262695e-01 8.784949779510498047e-01 0.000000000000000000e+00 0.000000000000000000e+00 0.000000000000000000e+00 0.000000000000000000e+00 0.000000000000000000e+00 0.000000000000000000e+00
7.445968389511108398e-01 7.629592418670654297e-01 7.755677700042724609e-01 8.018738031387329102e-01 8.188302516937255859e-01 8.263547420501708984e-01 8.315302133560180664e-01 8.367205858230590820e-01 8.743070363998413086e-01 9.493576288223266602e-01 1.027413606643676758e+00 1.111549139022827148e+00 nan 1.102913141250610352e+00 1.022791624069213867e+00 9.434505701065063477e-01 0.000000000000000000e+00 0.000000000000000000e+00 0.000000000000000000e+00 0.000000000000000000e+00 0.000000000000000000e+00 0.000000000000000000e+00
7.583737373352050781e-01 7.773978710174560547e-01 7.824980020523071289e-01 7.739648818969726562e-01 7.878353595733642578e-01 7.929017543792724609e-01 7.979825735092163086e-01 8.030775785446166992e-01 8.173145055770874023e-01 8.692280054092407227e-01 9.440753459930419922e-01 1.021919488906860352e+00 1.124227523803710938e+00 nan 1.092762231826782227e+00 1.010652065277099609e+00 0.000000000000000000e+00 0.000000000000000000e+00 0.000000000000000000e+00 0.000000000000000000e+00 0.000000000000000000e+00 0.000000000000000000e+00
7.722523212432861328e-01 7.906957864761352539e-01 7.839745283126831055e-01 7.673794031143188477e-01 7.443507909774780273e-01 7.518126964569091797e-01 7.601534128189086914e-01 7.685337066650390625e-01 7.809654474258422852e-01 8.130689859390258789e-01 8.641629219055175781e-01 9.388073682785034180e-01 1.016440629959106445e+00 1.136981964111328125e+00 nan 1.094816923141479492e+00 0.000000000000000000e+00 0.000000000000000000e+00 0.000000000000000000e+00 0.000000000000000000e+00 0.000000000000000000e+00 0.000000000000000000e+00
7.862406969070434570e-01 7.936482429504394531e-01 7.819288969039916992e-01 7.587106227874755859e-01 7.357949018478393555e-01 7.131779193878173828e-01 7.164869308471679688e-01 7.246594429016113281e-01 7.356451749801635742e-01 7.703276872634887695e-01 8.057032823562622070e-01 8.591113090515136719e-01 9.335534572601318359e-01 1.024654626846313477e+00 1.146576404571533203e+00 nan 0.000000000000000000e+00 0.000000000000000000e+00 0.000000000000000000e+00 0.000000000000000000e+00 0.000000000000000000e+00 0.000000000000000000e+00
7.764909267425537109e-01 7.796974182128906250e-01 7.658596038818359375e-01 7.495682239532470703e-01 7.272810935974121094e-01 7.047748565673828125e-01 6.825621128082275391e-01 6.818735599517822266e-01 6.898812055587768555e-01 7.234460115432739258e-01 7.578847408294677734e-01 7.930115461349487305e-01 8.457003831863403320e-01 9.232950210571289062e-01 1.035413980484008789e+00 1.146998882293701172e+00 nan 0.000000000000000000e+00 0.000000000000000000e+00 0.000000000000000000e+00 0.000000000000000000e+00 0.000000000000000000e+00
6.027355194091796875e-01 7.192913293838500977e-01 7.255610227584838867e-01 7.103141546249389648e-01 6.942744255065917969e-01 6.783851385116577148e-01 6.626449823379516602e-01 6.470522880554199219e-01 6.479580402374267578e-01 6.778057813644409180e-01 7.113324403762817383e-01 7.455291748046875000e-01 7.804092168807983398e-01 8.320412635803222656e-01 9.156732559204101562e-01 1.033800601959228516e+00 0.000000000000000000e+00 nan 0.000000000000000000e+00 0.000000000000000000e+00 0.000000000000000000e+00 0.000000000000000000e+00
5.565495491027832031e-01 5.561535358428955078e-01 6.351125240325927734e-01 6.719406843185424805e-01 6.562608480453491211e-01 6.407282352447509766e-01 6.253411769866943359e-01 6.100982427597045898e-01 5.949984788894653320e-01 6.166176795959472656e-01 6.535159349441528320e-01 6.912561655044555664e-01 7.298580408096313477e-01 7.678952217102050781e-01 8.184832334518432617e-01 9.119962453842163086e-01 0.000000000000000000e+00 0.000000000000000000e+00 nan 0.000000000000000000e+00 0.000000000000000000e+00 0.000000000000000000e+00
5.344079732894897461e-01 5.333936214447021484e-01 5.302388668060302734e-01 5.550289154052734375e-01 6.191003322601318359e-01 6.039160490036010742e-01 5.888742208480834961e-01 5.739734172821044922e-01 5.596858263015747070e-01 5.675468444824218750e-01 5.883142948150634766e-01 6.245665550231933594e-01 6.616461277008056641e-01 6.995722055435180664e-01 7.383636236190795898e-01 7.848682403564453125e-01 0.000000000000000000e+00 0.000000000000000000e+00 0.000000000000000000e+00 nan 0.000000000000000000e+00 0.000000000000000000e+00
5.115234851837158203e-01 5.109665393829345703e-01 5.083209276199340820e-01 5.042566061019897461e-01 5.029803514480590820e-01 5.679298639297485352e-01 5.532255172729492188e-01 5.386590957641601562e-01 5.263714790344238281e-01 5.340646505355834961e-01 5.417966842651367188e-01 5.605064630508422852e-01 5.961239337921142578e-01 6.325544118881225586e-01 6.698163747787475586e-01 7.090215682983398438e-01 0.000000000000000000e+00 0.000000000000000000e+00 0.000000000000000000e+00 0.000000000000000000e+00 nan 0.000000000000000000e+00
4.814296960830688477e-01 4.879854917526245117e-01 4.866234064102172852e-01 4.827108383178710938e-01 4.803040027618408203e-01 4.802001714706420898e-01 4.992393255233764648e-01 5.041370391845703125e-01 4.937688112258911133e-01 5.012977123260498047e-01 5.088644027709960938e-01 5.164693593978881836e-01 5.331854820251464844e-01 5.681793689727783203e-01 6.039720773696899414e-01 6.416565179824829102e-01 0.000000000000000000e+00 0.000000000000000000e+00 0.000000000000000000e+00 0.000000000000000000e+00 0.000000000000000000e+00 nan
