nan 8.897092342376708984e-01 8.490300178527832031e-01 8.368003368377685547e-01 8.269169330596923828e-01 8.080036640167236328e-01 7.940652370452880859e-01 7.854607105255126953e-01 7.756588459014892578e-01 8.034621477127075195e-01 8.232015371322631836e-01 8.279883861541748047e-01 8.144670724868774414e-01 7.562220096588134766e-01 6.974200010299682617e-01 6.372543573379516602e-01
8.787658214569091797e-01 nan 9.455883502960205078e-01 8.953584432601928711e-01 8.504778146743774414e-01 8.331451416015625000e-01 8.243533372879028320e-01 8.156037330627441406e-01 8.001389503479003906e-01 7.865854501724243164e-01 7.923055887222290039e-01 7.971608638763427734e-01 7.912076711654663086e-01 7.337092161178588867e-01 6.780565977096557617e-01 6.241904497146606445e-01
8.246016502380371094e-01 9.357290267944335938e-01 nan 9.873331785202026367e-01 9.162771701812744141e-01 8.640929460525512695e-01 8.551527261734008789e-01 8.462553024291992188e-01 8.267930746078491211e-01 7.920875549316406250e-01 7.619332075119018555e-01 7.668533325195312500e-01 7.682464122772216797e-01 7.114850282669067383e-01 6.565457582473754883e-01 6.033693552017211914e-01
7.691391706466674805e-01 8.774918317794799805e-01 9.927880764007568359e-01 nan 1.012365579605102539e+00 9.514578580856323242e-01 8.923939466476440430e-01 8.725790977478027344e-01 8.392132520675659180e-01 8.020559549331665039e-01 7.558443546295166016e-01 7.360934019088745117e-01 7.432439327239990234e-01 6.896897554397583008e-01 6.351354122161865234e-01 5.823423862457275391e-01
7.642394304275512695e-01 8.216514587402343750e-01 9.279969930648803711e-01 1.031799316406250000e+00 nan 1.048182010650634766e+00 9.796570539474487305e-01 8.924404382705688477e-01 8.454939126968383789e-01 8.080444335937500000e-01 7.616584300994873047e-01 7.199286222457885742e-01 7.104568481445312500e-01 6.700809001922607422e-01 6.161595582962036133e-01 5.639792680740356445e-01
7.604129314422607422e-01 8.188998699188232422e-01 8.718354701995849609e-01 9.649791717529296875e-01 1.063127279281616211e+00 nan 1.050440788269042969e+00 9.504578113555908203e-01 8.553500175476074219e-01 8.137966394424438477e-01 7.674076557159423828e-01 7.257363796234130859e-01 6.874173879623413086e-01 6.506996154785156250e-01 5.974041223526000977e-01 5.458292961120605469e-01
7.417448759078979492e-01 8.120146989822387695e-01 8.601613044738769531e-01 8.864002227783203125e-01 9.796221256256103516e-01 1.075268268585205078e+00 nan 1.042829513549804688e+00 9.405567646026611328e-01 8.439922332763671875e-01 7.993535995483398438e-01 7.515908479690551758e-01 7.056726217269897461e-01 6.388984918594360352e-01 5.788661241531372070e-01 5.278899669647216797e-01
7.239407300949096680e-01 7.983230352401733398e-01 8.360682725906372070e-01 8.614537715911865234e-01 8.933529853820800781e-01 9.641134738922119141e-01 1.079650878906250000e+00 nan 1.039880514144897461e+00 9.377553462982177734e-01 8.399826288223266602e-01 7.911942005157470703e-01 7.442377805709838867e-01 6.882575750350952148e-01 5.891351699829101562e-01 5.315194129943847656e-01
7.449038028717041016e-01 7.736549377441406250e-01 8.122873306274414062e-01 8.351049423217773438e-01 8.434486389160156250e-01 8.612009286880493164e-01 9.682615995407104492e-01 1.084043025970458984e+00 nan 1.036935567855834961e+00 9.285975694656372070e-01 8.316929340362548828e-01 7.836748361587524414e-01 7.369154691696166992e-01 6.321119070053100586e-01 5.427625179290771484e-01
7.659977674484252930e-01 7.858047485351562500e-01 7.807303667068481445e-01 7.914568185806274414e-01 7.987943887710571289e-01 8.061619997024536133e-01 8.548514842987060547e-01 9.630801677703857422e-01 1.091246128082275391e+00 nan 1.025710821151733398e+00 9.085155725479125977e-01 8.240035772323608398e-01 7.761871814727783203e-01 6.812661886215209961e-01 5.778335332870483398e-01
7.861669063568115234e-01 7.930902242660522461e-01 7.612446546554565430e-01 7.290953397750854492e-01 7.409994602203369141e-01 7.529854774475097656e-01 7.926710844039916992e-01 8.475956916809082031e-01 9.554010629653930664e-01 1.109407424926757812e+00 nan 1.004567623138427734e+00 8.881973028182983398e-01 8.163466453552246094e-01 7.319009304046630859e-01 6.253533363342285156e-01
7.824392318725585938e-01 7.709541320800781250e-01 7.479801177978515625e-01 7.159620523452758789e-01 6.837600469589233398e-01 6.905164718627929688e-01 7.245038747787475586e-01 7.744994163513183594e-01 8.322080373764038086e-01 9.478831291198730469e-01 1.127726078033447266e+00 nan 9.832266569137573242e-01 8.680955171585083008e-01 7.840607166290283203e-01 6.743041276931762695e-01
5.695832967758178711e-01 6.972438097000122070e-01 6.916148662567138672e-01 6.687475442886352539e-01 6.461894512176513672e-01 6.239361763000488281e-01 6.529462337493896484e-01 7.070232629776000977e-01 7.565120458602905273e-01 8.126547336578369141e-01 9.514646530151367188e-01 1.119293689727783203e+00 nan 9.621131420135498047e-01 8.377913236618041992e-01 7.247289419174194336e-01
5.374355316162109375e-01 5.345702171325683594e-01 5.781189203262329102e-01 6.149373054504394531e-01 5.931066274642944336e-01 5.715709924697875977e-01 5.704770088195800781e-01 6.113080978393554688e-01 6.646988391876220703e-01 7.198584079742431641e-01 7.768460512161254883e-01 9.214905500411987305e-01 1.099622726440429688e+00 nan 9.412245750427246094e-01 7.766727209091186523e-01
5.028337240219116211e-01 5.027997493743896484e-01 4.970765113830566406e-01 4.959435462951660156e-01 5.417352914810180664e-01 5.208941698074340820e-01 5.222543478012084961e-01 5.333490371704101562e-01 5.707188844680786133e-01 6.227645874023437500e-01 6.765347719192504883e-01 7.401443719863891602e-01 8.367614746093750000e-01 9.905985593795776367e-01 nan 8.713741302490234375e-01
4.566769599914550781e-01 4.659973382949829102e-01 4.631837606430053711e-01 4.606941938400268555e-01 4.608012437820434570e-01 4.625865221023559570e-01 4.735037088394165039e-01 4.845023155212402344e-01 4.955830574035644531e-01 5.192121267318725586e-01 5.721124410629272461e-01 6.338111162185668945e-01 7.012944221496582031e-01 7.735980749130249023e-01 8.875838518142700195e-01 nan
