nan 9.276204109191894531e-01 8.861247301101684570e-01 8.504073619842529297e-01 8.384147882461547852e-01 8.193825483322143555e-01 8.005473613739013672e-01 7.844463586807250977e-01 7.757649421691894531e-01 7.967656850814819336e-01 8.094637393951416016e-01 8.132603168487548828e-01 7.860456705093383789e-01 7.287129163742065430e-01 6.677589416503906250e-01 6.086447238922119141e-01
8.563997745513916016e-01 nan 9.846204519271850586e-01 9.311687946319580078e-01 8.625569343566894531e-01 8.428463935852050781e-01 8.237682580947875977e-01 8.145719766616821289e-01 8.020581007003784180e-01 7.816240787506103516e-01 7.788006067276000977e-01 7.826812267303466797e-01 7.631505727767944336e-01 7.065528631210327148e-01 6.517720222473144531e-01 5.987495183944702148e-01
8.031527996063232422e-01 9.137378931045532227e-01 nan 1.024430990219116211e+00 9.520486593246459961e-01 8.822541236877441406e-01 8.540986776351928711e-01 8.452062606811523438e-01 8.287405967712402344e-01 7.932393550872802734e-01 7.486568689346313477e-01 7.526178359985351562e-01 7.405489683151245117e-01 6.846767663955688477e-01 6.305980682373046875e-01 5.782552957534790039e-01
7.567600011825561523e-01 8.548690080642700195e-01 9.750905036926269531e-01 nan 1.050795555114746094e+00 9.772832393646240234e-01 9.132407903671264648e-01 8.729811906814575195e-01 8.385620117187500000e-01 8.014752864837646484e-01 7.499065399169921875e-01 7.212172746658325195e-01 7.199416160583496094e-01 6.646368503570556641e-01 6.111105680465698242e-01 5.593054294586181641e-01
7.541064023971557617e-01 8.111888170242309570e-01 9.032243490219116211e-01 1.010989665985107422e+00 nan 1.078671693801879883e+00 1.002235651016235352e+00 9.126814603805541992e-01 8.451632261276245117e-01 8.078857660293579102e-01 7.563039064407348633e-01 7.136301994323730469e-01 6.960172653198242188e-01 6.463160514831542969e-01 5.933789014816284180e-01 5.421438217163085938e-01
7.473313808441162109e-01 8.084529638290405273e-01 8.599536418914794922e-01 9.408420324325561523e-01 1.038388490676879883e+00 nan 1.081143140792846680e+00 9.771003723144531250e-01 8.782591819763183594e-01 8.143768310546875000e-01 7.688679695129394531e-01 7.216536998748779297e-01 6.820430755615234375e-01 6.281968355178833008e-01 5.758422613143920898e-01 5.251711606979370117e-01
7.310831546783447266e-01 8.042080402374267578e-01 8.485866785049438477e-01 8.743166923522949219e-01 9.567430019378662109e-01 1.048986434936523438e+00 nan 1.078989505767822266e+00 9.750547409057617188e-01 8.763158321380615234e-01 8.093271255493164062e-01 7.610846757888793945e-01 7.150278091430664062e-01 6.399800777435302734e-01 5.700598955154418945e-01 5.133061408996582031e-01
7.266964912414550781e-01 7.893986701965332031e-01 8.253874778747558594e-01 8.507945537567138672e-01 8.711262941360473633e-01 9.398878812789916992e-01 1.054154634475708008e+00 nan 1.076838493347167969e+00 9.730110168457031250e-01 8.684873580932617188e-01 8.014186620712280273e-01 7.543070316314697266e-01 6.907033920288085938e-01 5.869706869125366211e-01 5.251802206039428711e-01
7.478153705596923828e-01 7.658557891845703125e-01 8.024792671203613281e-01 8.243023157119750977e-01 8.327645063400268555e-01 8.412660360336303711e-01 9.443184137344360352e-01 1.057914495468139648e+00 nan 1.074689388275146484e+00 9.631973505020141602e-01 8.500880002975463867e-01 7.944860458374023438e-01 7.429952621459960938e-01 6.360545158386230469e-01 5.371476411819458008e-01
7.691924571990966797e-01 7.882543802261352539e-01 7.703055143356323242e-01 7.757245302200317383e-01 7.863615751266479492e-01 7.938358783721923828e-01 8.326699733734130859e-01 9.374662637710571289e-01 1.050661802291870117e+00 nan 1.062707901000976562e+00 9.438167810440063477e-01 8.354974985122680664e-01 7.873797416687011719e-01 6.858382225036621094e-01 5.821242332458496094e-01
7.896202802658081055e-01 7.906563282012939453e-01 7.578705549240112305e-01 7.249026298522949219e-01 7.249523401260375977e-01 7.369602918624877930e-01 7.748765945434570312e-01 8.264101743698120117e-01 9.304735660552978516e-01 1.066196680068969727e+00 nan 1.047712087631225586e+00 9.231581687927246094e-01 8.277922868728637695e-01 7.366107702255249023e-01 6.297732591629028320e-01
7.745391130447387695e-01 7.608587741851806641e-01 7.380852699279785156e-01 7.127733230590820312e-01 6.806311607360839844e-01 6.752930879592895508e-01 7.074586153030395508e-01 7.569600343704223633e-01 8.078964948654174805e-01 9.144457578659057617e-01 1.086669445037841797e+00 nan 1.029665470123291016e+00 9.026843309402465820e-01 7.889124155044555664e-01 6.788570880889892578e-01
5.617430210113525391e-01 6.732368469238281250e-01 6.820462942123413086e-01 6.593081951141357422e-01 6.368776559829711914e-01 6.147503852844238281e-01 6.319141387939453125e-01 6.859874725341796875e-01 7.391504049301147461e-01 7.895705699920654297e-01 9.089252948760986328e-01 1.081015110015869141e+00 nan 1.011778354644775391e+00 8.637350797653198242e-01 7.294193506240844727e-01
5.297222137451171875e-01 5.264269113540649414e-01 5.558409690856933594e-01 6.058024168014526367e-01 5.840950012207031250e-01 5.626811981201171875e-01 5.611519813537597656e-01 5.908057689666748047e-01 6.435170173645019531e-01 6.979749202728271484e-01 7.542372941970825195e-01 8.702406883239746094e-01 1.059805870056152344e+00 nan 9.887405633926391602e-01 7.900866270065307617e-01
4.952207803726196289e-01 4.949380159378051758e-01 4.891321659088134766e-01 4.879227876663208008e-01 5.330144166946411133e-01 5.122910737991333008e-01 5.132156610488891602e-01 5.242445468902587891e-01 5.507329702377319336e-01 6.021164655685424805e-01 6.552025079727172852e-01 7.196837663650512695e-01 8.040338754653930664e-01 9.554879665374755859e-01 nan 8.982952833175659180e-01
4.488290548324584961e-01 4.580992460250854492e-01 4.549485445022583008e-01 4.523922204971313477e-01 4.524987936019897461e-01 4.534317255020141602e-01 4.642804861068725586e-01 4.752103090286254883e-01 4.862216711044311523e-01 4.973152875900268555e-01 5.474263429641723633e-01 6.097300052642822266e-01 6.762185096740722656e-01 7.454533576965332031e-01 8.589222431182861328e-01 nan
