nan 9.556736946105957031e-01 9.261995553970336914e-01 8.971694707870483398e-01 8.685771226882934570e-01 8.719245195388793945e-01 8.634929656982421875e-01 8.499029874801635742e-01 8.364119529724121094e-01 8.230195045471191406e-01 8.043787479400634766e-01 7.832880020141601562e-01 7.822128534317016602e-01 8.012180328369140625e-01 8.170037269592285156e-01 8.251862525939941406e-01 0.000000000000000000e+00 0.000000000000000000e+00 0.000000000000000000e+00 0.000000000000000000e+00 0.000000000000000000e+00 0.000000000000000000e+00
9.295579195022583008e-01 nan 9.942253828048706055e-01 9.641700983047485352e-01 9.345679283142089844e-01 8.912204504013061523e-01 8.791352510452270508e-01 8.654311895370483398e-01 8.518269062042236328e-01 8.383220434188842773e-01 8.174560070037841797e-01 8.001692295074462891e-01 7.860184907913208008e-01 7.896144390106201172e-01 8.011715412139892578e-01 8.036909103393554688e-01 0.000000000000000000e+00 0.000000000000000000e+00 0.000000000000000000e+00 0.000000000000000000e+00 0.000000000000000000e+00 0.000000000000000000e+00
8.833631277084350586e-01 9.702746868133544922e-01 nan 1.033536672592163086e+00 9.988931417465209961e-01 9.513747692108154297e-01 9.025743007659912109e-01 8.810895681381225586e-01 8.673710823059082031e-01 8.522785902023315430e-01 8.324724435806274414e-01 8.180676698684692383e-01 8.037760257720947266e-01 7.895967960357666016e-01 7.798563241958618164e-01 7.824485301971435547e-01 0.000000000000000000e+00 0.000000000000000000e+00 0.000000000000000000e+00 0.000000000000000000e+00 0.000000000000000000e+00 0.000000000000000000e+00
8.445128202438354492e-01 9.208693504333496094e-01 1.013456344604492188e+00 nan 1.064587116241455078e+00 1.014739274978637695e+00 9.643540382385253906e-01 9.152289628982543945e-01 8.830460309982299805e-01 8.657029867172241211e-01 8.506919145584106445e-01 8.361439704895019531e-01 8.217103481292724609e-01 7.983543872833251953e-01 7.647676467895507812e-01 7.614563703536987305e-01 0.000000000000000000e+00 0.000000000000000000e+00 0.000000000000000000e+00 0.000000000000000000e+00 0.000000000000000000e+00 0.000000000000000000e+00
8.055285215377807617e-01 8.806707859039306641e-01 9.596350193023681641e-01 1.058456420898437500e+00 nan 1.080769777297973633e+00 1.028600215911865234e+00 9.777388572692871094e-01 9.281527996063232422e-01 8.838449716567993164e-01 8.690925836563110352e-01 8.543999195098876953e-01 8.320308923721313477e-01 8.060958385467529297e-01 7.727509737014770508e-01 7.423679828643798828e-01 0.000000000000000000e+00 0.000000000000000000e+00 0.000000000000000000e+00 0.000000000000000000e+00 0.000000000000000000e+00 0.000000000000000000e+00
7.734043598175048828e-01 8.389761447906494141e-01 9.161897897720336914e-01 1.005005121231079102e+00 1.088805675506591797e+00 nan 1.098937273025512695e+00 1.046312570571899414e+00 9.890568256378173828e-01 9.332084655761718750e-01 8.840614557266235352e-01 8.626136779785156250e-01 8.363641500473022461e-01 8.103144168853759766e-01 7.773138284683227539e-01 7.471102476119995117e-01 0.000000000000000000e+00 0.000000000000000000e+00 0.000000000000000000e+00 0.000000000000000000e+00 0.000000000000000000e+00 0.000000000000000000e+00
7.681334018707275391e-01 8.097507953643798828e-01 8.737076520919799805e-01 9.491615295410156250e-01 1.030105829238891602e+00 1.109098672866821289e+00 nan 1.111219167709350586e+00 1.049365758895874023e+00 9.894853830337524414e-01 9.316134452819824219e-01 8.667141199111938477e-01 8.404068946838378906e-01 8.132179975509643555e-01 7.813276052474975586e-01 7.511923313140869141e-01 0.000000000000000000e+00 0.000000000000000000e+00 0.000000000000000000e+00 0.000000000000000000e+00 0.000000000000000000e+00 0.000000000000000000e+00
7.554705142974853516e-01 8.010112047195434570e-01 8.441585302352905273e-01 9.002131223678588867e-01 9.675461053848266602e-01 1.039249658584594727e+00 1.115828752517700195e+00 nan 1.114786624908447266e+00 1.041948318481445312e+00 9.724199771881103516e-01 9.053245782852172852e-01 8.444584608078002930e-01 8.161261081695556641e-01 7.842948436737060547e-01 7.552838325500488281e-01 0.000000000000000000e+00 0.000000000000000000e+00 0.000000000000000000e+00 0.000000000000000000e+00 0.000000000000000000e+00 0.000000000000000000e+00
7.406321763992309570e-01 7.915788888931274414e-01 8.345004320144653320e-01 8.673157691955566406e-01 9.109587669372558594e-01 9.758503437042236328e-01 1.043569326400756836e+00 1.133824348449707031e+00 nan 1.109512329101562500e+00 1.035820960998535156e+00 9.647040367126464844e-01 8.960710763931274414e-01 8.334412574768066406e-01 7.995983362197875977e-01 7.668614387512207031e-01 0.000000000000000000e+00 0.000000000000000000e+00 0.000000000000000000e+00 0.000000000000000000e+00 0.000000000000000000e+00 0.000000000000000000e+00
7.251126766204833984e-01 7.817416191101074219e-01 8.231121301651000977e-01 8.540695905685424805e-01 8.723884820938110352e-01 9.201335906982421875e-01 9.853368997573852539e-01 1.057107448577880859e+00 1.140142917633056641e+00 nan 1.107403516769409180e+00 1.033786058425903320e+00 9.627398252487182617e-01 8.894846439361572266e-01 8.272608518600463867e-01 7.944229841232299805e-01 0.000000000000000000e+00 0.000000000000000000e+00 0.000000000000000000e+00 0.000000000000000000e+00 0.000000000000000000e+00 0.000000000000000000e+00
7.126061916351318359e-01 7.666811943054199219e-01 8.101794719696044922e-01 8.380095958709716797e-01 8.555654287338256836e-01 8.732891082763671875e-01 9.293526411056518555e-01 9.801839590072631836e-01 1.060114383697509766e+00 1.143270730972290039e+00 nan 1.105296611785888672e+00 1.031752824783325195e+00 9.547555446624755859e-01 8.798992633819580078e-01 8.224143981933593750e-01 0.000000000000000000e+00 0.000000000000000000e+00 0.000000000000000000e+00 0.000000000000000000e+00 0.000000000000000000e+00 0.000000000000000000e+00
7.269968986511230469e-01 7.517480850219726562e-01 7.973386049270629883e-01 8.214952945709228516e-01 8.388935327529907227e-01 8.552021980285644531e-01 8.617371320724487305e-01 9.042524099349975586e-01 9.790122509002685547e-01 1.058255434036254883e+00 1.137602567672729492e+00 nan 1.102806806564331055e+00 1.022281169891357422e+00 9.448388814926147461e-01 8.668842315673828125e-01 0.000000000000000000e+00 0.000000000000000000e+00 0.000000000000000000e+00 0.000000000000000000e+00 0.000000000000000000e+00 0.000000000000000000e+00
7.414815425872802734e-01 7.599623203277587891e-01 7.781995534896850586e-01 8.031116724014282227e-01 8.152276277542114258e-01 8.224713802337646484e-01 8.276358842849731445e-01 8.328150510787963867e-01 8.976635932922363281e-01 9.736493825912475586e-01 1.052677869796752930e+00 1.139987945556640625e+00 nan 1.092139244079589844e+00 1.012022018432617188e+00 9.314380884170532227e-01 0.000000000000000000e+00 0.000000000000000000e+00 0.000000000000000000e+00 0.000000000000000000e+00 0.000000000000000000e+00 0.000000000000000000e+00
7.552268505096435547e-01 7.737153768539428711e-01 7.734943628311157227e-01 7.715477943420410156e-01 7.840340137481689453e-01 7.890895605087280273e-01 7.941595315933227539e-01 7.992439270019531250e-01 8.240219354629516602e-01 8.925211429595947266e-01 9.683012962341308594e-01 1.047115564346313477e+00 1.145773649215698242e+00 nan 1.081525802612304688e+00 9.982244968414306641e-01 0.000000000000000000e+00 0.000000000000000000e+00 0.000000000000000000e+00 0.000000000000000000e+00 0.000000000000000000e+00 0.000000000000000000e+00
7.690807580947875977e-01 7.822213172912597656e-01 7.749818563461303711e-01 7.580373287200927734e-01 7.406964302062988281e-01 7.489842176437377930e-01 7.573114633560180664e-01 7.656784057617187500e-01 7.875386476516723633e-01 8.197606801986694336e-01 8.873928785324096680e-01 9.629675149917602539e-01 1.051273107528686523e+00 1.151575565338134766e+00 nan 1.067320108413696289e+00 0.000000000000000000e+00 0.000000000000000000e+00 0.000000000000000000e+00 0.000000000000000000e+00 0.000000000000000000e+00 0.000000000000000000e+00
7.830439805984497070e-01 7.841118574142456055e-01 7.725098133087158203e-01 7.494142055511474609e-01 7.266197204589843750e-01 7.055947780609130859e-01 7.137154340744018555e-01 7.218748331069946289e-01 7.429444789886474609e-01 7.777729034423828125e-01 8.132971525192260742e-01 8.822784423828125000e-01 9.576482772827148438e-01 1.063589572906494141e+00 1.157392978668212891e+00 nan 0.000000000000000000e+00 0.000000000000000000e+00 0.000000000000000000e+00 0.000000000000000000e+00 0.000000000000000000e+00 0.000000000000000000e+00
7.719827890396118164e-01 7.724406719207763672e-01 7.591077089309692383e-01 7.408336400985717773e-01 7.181508541107177734e-01 6.957635879516601562e-01 6.736681461334228516e-01 6.791579723358154297e-01 6.967879533767700195e-01 7.306938171386718750e-01 7.652775049209594727e-01 8.005521297454833984e-01 8.696585893630981445e-01 9.510310888290405273e-01 1.075619935989379883e+00 1.138123989105224609e+00 nan 0.000000000000000000e+00 0.000000000000000000e+00 0.000000000000000000e+00 0.000000000000000000e+00 0.000000000000000000e+00
6.071887016296386719e-01 7.245084047317504883e-01 7.189635038375854492e-01 7.038125991821289062e-01 6.878339052200317383e-01 6.720050573348999023e-01 6.563247442245483398e-01 6.407914161682128906e-01 6.518535614013671875e-01 6.848617792129516602e-01 7.185293436050415039e-01 7.528698444366455078e-01 7.878967523574829102e-01 8.558220863342285156e-01 9.535136222839355469e-01 1.052863121032714844e+00 0.000000000000000000e+00 nan 0.000000000000000000e+00 0.000000000000000000e+00 0.000000000000000000e+00 0.000000000000000000e+00
5.583688020706176758e-01 5.582308769226074219e-01 6.400873661041259766e-01 6.655851602554321289e-01 6.499649286270141602e-01 6.344913244247436523e-01 6.191626787185668945e-01 6.039777994155883789e-01 5.965467691421508789e-01 6.252413988113403320e-01 6.623364686965942383e-01 7.002780437469482422e-01 7.390859127044677734e-01 7.753301858901977539e-01 8.420882225036621094e-01 9.318584203720092773e-01 0.000000000000000000e+00 0.000000000000000000e+00 nan 0.000000000000000000e+00 0.000000000000000000e+00 0.000000000000000000e+00
5.362013578414916992e-01 5.354405641555786133e-01 5.322996377944946289e-01 5.597600936889648438e-01 6.129455566406250000e-01 5.978190898895263672e-01 5.828343629837036133e-01 5.679903030395507812e-01 5.624450445175170898e-01 5.703200101852416992e-01 5.967870950698852539e-01 6.332327127456665039e-01 6.705100536346435547e-01 7.086384296417236328e-01 7.476367950439453125e-01 8.081164360046386719e-01 0.000000000000000000e+00 0.000000000000000000e+00 0.000000000000000000e+00 nan 0.000000000000000000e+00 0.000000000000000000e+00
5.125662088394165039e-01 5.129835605621337891e-01 5.103522539138793945e-01 5.062823295593261719e-01 5.049383640289306641e-01 5.619696378707885742e-01 5.473210811614990234e-01 5.328100919723510742e-01 5.290718078613281250e-01 5.367785692214965820e-01 5.445241928100585938e-01 5.688309669494628906e-01 6.046383380889892578e-01 6.412631273269653320e-01 6.787239313125610352e-01 7.197573184967041016e-01 0.000000000000000000e+00 0.000000000000000000e+00 0.000000000000000000e+00 0.000000000000000000e+00 nan 0.000000000000000000e+00
4.827477931976318359e-01 4.893094301223754883e-01 4.886757135391235352e-01 4.847077131271362305e-01 4.822324514389038086e-01 4.821285009384155273e-01 5.038341283798217773e-01 4.984192848205566406e-01 4.964113235473632812e-01 5.039535760879516602e-01 5.115337371826171875e-01 5.191520452499389648e-01 5.413641929626464844e-01 5.765447616577148438e-01 6.125283241271972656e-01 6.519690752029418945e-01 0.000000000000000000e+00 0.000000000000000000e+00 0.000000000000000000e+00 0.000000000000000000e+00 0.000000000000000000e+00 nan
