nan 9.902671575546264648e-01 9.605171680450439453e-01 9.312012195587158203e-01 9.023239612579345703e-01 8.818964958190917969e-01 8.711516857147216797e-01 8.577196598052978516e-01 8.443837165832519531e-01 8.311437368392944336e-01 8.124675750732421875e-01 7.913769483566284180e-01 7.759399414062500000e-01 7.947583198547363281e-01 8.035883903503417969e-01 8.118594884872436523e-01 0.000000000000000000e+00 0.000000000000000000e+00 0.000000000000000000e+00 0.000000000000000000e+00 0.000000000000000000e+00 0.000000000000000000e+00
9.120513200759887695e-01 nan 1.030838727951049805e+00 1.000471353530883789e+00 9.674677848815917969e-01 9.211467504501342773e-01 8.878251314163208008e-01 8.742731809616088867e-01 8.608186244964599609e-01 8.474606275558471680e-01 8.260332345962524414e-01 8.082039356231689453e-01 7.941035032272338867e-01 7.828418016433715820e-01 7.881914377212524414e-01 7.957729101181030273e-01 0.000000000000000000e+00 0.000000000000000000e+00 0.000000000000000000e+00 0.000000000000000000e+00 0.000000000000000000e+00 0.000000000000000000e+00
8.684916496276855469e-01 9.541100263595581055e-01 nan 1.072226285934448242e+00 1.033213853836059570e+00 9.845886230468750000e-01 9.351894855499267578e-01 8.909744024276733398e-01 8.773998022079467773e-01 8.613599538803100586e-01 8.410539627075195312e-01 8.266963958740234375e-01 8.123369216918945312e-01 7.980970144271850586e-01 7.728393077850341797e-01 7.746366262435913086e-01 0.000000000000000000e+00 0.000000000000000000e+00 0.000000000000000000e+00 0.000000000000000000e+00 0.000000000000000000e+00 0.000000000000000000e+00
8.310309648513793945e-01 9.074604511260986328e-01 9.982434511184692383e-01 nan 1.101157188415527344e+00 1.050125837326049805e+00 9.990953207015991211e-01 9.492269754409790039e-01 9.004800319671630859e-01 8.750474452972412109e-01 8.594756126403808594e-01 8.448585271835327148e-01 8.303563594818115234e-01 8.127247095108032227e-01 7.716103792190551758e-01 7.537364959716796875e-01 0.000000000000000000e+00 0.000000000000000000e+00 0.000000000000000000e+00 0.000000000000000000e+00 0.000000000000000000e+00 0.000000000000000000e+00
7.924410104751586914e-01 8.676706552505493164e-01 9.463427066802978516e-01 1.045302391052246094e+00 nan 1.119051218032836914e+00 1.065922021865844727e+00 1.014124870300292969e+00 9.628541469573974609e-01 9.072966575622558594e-01 8.768546581268310547e-01 8.622211217880249023e-01 8.477016687393188477e-01 8.198914527893066406e-01 7.789871692657470703e-01 7.474664449691772461e-01 0.000000000000000000e+00 0.000000000000000000e+00 0.000000000000000000e+00 0.000000000000000000e+00 0.000000000000000000e+00 0.000000000000000000e+00
7.730412483215332031e-01 8.265222311019897461e-01 9.032129049301147461e-01 9.883363246917724609e-01 1.071144580841064453e+00 nan 1.137552976608276367e+00 1.083407163619995117e+00 1.022368669509887695e+00 9.631184339523315430e-01 9.129194021224975586e-01 8.767976760864257812e-01 8.547570705413818359e-01 8.228105306625366211e-01 7.830045223236083984e-01 7.515493631362915039e-01 0.000000000000000000e+00 0.000000000000000000e+00 0.000000000000000000e+00 0.000000000000000000e+00 0.000000000000000000e+00 0.000000000000000000e+00
7.683969736099243164e-01 8.096537590026855469e-01 8.610185384750366211e-01 9.329572916030883789e-01 1.012691974639892578e+00 1.089257478713989258e+00 nan 1.148689508438110352e+00 1.083687782287597656e+00 1.022641181945800781e+00 9.686057567596435547e-01 9.099870920181274414e-01 8.583047389984130859e-01 8.257340192794799805e-01 7.870309352874755859e-01 7.556418180465698242e-01 0.000000000000000000e+00 0.000000000000000000e+00 0.000000000000000000e+00 0.000000000000000000e+00 0.000000000000000000e+00 0.000000000000000000e+00
7.546544075012207031e-01 8.012796640396118164e-01 8.444335460662841797e-01 8.844066858291625977e-01 9.495184421539306641e-01 1.020065546035766602e+00 1.093683004379272461e+00 nan 1.161346435546875000e+00 1.088282108306884766e+00 1.019017457962036133e+00 9.503366947174072266e-01 8.823264837265014648e-01 8.286623954772949219e-01 7.910665273666381836e-01 7.597438097000122070e-01 0.000000000000000000e+00 0.000000000000000000e+00 0.000000000000000000e+00 0.000000000000000000e+00 0.000000000000000000e+00 0.000000000000000000e+00
7.398229837417602539e-01 7.918459177017211914e-01 8.336013555526733398e-01 8.647369146347045898e-01 8.945443630218505859e-01 9.588787555694580078e-01 1.025397539138793945e+00 1.109771728515625000e+00 nan 1.169125795364379883e+00 1.087585449218750000e+00 1.014660358428955078e+00 9.414048194885253906e-01 8.670598268508911133e-01 8.138308525085449219e-01 7.798368930816650391e-01 0.000000000000000000e+00 0.000000000000000000e+00 0.000000000000000000e+00 0.000000000000000000e+00 0.000000000000000000e+00 0.000000000000000000e+00
7.239512205123901367e-01 7.809132337570190430e-01 8.205944299697875977e-01 8.496437072753906250e-01 8.673107624053955078e-01 9.036405086517333984e-01 9.682836532592773438e-01 1.036266803741455078e+00 1.127826929092407227e+00 nan 1.160988330841064453e+00 1.085498571395874023e+00 1.008469343185424805e+00 9.315561056137084961e-01 8.573327064514160156e-01 8.076008558273315430e-01 0.000000000000000000e+00 0.000000000000000000e+00 0.000000000000000000e+00 0.000000000000000000e+00 0.000000000000000000e+00 0.000000000000000000e+00
7.186788320541381836e-01 7.658598423004150391e-01 8.076796531677246094e-01 8.330249786376953125e-01 8.505332469940185547e-01 8.682088851928710938e-01 9.127804040908813477e-01 9.748528003692626953e-01 1.045058250427246094e+00 1.126946210861206055e+00 nan 1.158828020095825195e+00 1.077850580215454102e+00 9.982804059982299805e-01 9.215897321701049805e-01 8.444117307662963867e-01 0.000000000000000000e+00 0.000000000000000000e+00 0.000000000000000000e+00 0.000000000000000000e+00 0.000000000000000000e+00 0.000000000000000000e+00
7.331204414367675781e-01 7.509336471557617188e-01 7.932916879653930664e-01 8.165556192398071289e-01 8.339066505432128906e-01 8.481813669204711914e-01 8.606001138687133789e-01 8.969308137893676758e-01 9.609949588775634766e-01 1.039516687393188477e+00 1.121182680130004883e+00 nan 1.149628162384033203e+00 1.067309379577636719e+00 9.880695343017578125e-01 9.081888198852539062e-01 0.000000000000000000e+00 0.000000000000000000e+00 0.000000000000000000e+00 0.000000000000000000e+00 0.000000000000000000e+00 0.000000000000000000e+00
7.476836442947387695e-01 7.653206586837768555e-01 7.739207744598388672e-01 7.962878942489624023e-01 8.083580732345581055e-01 8.205091953277587891e-01 8.272085189819335938e-01 8.323864936828613281e-01 8.803868293762207031e-01 9.556809663772583008e-01 1.033989906311035156e+00 1.126095533370971680e+00 nan 1.148191452026367188e+00 1.056821823120117188e+00 9.741710424423217773e-01 0.000000000000000000e+00 0.000000000000000000e+00 0.000000000000000000e+00 0.000000000000000000e+00 0.000000000000000000e+00 0.000000000000000000e+00
7.618316411972045898e-01 7.786718606948852539e-01 7.745283842086791992e-01 7.628858089447021484e-01 7.812821865081787109e-01 7.886711359024047852e-01 7.937399148941040039e-01 7.988229990005493164e-01 8.139674663543701172e-01 8.752913475036621094e-01 9.503813982009887695e-01 1.028478145599365234e+00 1.138861179351806641e+00 nan 1.152910947799682617e+00 1.042434930801391602e+00 0.000000000000000000e+00 0.000000000000000000e+00 0.000000000000000000e+00 0.000000000000000000e+00 0.000000000000000000e+00 0.000000000000000000e+00
7.757376432418823242e-01 7.839525938034057617e-01 7.759983539581298828e-01 7.643461227416992188e-01 7.465896606445312500e-01 7.508306503295898438e-01 7.591665983200073242e-01 7.658743858337402344e-01 7.776852846145629883e-01 8.097296953201293945e-01 8.702096939086914062e-01 9.450962543487548828e-01 1.026435136795043945e+00 1.151703834533691406e+00 nan 1.143598079681396484e+00 0.000000000000000000e+00 0.000000000000000000e+00 0.000000000000000000e+00 0.000000000000000000e+00 0.000000000000000000e+00 0.000000000000000000e+00
7.897170782089233398e-01 7.858449220657348633e-01 7.774695158004760742e-01 7.609679698944091797e-01 7.380229234695434570e-01 7.153767347335815430e-01 7.155245542526245117e-01 7.236925363540649414e-01 7.355728149414062500e-01 7.702537775039672852e-01 8.055018186569213867e-01 8.651418685913085938e-01 9.398254156112670898e-01 1.038602590560913086e+00 1.164623022079467773e+00 nan 0.000000000000000000e+00 0.000000000000000000e+00 0.000000000000000000e+00 0.000000000000000000e+00 0.000000000000000000e+00 0.000000000000000000e+00
7.710512876510620117e-01 7.746833562850952148e-01 7.686382532119750977e-01 7.523305416107177734e-01 7.294980287551879883e-01 7.069630622863769531e-01 6.847217082977294922e-01 6.809306144714355469e-01 6.896113157272338867e-01 7.233740091323852539e-01 7.578113079071044922e-01 7.929368019104003906e-01 8.550264835357666016e-01 9.330130815505981445e-01 1.050843000411987305e+00 1.160658597946166992e+00 nan 0.000000000000000000e+00 0.000000000000000000e+00 0.000000000000000000e+00 0.000000000000000000e+00 0.000000000000000000e+00
5.847222805023193359e-01 7.086890935897827148e-01 7.282764911651611328e-01 7.131106853485107422e-01 6.970447301864624023e-01 6.811295747756958008e-01 6.653635501861572266e-01 6.497454643249511719e-01 6.470342874526977539e-01 6.777356863021850586e-01 7.112609148025512695e-01 7.454562187194824219e-01 7.803347110748291016e-01 8.412983417510986328e-01 9.323487281799316406e-01 1.041784286499023438e+00 0.000000000000000000e+00 nan 0.000000000000000000e+00 0.000000000000000000e+00 0.000000000000000000e+00 0.000000000000000000e+00
5.612004995346069336e-01 5.606180429458618164e-01 6.250020265579223633e-01 6.746746301651000977e-01 6.589690446853637695e-01 6.434109210968017578e-01 6.279987096786499023e-01 6.127310991287231445e-01 5.976065397262573242e-01 6.169778108596801758e-01 6.538842916488647461e-01 6.916331052780151367e-01 7.302434444427490234e-01 7.678214311599731445e-01 8.276717662811279297e-01 9.195017814636230469e-01 0.000000000000000000e+00 0.000000000000000000e+00 nan 0.000000000000000000e+00 0.000000000000000000e+00 0.000000000000000000e+00
5.389927625656127930e-01 5.377928018569946289e-01 5.344456434249877930e-01 5.454137325286865234e-01 6.217477321624755859e-01 6.065386533737182617e-01 5.914722681045532227e-01 5.765470266342163086e-01 5.629601478576660156e-01 5.708377361297607422e-01 5.886682271957397461e-01 6.249284744262695312e-01 6.620163917541503906e-01 6.999508142471313477e-01 7.387510538101196289e-01 7.938290834426879883e-01 0.000000000000000000e+00 0.000000000000000000e+00 0.000000000000000000e+00 nan 0.000000000000000000e+00 0.000000000000000000e+00
5.154219865798950195e-01 5.153013467788696289e-01 5.124675035476684570e-01 5.083918571472167969e-01 5.069296360015869141e-01 5.682703256607055664e-01 5.557652711868286133e-01 5.411748886108398438e-01 5.295759439468383789e-01 5.372852087020874023e-01 5.450333356857299805e-01 5.608541965484619141e-01 5.964796543121337891e-01 6.329181194305419922e-01 6.701884269714355469e-01 7.114585638046264648e-01 0.000000000000000000e+00 0.000000000000000000e+00 0.000000000000000000e+00 0.000000000000000000e+00 nan 0.000000000000000000e+00
4.849162101745605469e-01 4.914873838424682617e-01 4.905514717102050781e-01 4.867147207260131836e-01 4.841936826705932617e-01 4.840896129608154297e-01 4.900604486465454102e-01 5.065964460372924805e-01 4.969047307968139648e-01 5.044493675231933594e-01 5.120319128036499023e-01 5.196528434753417969e-01 5.335271358489990234e-01 5.685287714004516602e-01 6.043293476104736328e-01 6.435462236404418945e-01 0.000000000000000000e+00 0.000000000000000000e+00 0.000000000000000000e+00 0.000000000000000000e+00 0.000000000000000000e+00 nan
