nan 8.577471971511840820e-01 8.344844579696655273e-01 8.028215169906616211e-01 8.048884868621826172e-01 8.091835975646972656e-01 8.051095008850097656e-01 7.988855838775634766e-01 7.926832437515258789e-01 7.865022420883178711e-01 7.803424596786499023e-01 7.742041349411010742e-01 7.863167524337768555e-01 8.086725473403930664e-01 8.307248353958129883e-01 8.408647775650024414e-01 0.000000000000000000e+00 0.000000000000000000e+00 0.000000000000000000e+00 0.000000000000000000e+00 0.000000000000000000e+00 0.000000000000000000e+00
8.530604839324951172e-01 nan 8.911799192428588867e-01 8.684600591659545898e-01 8.362109661102294922e-01 8.310358524322509766e-01 8.251321315765380859e-01 8.188393115997314453e-01 8.125680685043334961e-01 8.063185214996337891e-01 8.000904321670532227e-01 7.938840389251708984e-01 7.876988649368286133e-01 7.970210313796997070e-01 8.161598443984985352e-01 8.190798759460449219e-01 0.000000000000000000e+00 0.000000000000000000e+00 0.000000000000000000e+00 0.000000000000000000e+00 0.000000000000000000e+00 0.000000000000000000e+00
8.148354291915893555e-01 8.889352083206176758e-01 nan 9.266575574874877930e-01 9.014492034912109375e-01 8.579871654510498047e-01 8.453768491744995117e-01 8.390141725540161133e-01 8.326735496520996094e-01 8.263546228408813477e-01 8.200575113296508789e-01 8.137820959091186523e-01 8.067235946655273438e-01 7.916132211685180664e-01 7.941344976425170898e-01 7.975527048110961914e-01 0.000000000000000000e+00 0.000000000000000000e+00 0.000000000000000000e+00 0.000000000000000000e+00 0.000000000000000000e+00 0.000000000000000000e+00
7.773987054824829102e-01 8.499699831008911133e-01 9.263321161270141602e-01 nan 9.578535556793212891e-01 9.234519004821777344e-01 8.826131820678710938e-01 8.594131469726562500e-01 8.530019521713256836e-01 8.466130495071411133e-01 8.402460813522338867e-01 8.339010477066040039e-01 8.246870040893554688e-01 7.993255853652954102e-01 7.741819620132446289e-01 7.762802839279174805e-01 0.000000000000000000e+00 0.000000000000000000e+00 0.000000000000000000e+00 0.000000000000000000e+00 0.000000000000000000e+00 0.000000000000000000e+00
7.576006650924682617e-01 8.103507757186889648e-01 8.854969739913940430e-01 9.646637439727783203e-01 nan 9.809231758117675781e-01 9.479461908340454102e-01 9.066880941390991211e-01 8.739917278289794922e-01 8.674740791320800781e-01 8.609789609909057617e-01 8.545066118240356445e-01 8.325821161270141602e-01 8.067557811737060547e-01 7.814826965332031250e-01 7.552099227905273438e-01 0.000000000000000000e+00 0.000000000000000000e+00 0.000000000000000000e+00 0.000000000000000000e+00 0.000000000000000000e+00 0.000000000000000000e+00
7.544239759445190430e-01 7.916355133056640625e-01 8.436954021453857422e-01 9.211071729660034180e-01 9.900481700897216797e-01 nan 1.004310369491577148e+00 9.704817533493041992e-01 9.287462234497070312e-01 8.900420665740966797e-01 8.834683895111083984e-01 8.628696203231811523e-01 8.366165161132812500e-01 8.107333183288574219e-01 7.852636575698852539e-01 7.535197734832763672e-01 0.000000000000000000e+00 0.000000000000000000e+00 0.000000000000000000e+00 0.000000000000000000e+00 0.000000000000000000e+00 0.000000000000000000e+00
7.512531280517578125e-01 7.883974313735961914e-01 8.281650543212890625e-01 8.758528232574462891e-01 9.436434507369995117e-01 1.017065525054931641e+00 nan 1.027973413467407227e+00 9.932776689529418945e-01 9.510594606399536133e-01 8.943190574645996094e-01 8.669706583023071289e-01 8.406597375869750977e-01 8.147195577621459961e-01 7.891449928283691406e-01 7.574796676635742188e-01 0.000000000000000000e+00 0.000000000000000000e+00 0.000000000000000000e+00 0.000000000000000000e+00 0.000000000000000000e+00 0.000000000000000000e+00
7.464194297790527344e-01 7.854354381561279297e-01 8.252320289611816406e-01 8.611154556274414062e-01 8.983986377716064453e-01 9.701116085052490234e-01 1.041017770767211914e+00 nan 1.051916122436523438e+00 1.002454996109008789e+00 9.343377351760864258e-01 8.710807561874389648e-01 8.447118997573852539e-01 8.187146186828613281e-01 7.930836677551269531e-01 7.614485025405883789e-01 0.000000000000000000e+00 0.000000000000000000e+00 0.000000000000000000e+00 0.000000000000000000e+00 0.000000000000000000e+00 0.000000000000000000e+00
7.376281023025512695e-01 7.825709581375122070e-01 8.223038911819458008e-01 8.555405139923095703e-01 8.818712234497070312e-01 9.201029539108276367e-01 9.853051900863647461e-01 1.047617912292480469e+00 nan 1.035638570785522461e+00 9.752017259597778320e-01 9.080115556716918945e-01 8.487728834152221680e-01 8.227185010910034180e-01 7.970310449600219727e-01 7.654262781143188477e-01 0.000000000000000000e+00 0.000000000000000000e+00 0.000000000000000000e+00 0.000000000000000000e+00 0.000000000000000000e+00 0.000000000000000000e+00
7.229295969009399414e-01 7.775733470916748047e-01 8.189051151275634766e-01 8.498412370681762695e-01 8.678145408630371094e-01 8.856551647186279297e-01 9.293218851089477539e-01 9.906824827194213867e-01 1.037556171417236328e+00 nan 1.030528545379638672e+00 9.692459106445312500e-01 9.004544019699096680e-01 8.428516387939453125e-01 8.151576519012451172e-01 7.864812612533569336e-01 0.000000000000000000e+00 0.000000000000000000e+00 0.000000000000000000e+00 0.000000000000000000e+00 0.000000000000000000e+00 0.000000000000000000e+00
7.296277284622192383e-01 7.638292312622070312e-01 8.066152334213256836e-01 8.335194587707519531e-01 8.510326147079467773e-01 8.687127828598022461e-01 8.851842880249023438e-01 9.195369482040405273e-01 9.722142219543457031e-01 1.036199808120727539e+00 nan 1.029177188873291016e+00 9.672772884368896484e-01 8.985546827316284180e-01 8.441590070724487305e-01 8.143117427825927734e-01 0.000000000000000000e+00 0.000000000000000000e+00 0.000000000000000000e+00 0.000000000000000000e+00 0.000000000000000000e+00 0.000000000000000000e+00
7.440680265426635742e-01 7.604595422744750977e-01 7.937996387481689453e-01 8.170456886291503906e-01 8.344013690948486328e-01 8.519228696823120117e-01 8.578170537948608398e-01 8.636608123779296875e-01 8.984650373458862305e-01 9.750968217849731445e-01 1.034844636917114258e+00 nan 1.027826070785522461e+00 9.653104543685913086e-01 8.966566324234008789e-01 8.425757884979248047e-01 0.000000000000000000e+00 0.000000000000000000e+00 0.000000000000000000e+00 0.000000000000000000e+00 0.000000000000000000e+00 0.000000000000000000e+00
7.587231397628784180e-01 7.774624824523925781e-01 7.839044332504272461e-01 8.007198572158813477e-01 8.179196119308471680e-01 8.251062631607055664e-01 8.308471441268920898e-01 8.366061449050903320e-01 8.422222137451171875e-01 9.004828929901123047e-01 9.765816926956176758e-01 1.033100366592407227e+00 nan 1.026476621627807617e+00 9.633460044860839844e-01 8.919299840927124023e-01 0.000000000000000000e+00 0.000000000000000000e+00 0.000000000000000000e+00 0.000000000000000000e+00 0.000000000000000000e+00 0.000000000000000000e+00
7.727625370025634766e-01 7.917971611022949219e-01 7.987315654754638672e-01 7.887711524963378906e-01 7.881234884262084961e-01 7.931907176971435547e-01 7.982722520828247070e-01 8.033682107925415039e-01 8.084785938262939453e-01 8.362674713134765625e-01 8.953330516815185547e-01 9.712256193161010742e-01 1.031724929809570312e+00 nan 1.025127649307250977e+00 9.573632478713989258e-01 0.000000000000000000e+00 0.000000000000000000e+00 0.000000000000000000e+00 0.000000000000000000e+00 0.000000000000000000e+00 0.000000000000000000e+00
7.867548465728759766e-01 8.052028417587280273e-01 8.020763397216796875e-01 7.828725576400756836e-01 7.596420049667358398e-01 7.539820671081542969e-01 7.623331546783447266e-01 7.703362703323364258e-01 7.753530740737915039e-01 7.995393276214599609e-01 8.319776058197021484e-01 8.901970386505126953e-01 9.671009778976440430e-01 1.037218332290649414e+00 nan 1.022331953048706055e+00 0.000000000000000000e+00 0.000000000000000000e+00 0.000000000000000000e+00 0.000000000000000000e+00 0.000000000000000000e+00 0.000000000000000000e+00
8.008575439453125000e-01 8.115947246551513672e-01 7.975493669509887695e-01 7.741276025772094727e-01 7.510111331939697266e-01 7.281959056854248047e-01 7.186125516891479492e-01 7.267953157424926758e-01 7.350169420242309570e-01 7.590095996856689453e-01 7.941589355468750000e-01 8.276977539062500000e-01 8.850749731063842773e-01 9.789121150970458984e-01 1.042726516723632812e+00 nan 0.000000000000000000e+00 0.000000000000000000e+00 0.000000000000000000e+00 0.000000000000000000e+00 0.000000000000000000e+00 0.000000000000000000e+00
7.946405410766601562e-01 8.010983467102050781e-01 7.872713804244995117e-01 7.654256820678710938e-01 7.424225807189941406e-01 7.197192907333374023e-01 6.973116397857666016e-01 6.839563846588134766e-01 6.919740438461303711e-01 7.124276161193847656e-01 7.466462850570678711e-01 7.815485000610351562e-01 8.171483278274536133e-01 8.770933151245117188e-01 9.907939434051513672e-01 1.047378301620483398e+00 nan 0.000000000000000000e+00 0.000000000000000000e+00 0.000000000000000000e+00 0.000000000000000000e+00 0.000000000000000000e+00
6.069458723068237305e-01 7.239474058151245117e-01 7.464842796325683594e-01 7.311227321624755859e-01 7.148878574371337891e-01 6.988053321838378906e-01 6.828736066818237305e-01 6.669793128967285156e-01 6.499989032745361328e-01 6.670792102813720703e-01 7.003915309906005859e-01 7.343695163726806641e-01 7.690266370773315430e-01 8.043761253356933594e-01 8.744097948074340820e-01 9.929765462875366211e-01 0.000000000000000000e+00 nan 0.000000000000000000e+00 0.000000000000000000e+00 0.000000000000000000e+00 0.000000000000000000e+00
5.637421607971191406e-01 5.634452104568481445e-01 6.395128965377807617e-01 6.922824382781982422e-01 6.764118671417236328e-01 6.606901884078979492e-01 6.451158523559570312e-01 6.296876668930053711e-01 6.144042015075683594e-01 6.103599071502685547e-01 6.471153497695922852e-01 6.847096681594848633e-01 7.221792936325073242e-01 7.565927505493164062e-01 7.916939258575439453e-01 8.755017518997192383e-01 0.000000000000000000e+00 0.000000000000000000e+00 nan 0.000000000000000000e+00 0.000000000000000000e+00 0.000000000000000000e+00
5.414981842041015625e-01 5.405786037445068359e-01 5.373295545578002930e-01 5.592138767242431641e-01 6.387991905212402344e-01 6.234302520751953125e-01 6.082053184509277344e-01 5.931233167648315430e-01 5.781826972961425781e-01 5.736850500106811523e-01 5.821661949157714844e-01 6.182780265808105469e-01 6.552140712738037109e-01 6.929932832717895508e-01 7.316347360610961914e-01 7.713377475738525391e-01 0.000000000000000000e+00 0.000000000000000000e+00 0.000000000000000000e+00 nan 0.000000000000000000e+00 0.000000000000000000e+00
5.182380676269531250e-01 5.180464982986450195e-01 5.153101682662963867e-01 5.112268924713134766e-01 5.098239183425903320e-01 5.822415351867675781e-01 5.721228122711181641e-01 5.573792457580566406e-01 5.427738428115844727e-01 5.400717258453369141e-01 5.478339195251464844e-01 5.556352138519287109e-01 5.899455547332763672e-01 6.262350082397460938e-01 6.633527278900146484e-01 7.015163898468017578e-01 0.000000000000000000e+00 0.000000000000000000e+00 0.000000000000000000e+00 0.000000000000000000e+00 nan 0.000000000000000000e+00
4.885603189468383789e-01 4.949668645858764648e-01 4.936060905456542969e-01 4.895813465118408203e-01 4.870443344116210938e-01 4.869399070739746094e-01 5.033351182937622070e-01 5.224370956420898438e-01 5.081593990325927734e-01 5.071763992309570312e-01 5.147727727890014648e-01 5.224074125289916992e-01 5.300805568695068359e-01 5.621091127395629883e-01 5.977632999420166016e-01 6.344470977783203125e-01 0.000000000000000000e+00 0.000000000000000000e+00 0.000000000000000000e+00 0.000000000000000000e+00 0.000000000000000000e+00 nan
