nan 8.933467864990234375e-01 8.609148263931274414e-01 8.330883979797363281e-01 8.177082538604736328e-01 8.231755495071411133e-01 8.149360418319702148e-01 8.039356470108032227e-01 7.979416847229003906e-01 7.919673919677734375e-01 7.860130071640014648e-01 7.799404859542846680e-01 7.799617052078247070e-01 8.005399703979492188e-01 8.166507482528686523e-01 8.210104703903198242e-01 0.000000000000000000e+00 0.000000000000000000e+00 0.000000000000000000e+00 0.000000000000000000e+00 0.000000000000000000e+00 0.000000000000000000e+00
9.163987636566162109e-01 nan 9.292836189270019531e-01 8.988394737243652344e-01 8.704460859298706055e-01 8.429127931594848633e-01 8.311084508895874023e-01 8.249652385711669922e-01 8.189013004302978516e-01 8.128575086593627930e-01 8.068337440490722656e-01 7.981449365615844727e-01 7.841230630874633789e-01 7.885850667953491211e-01 8.011422157287597656e-01 8.055688142776489258e-01 0.000000000000000000e+00 0.000000000000000000e+00 0.000000000000000000e+00 0.000000000000000000e+00 0.000000000000000000e+00 0.000000000000000000e+00
8.780354261398315430e-01 9.549753665924072266e-01 nan 9.669487476348876953e-01 9.347586631774902344e-01 8.889420032501220703e-01 8.523951768875122070e-01 8.462400436401367188e-01 8.401054143905639648e-01 8.339910507202148438e-01 8.278970718383789062e-01 8.165355920791625977e-01 8.023703098297119141e-01 7.884666919708251953e-01 7.857661247253417969e-01 7.902580499649047852e-01 0.000000000000000000e+00 0.000000000000000000e+00 0.000000000000000000e+00 0.000000000000000000e+00 0.000000000000000000e+00 0.000000000000000000e+00
8.403834104537963867e-01 9.157807826995849609e-01 9.963388442993164062e-01 nan 9.994121789932250977e-01 9.543075561523437500e-01 9.130631685256958008e-01 8.726891279220581055e-01 8.615567684173583984e-01 8.553711175918579102e-01 8.492060899734497070e-01 8.351144790649414062e-01 8.208042383193969727e-01 8.066160678863525391e-01 7.757081985473632812e-01 7.750771045684814453e-01 0.000000000000000000e+00 0.000000000000000000e+00 0.000000000000000000e+00 0.000000000000000000e+00 0.000000000000000000e+00 0.000000000000000000e+00
8.034863471984863281e-01 8.775846958160400391e-01 9.565711021423339844e-01 1.038880348205566406e+00 nan 1.024341106414794922e+00 9.816185235977172852e-01 9.397977590560913086e-01 8.988593816757202148e-01 8.770004510879516602e-01 8.684532642364501953e-01 8.538831472396850586e-01 8.394266366958618164e-01 8.250827789306640625e-01 7.903019189834594727e-01 7.585937976837158203e-01 0.000000000000000000e+00 0.000000000000000000e+00 0.000000000000000000e+00 0.000000000000000000e+00 0.000000000000000000e+00 0.000000000000000000e+00
7.652148008346557617e-01 8.381547927856445312e-01 9.155837297439575195e-01 9.962741136550903320e-01 1.067842721939086914e+00 nan 1.050910711288452148e+00 1.007733583450317383e+00 9.654653072357177734e-01 9.240868091583251953e-01 8.861187696456909180e-01 8.715314865112304688e-01 8.570569753646850586e-01 8.383077383041381836e-01 8.032457828521728516e-01 7.663222551345825195e-01 0.000000000000000000e+00 0.000000000000000000e+00 0.000000000000000000e+00 0.000000000000000000e+00 0.000000000000000000e+00 0.000000000000000000e+00
7.597992420196533203e-01 7.984467744827270508e-01 8.742029666900634766e-01 9.500610828399658203e-01 1.020600080490112305e+00 1.097202777862548828e+00 nan 1.076112747192382812e+00 1.032404899597167969e+00 9.819512367248535156e-01 9.316968917846679688e-01 8.867131471633911133e-01 8.721212148666381836e-01 8.480285406112670898e-01 8.078069686889648438e-01 7.709283828735351562e-01 0.000000000000000000e+00 0.000000000000000000e+00 0.000000000000000000e+00 0.000000000000000000e+00 0.000000000000000000e+00 0.000000000000000000e+00
7.576200962066650391e-01 7.963303327560424805e-01 8.366004228591918945e-01 9.047437906265258789e-01 9.747101068496704102e-01 1.049572944641113281e+00 1.127274036407470703e+00 nan 1.093345642089843750e+00 1.040266752243041992e+00 9.885337352752685547e-01 9.381124973297119141e-01 8.851891756057739258e-01 8.515527248382568359e-01 8.123799562454223633e-01 7.755466699600219727e-01 0.000000000000000000e+00 0.000000000000000000e+00 0.000000000000000000e+00 0.000000000000000000e+00 0.000000000000000000e+00 0.000000000000000000e+00
7.554436922073364258e-01 7.944513559341430664e-01 8.346792459487915039e-01 8.681209087371826172e-01 9.298624992370605469e-01 1.003025293350219727e+00 1.072906970977783203e+00 1.155228137969970703e+00 nan 1.107012510299682617e+00 1.047042846679687500e+00 9.951381683349609375e-01 9.260069131851196289e-01 8.550244569778442383e-01 8.169643878936767578e-01 7.801767587661743164e-01 0.000000000000000000e+00 0.000000000000000000e+00 0.000000000000000000e+00 0.000000000000000000e+00 0.000000000000000000e+00 0.000000000000000000e+00
7.486931085586547852e-01 7.925745248794555664e-01 8.320311307907104492e-01 8.635666370391845703e-01 8.873260021209716797e-01 9.487529993057250977e-01 1.015065431594848633e+00 1.084538459777832031e+00 1.179996013641357422e+00 nan 1.125988483428955078e+00 1.055643081665039062e+00 9.770206212997436523e-01 9.014055728912353516e-01 8.312411308288574219e-01 7.956510782241821289e-01 0.000000000000000000e+00 0.000000000000000000e+00 0.000000000000000000e+00 0.000000000000000000e+00 0.000000000000000000e+00 0.000000000000000000e+00
7.308014631271362305e-01 7.866125106811523438e-01 8.251433372497558594e-01 8.530781269073486328e-01 8.708965778350830078e-01 8.943758010864257812e-01 9.588378667831420898e-01 1.025493621826171875e+00 1.108494043350219727e+00 1.221925973892211914e+00 nan 1.127121210098266602e+00 1.045765161514282227e+00 9.675210714340209961e-01 8.920063972473144531e-01 8.240233659744262695e-01 0.000000000000000000e+00 0.000000000000000000e+00 0.000000000000000000e+00 0.000000000000000000e+00 0.000000000000000000e+00 0.000000000000000000e+00
7.246729135513305664e-01 7.760792970657348633e-01 8.127076625823974609e-01 8.369467258453369141e-01 8.546100854873657227e-01 8.724431991577148438e-01 9.041792154312133789e-01 9.689750671386718750e-01 1.039337396621704102e+00 1.125151157379150391e+00 1.247233152389526367e+00 nan 1.116900444030761719e+00 1.035935163497924805e+00 9.578933715820312500e-01 8.805428743362426758e-01 0.000000000000000000e+00 0.000000000000000000e+00 0.000000000000000000e+00 0.000000000000000000e+00 0.000000000000000000e+00 0.000000000000000000e+00
7.392491102218627930e-01 7.615014314651489258e-01 8.003568649291992188e-01 8.209558725357055664e-01 8.384653329849243164e-01 8.561432361602783203e-01 8.736869096755981445e-01 9.083492755889892578e-01 9.643938541412353516e-01 1.038243532180786133e+00 1.128859758377075195e+00 1.260400056838989258e+00 nan 1.113533258438110352e+00 1.025833606719970703e+00 9.456691741943359375e-01 0.000000000000000000e+00 0.000000000000000000e+00 0.000000000000000000e+00 0.000000000000000000e+00 0.000000000000000000e+00 0.000000000000000000e+00
7.531114816665649414e-01 7.719032764434814453e-01 7.851920127868652344e-01 8.051041364669799805e-01 8.213490247726440430e-01 8.336988687515258789e-01 8.461325168609619141e-01 8.575904369354248047e-01 8.873285055160522461e-01 9.547100067138671875e-01 1.032980203628540039e+00 1.141552209854125977e+00 1.273936748504638672e+00 nan 1.118176698684692383e+00 1.012947559356689453e+00 0.000000000000000000e+00 0.000000000000000000e+00 0.000000000000000000e+00 0.000000000000000000e+00 0.000000000000000000e+00 0.000000000000000000e+00
7.670341730117797852e-01 7.852464914321899414e-01 7.893400192260742188e-01 7.807241678237915039e-01 7.944202423095703125e-01 8.064776659011840820e-01 8.184269666671752930e-01 8.235800266265869141e-01 8.287477493286132812e-01 8.743603229522705078e-01 9.494131803512573242e-01 1.028984546661376953e+00 1.154410362243652344e+00 1.284930706024169922e+00 nan 1.119580745697021484e+00 0.000000000000000000e+00 0.000000000000000000e+00 0.000000000000000000e+00 0.000000000000000000e+00 0.000000000000000000e+00 0.000000000000000000e+00
7.810330390930175781e-01 7.986359596252441406e-01 7.908324003219604492e-01 7.790827751159667969e-01 7.674102783203125000e-01 7.794300317764282227e-01 7.851191759109497070e-01 7.901778221130371094e-01 7.952508926391601562e-01 8.137444257736206055e-01 8.692812919616699219e-01 9.441306591033935547e-01 1.041167020797729492e+00 1.167346239089965820e+00 1.291108846664428711e+00 nan 0.000000000000000000e+00 0.000000000000000000e+00 0.000000000000000000e+00 0.000000000000000000e+00 0.000000000000000000e+00 0.000000000000000000e+00
7.950905561447143555e-01 8.006685972213745117e-01 7.921290397644042969e-01 7.805564403533935547e-01 7.688742876052856445e-01 7.482718229293823242e-01 7.523012161254882812e-01 7.573875188827514648e-01 7.623676061630249023e-01 7.774666547775268555e-01 8.095071315765380859e-01 8.642158508300781250e-01 9.388623237609863281e-01 1.053422689437866211e+00 1.180359601974487305e+00 1.290829181671142578e+00 nan 0.000000000000000000e+00 0.000000000000000000e+00 0.000000000000000000e+00 0.000000000000000000e+00 0.000000000000000000e+00
6.251981258392333984e-01 7.551863193511962891e-01 7.748061418533325195e-01 7.705657482147216797e-01 7.578023672103881836e-01 7.396967411041259766e-01 7.170287370681762695e-01 7.169656753540039062e-01 7.251404523849487305e-01 7.402727603912353516e-01 7.733142375946044922e-01 8.052797317504882812e-01 8.591642379760742188e-01 9.454873800277709961e-01 1.065751791000366211e+00 1.185859680175781250e+00 0.000000000000000000e+00 nan 0.000000000000000000e+00 0.000000000000000000e+00 0.000000000000000000e+00 0.000000000000000000e+00
5.858569145202636719e-01 5.901613235473632812e-01 6.898541450500488281e-01 7.346311807632446289e-01 7.183635234832763672e-01 7.022484540939331055e-01 6.862844228744506836e-01 6.704699993133544922e-01 6.735209226608276367e-01 6.915444135665893555e-01 7.280409336090087891e-01 7.625715732574462891e-01 7.977921962738037109e-01 8.541262149810791016e-01 9.571684598922729492e-01 1.069628000259399414e+00 0.000000000000000000e+00 0.000000000000000000e+00 nan 0.000000000000000000e+00 0.000000000000000000e+00 0.000000000000000000e+00
5.671898126602172852e-01 5.708043575286865234e-01 5.701044797897338867e-01 6.118010282516479492e-01 6.798095703125000000e-01 6.640560626983642578e-01 6.484501361846923828e-01 6.329905986785888672e-01 6.176761388778686523e-01 6.248433589935302734e-01 6.619292497634887695e-01 6.998617649078369141e-01 7.386598587036132812e-01 7.783436775207519531e-01 8.398779630661010742e-01 9.569817781448364258e-01 0.000000000000000000e+00 0.000000000000000000e+00 0.000000000000000000e+00 nan 0.000000000000000000e+00 0.000000000000000000e+00
5.472693443298339844e-01 5.503530502319335938e-01 5.476156473159790039e-01 5.434452295303344727e-01 5.422867536544799805e-01 6.267204284667968750e-01 6.114647388458251953e-01 5.963521003723144531e-01 5.813812017440795898e-01 5.740822553634643555e-01 5.963958501815795898e-01 6.328325271606445312e-01 6.701008081436157227e-01 7.082197666168212891e-01 7.472087144851684570e-01 7.946397066116333008e-01 0.000000000000000000e+00 0.000000000000000000e+00 0.000000000000000000e+00 0.000000000000000000e+00 nan 0.000000000000000000e+00
5.201264619827270508e-01 5.266690254211425781e-01 5.254487991333007812e-01 5.213382244110107422e-01 5.190174579620361328e-01 5.189108848571777344e-01 5.539722442626953125e-01 5.605356693267822266e-01 5.459005832672119141e-01 5.404604673385620117e-01 5.482246875762939453e-01 5.684466361999511719e-01 6.042453050613403320e-01 6.408611536026000977e-01 6.783126592636108398e-01 7.188251018524169922e-01 0.000000000000000000e+00 0.000000000000000000e+00 0.000000000000000000e+00 0.000000000000000000e+00 0.000000000000000000e+00 nan
