nan 8.402657508850097656e-01 8.188334703445434570e-01 7.874405384063720703e-01 7.956011295318603516e-01 8.016108274459838867e-01 7.977459430694580078e-01 7.915474176406860352e-01 7.853703498840332031e-01 7.792145013809204102e-01 7.730799913406372070e-01 7.669665813446044922e-01 7.810990810394287109e-01 8.080990314483642578e-01 8.294279575347900391e-01 8.415871858596801758e-01 0.000000000000000000e+00 0.000000000000000000e+00 0.000000000000000000e+00 0.000000000000000000e+00 0.000000000000000000e+00 0.000000000000000000e+00
8.430242538452148438e-01 nan 8.736277818679809570e-01 8.525191545486450195e-01 8.205451965332031250e-01 8.233715295791625977e-01 8.176869153976440430e-01 8.114197254180908203e-01 8.051741123199462891e-01 7.989499568939208984e-01 7.927473783493041992e-01 7.865661382675170898e-01 7.804062366485595703e-01 7.973626852035522461e-01 8.072416782379150391e-01 8.197937011718750000e-01 0.000000000000000000e+00 0.000000000000000000e+00 0.000000000000000000e+00 0.000000000000000000e+00 0.000000000000000000e+00 0.000000000000000000e+00
8.050060272216796875e-01 8.787047863006591797e-01 nan 9.087760448455810547e-01 8.868288993835449219e-01 8.442077636718750000e-01 8.378490209579467773e-01 8.315123319625854492e-01 8.251974582672119141e-01 8.189042806625366211e-01 8.126329183578491211e-01 8.063831329345703125e-01 8.001548051834106445e-01 7.808456420898437500e-01 7.853244543075561523e-01 7.981194257736206055e-01 0.000000000000000000e+00 0.000000000000000000e+00 0.000000000000000000e+00 0.000000000000000000e+00 0.000000000000000000e+00 0.000000000000000000e+00
7.677720785140991211e-01 8.399504423141479492e-01 9.161078929901123047e-01 nan 9.419301748275756836e-01 9.091385602951049805e-01 8.686037063598632812e-01 8.518278598785400391e-01 8.454430103302001953e-01 8.390800952911376953e-01 8.327389955520629883e-01 8.264200687408447266e-01 8.141943216323852539e-01 7.885118722915649414e-01 7.636729478836059570e-01 7.763128280639648438e-01 0.000000000000000000e+00 0.000000000000000000e+00 0.000000000000000000e+00 0.000000000000000000e+00 0.000000000000000000e+00 0.000000000000000000e+00
7.507750988006591797e-01 8.003503084182739258e-01 8.752928972244262695e-01 9.540313482284545898e-01 nan 9.644898176193237305e-01 9.332478046417236328e-01 8.923009634017944336e-01 8.664590120315551758e-01 8.599674701690673828e-01 8.534984588623046875e-01 8.456197977066040039e-01 8.213353157043457031e-01 7.956674098968505859e-01 7.704579830169677734e-01 7.546055316925048828e-01 0.000000000000000000e+00 0.000000000000000000e+00 0.000000000000000000e+00 0.000000000000000000e+00 0.000000000000000000e+00 0.000000000000000000e+00
7.476108074188232422e-01 7.846778631210327148e-01 8.337175846099853516e-01 9.107103347778320312e-01 9.786248207092285156e-01 nan 9.876829385757446289e-01 9.556132555007934570e-01 9.141926765441894531e-01 8.824446201324462891e-01 8.747199773788452148e-01 8.514369726181030273e-01 8.253449201583862305e-01 7.996206283569335938e-01 7.742587327957153320e-01 7.505489587783813477e-01 0.000000000000000000e+00 0.000000000000000000e+00 0.000000000000000000e+00 0.000000000000000000e+00 0.000000000000000000e+00 0.000000000000000000e+00
7.444521188735961914e-01 7.815605401992797852e-01 8.212708234786987305e-01 8.678628206253051758e-01 9.352500438690185547e-01 1.001783847808837891e+00 nan 1.011149883270263672e+00 9.782372713088989258e-01 9.335216283798217773e-01 8.820362091064453125e-01 8.555128574371337891e-01 8.293633460998535156e-01 8.035824298858642578e-01 7.781647443771362305e-01 7.542643547058105469e-01 0.000000000000000000e+00 0.000000000000000000e+00 0.000000000000000000e+00 0.000000000000000000e+00 0.000000000000000000e+00 0.000000000000000000e+00
7.383388280868530273e-01 7.787023782730102539e-01 8.183488845825195312e-01 8.558862209320068359e-01 8.902006149291992188e-01 9.616039991378784180e-01 1.025417327880859375e+00 nan 1.032845735549926758e+00 9.791992902755737305e-01 9.118729829788208008e-01 8.595976829528808594e-01 8.333907127380371094e-01 8.075528144836425781e-01 7.820792198181152344e-01 7.579876184463500977e-01 0.000000000000000000e+00 0.000000000000000000e+00 0.000000000000000000e+00 0.000000000000000000e+00 0.000000000000000000e+00 0.000000000000000000e+00
7.295881509780883789e-01 7.758488655090332031e-01 8.154318332672119141e-01 8.503268957138061523e-01 8.767842054367065430e-01 9.159411191940307617e-01 9.811965227127075195e-01 1.033547878265380859e+00 nan 1.010151147842407227e+00 9.522624015808105469e-01 8.858525753021240234e-01 8.374267816543579102e-01 8.115321397781372070e-01 7.860025167465209961e-01 7.617188692092895508e-01 0.000000000000000000e+00 0.000000000000000000e+00 0.000000000000000000e+00 0.000000000000000000e+00 0.000000000000000000e+00 0.000000000000000000e+00
7.184560298919677734e-01 7.729641199111938477e-01 8.125193119049072266e-01 8.447843790054321289e-01 8.669726848602294922e-01 8.848053216934204102e-01 9.248243570327758789e-01 9.726363420486450195e-01 1.011685848236083984e+00 nan 1.004747390747070312e+00 9.463390111923217773e-01 8.783476352691650391e-01 8.315072059631347656e-01 8.039838075637817383e-01 7.819298505783081055e-01 0.000000000000000000e+00 0.000000000000000000e+00 0.000000000000000000e+00 0.000000000000000000e+00 0.000000000000000000e+00 0.000000000000000000e+00
7.268925905227661133e-01 7.590759992599487305e-01 8.054234981536865234e-01 8.326932191848754883e-01 8.501983880996704102e-01 8.678706884384155273e-01 8.748319149017333984e-01 9.021358489990234375e-01 9.564594030380249023e-01 1.010346651077270508e+00 nan 1.003412961959838867e+00 9.443931579589843750e-01 8.764700889587402344e-01 8.328065872192382812e-01 8.094441890716552734e-01 0.000000000000000000e+00 0.000000000000000000e+00 0.000000000000000000e+00 0.000000000000000000e+00 0.000000000000000000e+00 0.000000000000000000e+00
7.414032220840454102e-01 7.575674057006835938e-01 7.926163673400878906e-01 8.162268400192260742e-01 8.335746526718139648e-01 8.418215513229370117e-01 8.476151227951049805e-01 8.534266948699951172e-01 8.832994699478149414e-01 9.593189954757690430e-01 1.009008407592773438e+00 nan 1.002079486846923828e+00 9.424493312835693359e-01 8.745940923690795898e-01 8.373835086822509766e-01 0.000000000000000000e+00 0.000000000000000000e+00 0.000000000000000000e+00 0.000000000000000000e+00 0.000000000000000000e+00 0.000000000000000000e+00
7.559727430343627930e-01 7.745423316955566406e-01 7.820998430252075195e-01 7.999082803726196289e-01 8.093923330307006836e-01 8.150837421417236328e-01 8.207932710647583008e-01 8.265205621719360352e-01 8.326095342636108398e-01 8.860518932342529297e-01 9.621827602386474609e-01 1.007671356201171875e+00 nan 1.000746726989746094e+00 9.405077695846557617e-01 8.757599592208862305e-01 0.000000000000000000e+00 0.000000000000000000e+00 0.000000000000000000e+00 0.000000000000000000e+00 0.000000000000000000e+00 0.000000000000000000e+00
7.698324918746948242e-01 7.899218797683715820e-01 7.972685098648071289e-01 7.816730737686157227e-01 7.804429531097412109e-01 7.887343168258666992e-01 7.943607568740844727e-01 8.000049591064453125e-01 8.056670427322387695e-01 8.359756469726562500e-01 8.882977962493896484e-01 9.639086723327636719e-01 1.006334781646728516e+00 nan 9.994149208068847656e-01 9.403915405273437500e-01 0.000000000000000000e+00 0.000000000000000000e+00 0.000000000000000000e+00 0.000000000000000000e+00 0.000000000000000000e+00 0.000000000000000000e+00
7.838015556335449219e-01 8.035843372344970703e-01 7.997653484344482422e-01 7.763147354125976562e-01 7.531697750091552734e-01 7.473232746124267578e-01 7.556426525115966797e-01 7.640016078948974609e-01 7.724003791809082031e-01 7.993257045745849609e-01 8.317601680755615234e-01 8.831809759140014648e-01 9.585868120193481445e-01 1.005357027053833008e+00 nan 9.986009597778320312e-01 0.000000000000000000e+00 0.000000000000000000e+00 0.000000000000000000e+00 0.000000000000000000e+00 0.000000000000000000e+00 0.000000000000000000e+00
7.978810071945190430e-01 8.106393814086914062e-01 7.909377813339233398e-01 7.676020860671997070e-01 7.445706129074096680e-01 7.218391895294189453e-01 7.120879888534545898e-01 7.202397584915161133e-01 7.284300327301025391e-01 7.542362213134765625e-01 7.892900705337524414e-01 8.250445127487182617e-01 8.780778646469116211e-01 9.623385667800903320e-01 1.010779142379760742e+00 nan 0.000000000000000000e+00 0.000000000000000000e+00 0.000000000000000000e+00 0.000000000000000000e+00 0.000000000000000000e+00 0.000000000000000000e+00
7.887076139450073242e-01 7.914897203445434570e-01 7.778586149215698242e-01 7.589322328567504883e-01 7.360137701034545898e-01 7.133936882019042969e-01 6.910686492919921875e-01 6.775634288787841797e-01 6.855505704879760742e-01 7.077804803848266602e-01 7.419061660766601562e-01 7.767138481140136719e-01 8.122168779373168945e-01 8.652721643447875977e-01 9.697664976119995117e-01 1.013145685195922852e+00 nan 0.000000000000000000e+00 0.000000000000000000e+00 0.000000000000000000e+00 0.000000000000000000e+00 0.000000000000000000e+00
6.067098379135131836e-01 7.239831686019897461e-01 7.372863292694091797e-01 7.219427824020385742e-01 7.057940959930419922e-01 6.897968053817749023e-01 6.739495992660522461e-01 6.582509279251098633e-01 6.437349319458007812e-01 6.625552177429199219e-01 6.957771778106689453e-01 7.296628952026367188e-01 7.642258405685424805e-01 7.994794845581054688e-01 8.538874387741088867e-01 9.722729921340942383e-01 0.000000000000000000e+00 nan 0.000000000000000000e+00 0.000000000000000000e+00 0.000000000000000000e+00 0.000000000000000000e+00
5.566805601119995117e-01 5.564545392990112305e-01 6.396018266677856445e-01 6.833084821701049805e-01 6.675220727920532227e-01 6.518838405609130859e-01 6.363921165466308594e-01 6.210457086563110352e-01 6.058431863784790039e-01 6.040164232254028320e-01 6.406270265579223633e-01 6.780731678009033203e-01 7.163740396499633789e-01 7.518258094787597656e-01 7.868316173553466797e-01 8.562468290328979492e-01 0.000000000000000000e+00 0.000000000000000000e+00 nan 0.000000000000000000e+00 0.000000000000000000e+00 0.000000000000000000e+00
5.345370769500732422e-01 5.336900949478149414e-01 5.305719375610351562e-01 5.592983961105346680e-01 6.301088333129882812e-01 6.148213148117065430e-01 5.996773242950439453e-01 5.846751928329467773e-01 5.698137283325195312e-01 5.674468278884887695e-01 5.759336948394775391e-01 6.119033098220825195e-01 6.486937999725341797e-01 6.863242387771606445e-01 7.248133420944213867e-01 7.641811370849609375e-01 0.000000000000000000e+00 0.000000000000000000e+00 0.000000000000000000e+00 nan 0.000000000000000000e+00 0.000000000000000000e+00
5.118290185928344727e-01 5.112587213516235352e-01 5.086492300033569336e-01 5.045839548110961914e-01 5.032950639724731445e-01 5.785905122756958008e-01 5.637862682342529297e-01 5.491206645965576172e-01 5.345927476882934570e-01 5.339667797088623047e-01 5.416980981826782227e-01 5.494685173034667969e-01 5.836824178695678711e-01 6.198289394378662109e-01 6.568003892898559570e-01 6.946158409118652344e-01 0.000000000000000000e+00 0.000000000000000000e+00 0.000000000000000000e+00 0.000000000000000000e+00 nan 0.000000000000000000e+00
4.823272228240966797e-01 4.887224435806274414e-01 4.870406389236450195e-01 4.830335378646850586e-01 4.806139469146728516e-01 4.805101156234741211e-01 5.033618211746215820e-01 5.143640041351318359e-01 5.001618862152099609e-01 5.012017488479614258e-01 5.087680816650390625e-01 5.163724422454833984e-01 5.240151882171630859e-01 5.559557676315307617e-01 5.914692878723144531e-01 6.277935504913330078e-01 0.000000000000000000e+00 0.000000000000000000e+00 0.000000000000000000e+00 0.000000000000000000e+00 0.000000000000000000e+00 nan
