nan 8.593940734863281250e-01 8.127603530883789062e-01 8.169318437576293945e-01 8.124661445617675781e-01 8.034464120864868164e-01 7.944716215133666992e-01 7.855414152145385742e-01 7.867527008056640625e-01 8.149256706237792969e-01 8.404564857482910156e-01 8.483279943466186523e-01 8.547389507293701172e-01 7.916191816329956055e-01 7.277244329452514648e-01 6.661083698272705078e-01
8.541113138198852539e-01 nan 9.088606834411621094e-01 8.522005081176757812e-01 8.415771722793579102e-01 8.324126005172729492e-01 8.232935667037963867e-01 8.142199516296386719e-01 8.028093576431274414e-01 7.980616092681884766e-01 8.104290962219238281e-01 8.169677257537841797e-01 8.243461847305297852e-01 7.708742618560791016e-01 7.137954235076904297e-01 6.578716039657592773e-01
7.991200685501098633e-01 9.061816930770874023e-01 nan 9.459912776947021484e-01 8.865934610366821289e-01 8.618439435958862305e-01 8.525785207748413086e-01 8.433592319488525391e-01 8.287576436996459961e-01 7.977603673934936523e-01 7.795636653900146484e-01 7.861396074295043945e-01 7.933927774429321289e-01 7.471146583557128906e-01 6.908016204833984375e-01 6.363036632537841797e-01
7.726063728332519531e-01 8.468314409255981445e-01 9.579774141311645508e-01 nan 9.808450937271118164e-01 9.205299615859985352e-01 8.835320472717285156e-01 8.739714622497558594e-01 8.444235324859619141e-01 8.069956302642822266e-01 7.650077342987060547e-01 7.548625469207763672e-01 7.620905637741088867e-01 7.244133949279785156e-01 6.687378883361816406e-01 6.148599386215209961e-01
7.679804563522338867e-01 8.229842185974121094e-01 8.910075426101684570e-01 9.924964904785156250e-01 nan 1.014030933380126953e+00 9.527053833007812500e-01 8.886160850524902344e-01 8.502914905548095703e-01 8.127444982528686523e-01 7.707679271697998047e-01 7.309854030609130859e-01 7.289489507675170898e-01 7.044014930725097656e-01 6.493721008300781250e-01 5.961194038391113281e-01
7.633666992187500000e-01 8.187612295150756836e-01 8.685504198074340820e-01 9.258483648300170898e-01 1.021341085433959961e+00 nan 1.028905153274536133e+00 9.299724102020263672e-01 8.561781644821166992e-01 8.185117244720458984e-01 7.765467166900634766e-01 7.368303537368774414e-01 6.982651948928833008e-01 6.846219301223754883e-01 6.302312612533569336e-01 5.775964260101318359e-01
7.457041740417480469e-01 8.120869398117065430e-01 8.561633825302124023e-01 8.818266391754150391e-01 9.395271539688110352e-01 1.031808614730834961e+00 nan 1.005860328674316406e+00 9.054383039474487305e-01 8.345967531204223633e-01 7.909661531448364258e-01 7.439963817596435547e-01 7.039995193481445312e-01 6.650718450546264648e-01 6.113123893737792969e-01 5.592885017395019531e-01
7.441043853759765625e-01 7.948040962219238281e-01 8.321222066879272461e-01 8.574531078338623047e-01 8.828496932983398438e-01 9.277588129043579102e-01 1.028647184371948242e+00 nan 1.002964735031127930e+00 9.026875495910644531e-01 8.313703536987304688e-01 7.834279537200927734e-01 7.366751432418823242e-01 6.911480426788330078e-01 6.044464111328125000e-01 5.462754964828491211e-01
7.650125026702880859e-01 7.826459407806396484e-01 8.083922863006591797e-01 8.308411836624145508e-01 8.394100666046142578e-01 8.469440937042236328e-01 9.140149354934692383e-01 1.025696039199829102e+00 nan 1.000072956085205078e+00 8.929148912429809570e-01 8.237512111663818359e-01 7.759412527084350586e-01 7.293846607208251953e-01 6.406924724578857422e-01 5.576269626617431641e-01
7.864750623703002930e-01 8.030196428298950195e-01 7.867429256439208984e-01 7.836369276046752930e-01 7.909424304962158203e-01 7.982778549194335938e-01 8.248994350433349609e-01 9.065278768539428711e-01 1.038856267929077148e+00 nan 9.880371093750000000e-01 8.729162216186523438e-01 8.160952329635620117e-01 7.684860229492187500e-01 6.901054382324218750e-01 5.861288309097290039e-01
8.070750236511230469e-01 8.057932853698730469e-01 7.778648138046264648e-01 7.445009946823120117e-01 7.368592023849487305e-01 7.488166093826293945e-01 7.724112272262573242e-01 8.187445402145385742e-01 8.990697860717773438e-01 1.046823501586914062e+00 nan 9.671765565872192383e-01 8.571569919586181641e-01 8.084714412689208984e-01 7.410062551498413086e-01 6.338983774185180664e-01
8.027381896972656250e-01 7.943469285964965820e-01 7.652826309204101562e-01 7.321549654006958008e-01 6.996489763259887695e-01 6.864961385726928711e-01 7.077211141586303711e-01 7.572301626205444336e-01 8.081746101379394531e-01 9.060453176498413086e-01 1.053205013275146484e+00 nan 9.462337493896484375e-01 8.493609428405761719e-01 7.934402227401733398e-01 6.831066608428955078e-01
5.803731679916381836e-01 6.893968582153320312e-01 7.141550779342651367e-01 6.909831762313842773e-01 6.681244373321533203e-01 6.455746889114379883e-01 6.416077613830566406e-01 6.904106140136718750e-01 7.394177913665771484e-01 7.898457050323486328e-01 9.082608222961425781e-01 1.026325464248657227e+00 nan 9.255142211914062500e-01 8.415974378585815430e-01 7.337965965270996094e-01
5.480043888092041016e-01 5.448201894760131836e-01 5.710018873214721680e-01 6.364557743072509766e-01 6.143342256546020508e-01 5.925116539001464844e-01 5.787097215652465820e-01 6.002551317214965820e-01 6.532795429229736328e-01 7.080608606338500977e-01 7.649166584014892578e-01 8.846870660781860352e-01 1.006399869918823242e+00 nan 9.050151109695434570e-01 7.860134840011596680e-01
5.121489763259887695e-01 5.129613876342773438e-01 5.070760250091552734e-01 5.055967569351196289e-01 5.622783899307250977e-01 5.411596298217773438e-01 5.302342176437377930e-01 5.413870811462402344e-01 5.599443912506103516e-01 6.116330623626708984e-01 6.653158664703369141e-01 7.263896465301513672e-01 7.947679758071899414e-01 9.191844463348388672e-01 nan 8.557510375976562500e-01
4.660942554473876953e-01 4.754748344421386719e-01 4.733469486236572266e-01 4.705090522766113281e-01 4.706168174743652344e-01 4.749754667282104492e-01 4.816200733184814453e-01 4.926792383193969727e-01 5.038211345672607422e-01 5.150460004806518555e-01 5.654914379119873047e-01 6.249082088470458984e-01 6.920237541198730469e-01 7.598596811294555664e-01 8.210910558700561523e-01 nan
