 8.52214213457616232e+00
 5.51648819987381511e+00
 1.99999999999961545e+02
 1.99999999999327230e+02
 1.99999999998490210e+02
 1.99999999998824507e+02
 6.29330710152652184e+00
 3.28031538543658456e+01
 1.99999999998181636e+02
 1.99999999998598554e+02
 1.99999999995989810e+02
 1.69119382455424692e+01
 5.00000000004632472e+00
 3.27525793956763778e+01
 1.98611624206451687e+01
 2.13944002879433848e+00
 6.55912822586358857e-01
 2.77155543707940044e-01
 2.55570928869581049e-01
 2.46061175717713493e-01
 2.87112108818151357e-01
 2.75326247438780258e-01
 3.90248363753213701e-01
 3.55681263077990695e-01
 2.75050460491646942e-01
 2.54389414958882620e-01
 6.62285683806155268e-01
 1.00000000009652056e-02
 2.51759855122624499e-01
 4.99156699837591089e-01
 1.70984300714863147e-02
 5.15922590378354931e-02
