 5.32529376558156819e+00
 8.63056830639454908e+00
 1.99999999998014658e+02
 1.99999999998207755e+02
 1.99999999996533177e+02
 1.99999999988275249e+02
 6.29331340955252205e+00
 3.28030093413073445e+01
 1.99999999994785611e+02
 1.99999999998926825e+02
 1.99999999995823345e+02
 1.69118689324768425e+01
 5.00000000009623946e+00
 1.05070312498204714e+01
 1.71017617839316785e+01
 2.65770152691312589e+00
 4.09864371260303284e-01
 2.77155525979019268e-01
 2.55571110988456363e-01
 2.46060832548660874e-01
 2.87112143246470053e-01
 2.75326381929800801e-01
 3.90248178187944605e-01
 3.55681410841432066e-01
 2.75050393151562711e-01
 2.54389352079962328e-01
 6.62285680233720475e-01
 1.00000000008157782e-02
 2.51760094818475055e-01
 5.92834217703329336e-01
 1.35774756182051679e-02
 5.15922509505084767e-02
