 6.75699867028388379e+00
 4.74699197731172973e+01
 1.99999999998517552e+02
 1.99999999996469057e+02
 2.15652136578547733e+01
 5.00000000004709477e+00
 1.07132430426300953e+01
 1.99999999999721041e+02
 1.99999999999908624e+02
 1.99999999999301451e+02
 1.99999999999324018e+02
 3.53841862575995094e+01
 5.00000000001569944e+00
 1.97637582852994633e+01
 9.64224890601603235e+00
 1.72119827835854244e+00
 6.46082010903733295e-01
 2.48549948120141972e-01
 2.95467884360353206e-01
 2.97524563422848665e-01
 2.84104377817347376e-01
 3.10257389472136214e-01
 3.81301906369221233e-01
 3.35186544754470739e-01
 2.74898729494745253e-01
 1.77455142374484426e-01
 6.53509625273738348e-01
 1.00000000010068164e-02
 2.06909021114714847e-01
 4.72775225087560536e-01
 1.00044117258044230e+00
 5.61736647313810580e-02
