 1.12449566757960291e+01
 1.33374042923219456e+01
 1.99999999998077726e+02
 1.99999999999069303e+02
 2.15651642452601955e+01
 5.00000000001972111e+00
 1.07132572953095906e+01
 1.99999999998359982e+02
 1.99999999998857902e+02
 1.99999999999204817e+02
 1.99999999998952774e+02
 3.53834409479524581e+01
 5.00000000003405010e+00
 6.50973777542113652e+00
 7.24943641052148902e+00
 3.95206048502192120e+00
 1.07520576166581150e+00
 2.48549949733433667e-01
 2.95467803865303247e-01
 2.97524452753888002e-01
 2.84104466055512705e-01
 3.10257322225583776e-01
 3.81302118640493015e-01
 3.35186533569937384e-01
 2.74899092621036567e-01
 1.77455048622299216e-01
 6.53509844829824105e-01
 1.00000000000561723e-02
 2.06908890626557068e-01
 6.45309528391264431e-01
 8.73529278568582646e-01
 5.61736622552246184e-02
