 9.03502853312156695e+00
 1.81410015207948803e+01
 1.99999999999913939e+02
 1.99999999998546684e+02
 2.15650906738869601e+01
 5.00000000000636469e+00
 1.07132614772759780e+01
 1.99999999999098435e+02
 1.99999999999457600e+02
 1.99999999998798046e+02
 1.99999999999700435e+02
 3.53816702157659719e+01
 5.00000000001444267e+00
 9.17645024051360814e+00
 5.98257473811566243e+00
 2.97691070090153564e+00
 8.63899831792953043e-01
 2.48549629297848185e-01
 2.95467903832240530e-01
 2.97524396608583597e-01
 2.84104635160616070e-01
 3.10257378946708129e-01
 3.81301812110292404e-01
 3.35186425874519967e-01
 2.74898974897941462e-01
 1.77455314544461090e-01
 6.53509344739008236e-01
 1.00000000002385073e-02
 2.06909922472884700e-01
 5.57198304351545715e-01
 1.32229380368143934e+00
 5.61736534940359342e-02
