 5.00000000000153388e+00
 5.00000000000046896e+00
 1.35086821221889046e+01
 1.64495784975158870e+01
 1.99999999996992727e+02
 5.00000000000509992e+00
 2.37232089088103777e+01
 1.99999999999067342e+02
 1.99999999999490655e+02
 1.99999999998956497e+02
 1.20014334132893783e+01
 1.29411674239931216e+01
 5.71929639449389970e+00
 9.53541759541552025e+00
 1.22193268251675580e+01
 3.36821742821496883e+00
 6.46447308039545948e-02
 1.65059557408909513e-01
 1.25484069083826810e-01
 1.04016954075341020e-01
 1.17610143592808442e-01
 1.07149578213628582e-01
 1.52333868043530607e-01
 1.06381675991382665e-01
 9.63094554648884216e-02
 8.69890324776238927e-02
 2.00885781191581042e-01
 6.74638930448046015e-02
 1.67731661471229310e-01
 3.72990439114534778e-01
 2.27619356967351166e-01
 2.77521806443109635e-02
