 5.00000000000845279e+00
 5.00000000000665512e+00
 1.35086998489489165e+01
 1.64495861805708898e+01
 1.99999999984494821e+02
 5.00000000003810818e+00
 2.37230271366343857e+01
 1.99999999982290547e+02
 1.99999999994369063e+02
 1.99999999996127116e+02
 1.23755505932668584e+01
 1.30471654888900837e+01
 5.61755891263435991e+00
 1.13477703979434299e+01
 3.93437920250160715e+01
 1.23317231021608786e+00
 6.46446157062909449e-02
 1.65059339312372710e-01
 1.25484192325336641e-01
 1.04017100480858687e-01
 1.17609977765581852e-01
 1.07149673047243973e-01
 1.52333793155208952e-01
 1.06381648941634710e-01
 9.63095459203746618e-02
 8.69890980490850979e-02
 1.91399991420888205e-01
 7.68692514266396815e-02
 1.67731506326947916e-01
 3.54290196569790827e-01
 1.59553703521817680e+00
 2.77521808536651156e-02
