 5.00000000000268496e+00
 5.00000000000656453e+00
 1.35086586613822419e+01
 1.64496596062026050e+01
 1.99999999945648909e+02
 5.00000000001360778e+00
 2.37227993762874938e+01
 1.99999999995370018e+02
 1.99999999999294545e+02
 1.99999999990350034e+02
 3.73429525227650387e+01
 6.58204868397191145e+00
 6.33074019680285627e+00
 5.58169499417124371e+00
 5.82251923097515345e+00
 9.49544861846697508e+00
 6.46440586801583505e-02
 1.65059635842928099e-01
 1.25484185178455859e-01
 1.04016685457804486e-01
 1.17610411250094526e-01
 1.07149503016916087e-01
 1.52333497084666980e-01
 1.06381972230942146e-01
 9.63094220445178534e-02
 8.69889732805442378e-02
 1.32120272990873783e-01
 1.34575457199391679e-01
 1.67732052638691731e-01
 4.86994113817393492e-01
 1.26357152740812939e-01
 2.77521776342537912e-02
