 6.49353684160320022e+00
 5.00865052476130490e+00
 1.99999999992884369e+02
 8.33906013954821503e+01
 5.00000000000554934e+00
 5.91339853508528623e+00
 1.99999999996658943e+02
 1.99999999999779135e+02
 1.99999999999642881e+02
 1.99999999999674145e+02
 1.99999999999893163e+02
 1.99999999812464438e+02
 5.00000000001273026e+00
 5.91228282744018507e+00
 1.67547583084071050e+01
 1.00211856863485882e+00
 2.48560867654265577e-01
 1.36501285626170948e-01
 1.85756034534552111e-01
 1.88422935687042103e-01
 1.73488838937653100e-01
 1.86526143005851380e-01
 2.31573917129308721e-01
 2.27205250224751076e-01
 1.36517515932319505e-01
 1.51780728852269148e-01
 5.00232021293889439e-01
 1.00000000008185937e-02
 1.75980980304271756e-01
 3.81807760841065769e-01
 1.37216724423902892e+00
 4.05290978149623407e-02
