 6.35266295213578758e+00
 5.09254348790792655e+00
 1.99999999997463817e+02
 8.33932161030387533e+01
 5.00000000000368328e+00
 5.91338749337223124e+00
 1.99999999998383430e+02
 1.99999999999493838e+02
 1.99999999999631342e+02
 1.99999999999879833e+02
 1.99999999999923887e+02
 1.99999999856533890e+02
 5.00000000000929301e+00
 5.13721393915253266e+00
 2.47401486194916878e+01
 1.15638600803977476e+00
 2.43168018776316497e-01
 1.36501430863140455e-01
 1.85756046990532692e-01
 1.88422780197314510e-01
 1.73488872128745586e-01
 1.86526219687310174e-01
 2.31573813763613856e-01
 2.27205228815280824e-01
 1.36517673120735955e-01
 1.51780558797061010e-01
 5.00232073389599519e-01
 1.00000000001756236e-02
 1.75980920566129517e-01
 4.07397142241908483e-01
 1.28121218172792384e+00
 4.05290950496949784e-02
