 5.00000000000011369e+00
 5.00000000000001510e+00
 5.00000000000008171e+00
 5.00000000000067857e+00
 1.99999999975269134e+02
 1.99999999998791992e+02
 1.99999999998889535e+02
 1.99999999999630631e+02
 1.99999999995303227e+02
 1.99999999999186002e+02
 1.99999999985994947e+02
 5.93919361756141768e+01
 5.00000000004426592e+00
 1.90998879862938544e+01
 6.30402171228233499e+00
 1.62161746245251082e+00
 3.76500669542817024e-01
 1.80219135365424832e-01
 1.13898231643418058e-01
 9.51321400018908248e-02
 1.29646678585541464e-01
 1.11550185372508187e-01
 1.14755914926815833e-01
 9.46843073764170179e-02
 1.05126765180271767e-01
 1.06168386063204126e-01
 2.38375118598984054e-01
 1.00000000039875622e-02
 7.24683263340409611e-02
 1.58445596074522438e-01
 6.62570528127915115e-02
 2.63992810643798731e-02
