 5.00000000000007727e+00
 5.00000000000015454e+00
 5.00000000000055778e+00
 5.00000000000238742e+00
 1.99999999932657175e+02
 1.99999999978799821e+02
 1.99999999997843076e+02
 1.99999999999618353e+02
 1.99999999999077829e+02
 1.99999999998336733e+02
 1.99999999998894509e+02
 5.93925364679258010e+01
 5.00000000000660005e+00
 2.54145467739099402e+01
 5.00002283846340312e+00
 1.48112450314442712e+00
 3.76500364461003101e-01
 1.80219518538593082e-01
 1.13897781887468380e-01
 9.51323750224091769e-02
 1.29646813189542853e-01
 1.11549908088364749e-01
 1.14756323967573917e-01
 9.46840599604746869e-02
 1.05126423826815932e-01
 1.06168335849489898e-01
 2.38375374289539171e-01
 1.00000000018440581e-02
 7.24680828638799845e-02
 1.55433453195394200e-01
 2.86758708828032449e-01
 2.63992554140318192e-02
