 5.00000000000008527e+00
 5.00000000000025402e+00
 5.00000000000091749e+00
 5.00000000000155786e+00
 5.65838555551232680e+00
 1.01444817870344934e+01
 1.16387604497537662e+01
 5.00000000001375877e+00
 2.67603405844892954e+01
 1.99999999879202875e+02
 2.74828140029771930e+01
 5.00000000000222400e+00
 5.00000000000382094e+00
 1.06400552165986060e+01
 8.93215854748327764e+00
 1.00349877172293822e+00
 4.50850237502502360e-01
 1.23048341589953578e-01
 1.18582688184324228e-01
 1.01541563684951430e-01
 1.16519241713071056e-01
 1.26848231604234252e-01
 1.42716175806118367e-01
 1.15101245818250278e-01
 1.14740448113406085e-01
 1.06067107111999681e-01
 2.51908075658082486e-01
 1.00000000001538910e-02
 8.86759103560391532e-02
 1.77610857542397665e-01
 1.19456667708413608e-01
 1.98575922773284834e-02
