 5.00000000000081446e+00
 5.00000000000078781e+00
 1.54529612371846259e+01
 1.99999999995731343e+02
 2.10971212044433685e+01
 5.79689332290362813e+00
 5.00000000000148503e+00
 9.41183893171862351e+00
 1.65926540817965176e+01
 1.99999999998946890e+02
 3.81967777366397101e+01
 5.23027682228169422e+00
 5.36484931142741939e+00
 4.63542676788507535e+01
 2.69631002998758795e+01
 1.55826470914495485e+00
 2.27557546639488573e-01
 1.18510567940454503e-01
 1.62309057086123171e-01
 1.36292565219213846e-01
 1.44250069678950571e-01
 1.76909611131411820e-01
 2.02586479224887733e-01
 1.94189348348296181e-01
 1.71487737335243418e-01
 1.56677873558359965e-01
 4.11419395306073632e-01
 6.24520676371993280e-02
 1.98714849239881308e-01
 6.21433486687187675e-01
 1.47836782554725854e+00
 3.89086895159947502e-02
