 5.00000000000257927e+00
 5.00000000000130917e+00
 7.39748515983066746e+00
 1.99999999992759143e+02
 1.05923216414321573e+02
 3.30813338016530309e+01
 8.71850000750440657e+00
 1.41759006049626599e+01
 1.99999999996252711e+02
 1.99999999958644906e+02
 8.00236100572921139e+00
 5.00000000027295588e+00
 5.00000000020106050e+00
 6.62377996159549021e+00
 2.21655241575435440e+01
 4.24298752678140101e+00
 4.27224179765096856e-01
 1.73576730300840920e-01
 1.88776035811632326e-01
 1.63634004384471954e-01
 2.10581860068378701e-01
 1.78067987695266911e-01
 2.78511451568393131e-01
 2.29258259737514986e-01
 1.46268520839405697e-01
 1.74546769631382159e-01
 3.71762966244708226e-01
 1.00000000112485093e-02
 1.99768178241974986e-01
 7.05469547530017227e-01
 6.99789977648266004e-01
 3.73356357560259838e-02
