 5.00000000000038014e+00
 5.00000000000056133e+00
 7.39745360270651542e+00
 1.99999999999059355e+02
 1.05939406448985125e+02
 3.30803201000395291e+01
 8.71847578530988798e+00
 1.41760068981748102e+01
 1.99999999998636923e+02
 1.99999999994422353e+02
 8.00233159675145700e+00
 5.00000000042636472e+00
 5.00000000004827605e+00
 1.08980563193616309e+01
 7.64352619872633721e+00
 4.91755782396533370e+00
 4.27223628994190252e-01
 1.73576887975450178e-01
 1.88775739364457462e-01
 1.63634354252872816e-01
 2.10581779714145767e-01
 1.78068194085223286e-01
 2.78511334809763145e-01
 2.29258298929017001e-01
 1.46268577310209091e-01
 1.74546492787498314e-01
 3.71763018501606257e-01
 1.00000000053179910e-02
 1.99768157748287267e-01
 5.50685138774773875e-01
 4.54515005356453172e-01
 3.73356375541675015e-02
