 5.59132527469158003e+00
 1.16882190789271458e+01
 1.99999999999703448e+02
 1.99999999999918742e+02
 1.99999999995455994e+02
 3.21234510656183332e+01
 1.15998546626145043e+01
 1.99999999998330338e+02
 1.99999999996436031e+02
 1.99999999996341529e+02
 1.99999999997303604e+02
 3.86254657152580307e+01
 5.00000000026370639e+00
 9.54871328489415028e+00
 5.00869605006222418e+00
 1.00326470721427219e+00
 4.74999373798802416e-01
 1.35229147889174839e-01
 1.54089975106015270e-01
 1.44702500884190788e-01
 1.58978795737510031e-01
 1.83603463973401243e-01
 2.15845447521809009e-01
 1.78157478723277085e-01
 1.63232006796244222e-01
 1.61036123311262991e-01
 3.57512646429267333e-01
 1.00000000005101737e-02
 9.33060246238722329e-02
 1.90216347891344312e-01
 5.74154045766395726e-01
 3.06290900188120573e-02
