 5.03910888642640487e+00
 1.48166713400971304e+01
 1.99999999998785967e+02
 1.99999999998665174e+02
 1.99999999995449599e+02
 3.21229791810072314e+01
 1.15999007159241838e+01
 1.99999999997003755e+02
 1.99999999999684263e+02
 1.99999999999759041e+02
 1.99999999998670148e+02
 3.86256103903620200e+01
 5.00000000004914913e+00
 5.86774347234464155e+00
 8.85140458457164137e+00
 1.00467743733484927e+00
 4.28086865514998804e-01
 1.35229379207317230e-01
 1.54089636091761462e-01
 1.44702822351588212e-01
 1.58978627156534130e-01
 1.83603472363467690e-01
 2.15845499345352382e-01
 1.78157684924144133e-01
 1.63232216416810599e-01
 1.61036019012694154e-01
 3.57512786287191409e-01
 1.00000000003336136e-02
 9.33061959455057099e-02
 2.09329747720499781e-01
 5.46891119336005205e-01
 3.06291084797394933e-02
