 5.00000000000710898e+00
 5.00000000000222400e+00
 6.12451995202871835e+00
 8.33828678552672642e+00
 1.99999999962766054e+02
 1.44693648545868285e+01
 5.00000000002060041e+00
 1.08313929374299548e+02
 1.99999999997185284e+02
 1.99999999998601396e+02
 5.00000000001592237e+00
 5.00000000000904787e+00
 5.00000000000755751e+00
 7.97833289344655672e+00
 1.85849895624021748e+01
 2.93142616870735129e+00
 2.74592394380759164e-01
 1.09110061351943372e-01
 2.00361979917973526e-01
 1.32634374189606996e-01
 1.79844094117573100e-01
 1.64188718797235816e-01
 1.90342268516618424e-01
 1.70670614146317345e-01
 1.47412614709319739e-01
 1.64212131045654575e-01
 5.67365516474197307e-01
 6.23533723261577300e-02
 2.16406313874627360e-01
 8.97822491132669986e-01
 4.48596013921512160e-01
 4.63917964336756083e-02
