 5.00000000000089084e+00
 5.00000000000311040e+00
 5.42668289281804395e+00
 1.99999999902951686e+02
 1.99999999984116812e+02
 1.99999999942393032e+02
 5.20800583714181542e+00
 1.99999999982939073e+02
 1.99999999999449074e+02
 1.99999999991607893e+02
 2.42616514188830088e+01
 9.17240744851679679e+00
 6.25171421661474280e+00
 2.22643439092793045e+01
 1.86552462778584278e+01
 1.42695395036281214e+00
 1.83205567020321258e-01
 8.11223201921815462e-02
 9.81225734384141152e-02
 7.69458715336915067e-02
 8.90951285427473427e-02
 9.73838330352024273e-02
 1.11543971088510177e-01
 9.84415126766175763e-02
 8.91873879294527161e-02
 7.03094076561929238e-02
 2.93722025068201387e-01
 1.00145870655462179e-02
 1.65896976340104502e-01
 4.61262803086608608e-01
 1.59086585849947348e+00
 2.95432369611477279e-02
