 5.00000000000148592e+00
 5.00000000000031353e+00
 5.00000000000098677e+00
 6.20274162289984066e+00
 1.99999999569261632e+02
 4.29530194186014853e+01
 7.91426977489231120e+01
 2.08939273168069946e+01
 9.27240411292895743e+01
 1.99999999996030311e+02
 1.99999999985374473e+02
 5.00000000001805134e+00
 5.00000000004245670e+00
 2.10143805160312311e+01
 5.79330599945722469e+00
 3.05413237288963213e+00
 6.36981102829394130e-01
 2.07742766417981117e-01
 1.79322295183497737e-01
 1.59173410545613597e-01
 2.32111491977107787e-01
 2.34217966716449066e-01
 2.53116948865622526e-01
 2.50379001535752543e-01
 1.87298596142583818e-01
 1.80944991032159053e-01
 5.14298085223508394e-01
 1.00000000013039485e-02
 1.97152724866286572e-01
 4.43710393802876801e-01
 4.15596273951196471e-01
 4.02396053271931800e-02
