 5.00000000000045652e+00
 5.00000000000039346e+00
 5.00000000000160050e+00
 6.20272295682701902e+00
 1.99999999895441078e+02
 4.29561501298299078e+01
 7.91329316433019869e+01
 2.08937036312185676e+01
 9.27324548409774536e+01
 1.99999999986639068e+02
 1.99999999990254111e+02
 5.00000000000974598e+00
 5.00000000000597389e+00
 1.39520689003936518e+01
 9.49471177697902036e+00
 2.88680877494784927e+00
 6.36979437981832208e-01
 2.07743032039324066e-01
 1.79322062714520419e-01
 1.59173444928300822e-01
 2.32111515618961428e-01
 2.34217728174923367e-01
 2.53116895022079458e-01
 2.50378557365703802e-01
 1.87298807066764689e-01
 1.80945253935848427e-01
 5.14297873521981974e-01
 1.00000000003236649e-02
 1.97152148541634126e-01
 4.73523525614610030e-01
 1.76110682701920984e-01
 4.02396055452755030e-02
