 5.10509867380977855e+00
 5.00018120234740149e+00
 1.03049818238633382e+01
 7.92369186723579233e+00
 6.52738876267162826e+00
 9.84863633625401746e+00
 1.99999999951100904e+02
 6.83926336131459234e+00
 1.99999999998641897e+02
 1.99999999987863134e+02
 5.78735255620132971e+00
 5.00000000000254374e+00
 5.85233531283039454e+00
 5.00000000005831069e+00
 9.95139649218400990e+00
 1.17731441985826191e+00
 3.59937883081687282e-01
 1.30197778030055611e-01
 1.18531211449221019e-01
 1.06110103037341336e-01
 1.12086580778738634e-01
 1.19776779348478787e-01
 1.11001334983886257e-01
 1.16641029643714200e-01
 1.06353164500100919e-01
 1.86684452008266527e-01
 1.94257339315456162e-01
 2.13167504980497108e-01
 2.16717998660068717e-01
 2.14794687870728584e-01
 2.00041687629514242e-01
 2.17229071283966783e-02
