 5.00000000000000533e+00
 5.00000000000020339e+00
 5.00000000000009681e+00
 5.00000000000015277e+00
 5.00000000000599432e+00
 8.11292611741017566e+00
 5.38932157489475294e+00
 1.99999999999348006e+02
 1.06867058392566765e+01
 5.00000000000063771e+00
 5.00000000000009148e+00
 5.00000000000006839e+00
 5.00000000000005240e+00
 5.00000000000007638e+00
 5.44928413827467306e+00
 1.43419921953359575e+00
 1.28963491578598810e+00
 4.18677554133734586e-01
 2.86763355046644686e-01
 1.93686357479991161e-01
 1.96774293770221043e-01
 1.69906007021634387e-01
 2.02562205478983515e-01
 2.04489385077767594e-01
 2.47633455540340025e-01
 2.40028254096697424e-01
 2.57679528189859508e-01
 3.72065724676376774e-01
 4.64810045282572970e-01
 8.40731397486270016e-01
 1.01182985026669403e+00
 2.45660922601415935e-02
