 5.00000000000008171e+00
 5.00000000000034373e+00
 5.00000000000012967e+00
 5.00000000000081801e+00
 5.00000000000900968e+00
 8.11295296158236212e+00
 5.38930995833587989e+00
 1.99999999999588169e+02
 1.06867110649729522e+01
 5.00000000000027622e+00
 5.00000000000030465e+00
 5.00000000000001954e+00
 5.00000000000007816e+00
 5.00000000000007638e+00
 7.39282998186458862e+00
 1.28281778371917654e+00
 1.28963495124636252e+00
 4.18677569276890649e-01
 2.86763135856267948e-01
 1.93686369902701272e-01
 1.96774453893799495e-01
 1.69906026281126304e-01
 2.02562390463058462e-01
 2.04489101354310837e-01
 2.47633468178749955e-01
 2.40028454235498012e-01
 2.57679280602094996e-01
 3.72065982699723241e-01
 4.64809784070794485e-01
 8.40731119215374134e-01
 9.05029793379734437e-01
 2.45660892215455728e-02
