 7.11104551693390619e+00
 5.34458732122385971e+00
 1.99999998305761409e+02
 1.19730735595083289e+01
 9.97385271938263429e+00
 1.18125766881096599e+01
 1.99999999528832291e+02
 1.99999999997366643e+02
 1.99999999989629032e+02
 8.59346601009821995e+01
 1.99999999978337257e+02
 1.84358333052036265e+01
 1.56077852991089578e+01
 1.99999999968426067e+02
 3.85118277166074705e+01
 1.27618887130315772e+00
 1.23008035772597737e-01
 1.03483710247548821e-01
 7.87615199295348678e-02
 7.52566896926110673e-02
 7.39995197455998732e-02
 7.63194732239780432e-02
 7.50467606752370231e-02
 8.59521694110968876e-02
 7.69078597321920382e-02
 6.44988872066265956e-02
 8.89166791205276558e-02
 9.86787923713110249e-02
 1.29905734583710880e-01
 1.52397243244751235e-01
 1.18050722593531401e-01
 3.32400695000768659e-02
