 5.00000000000049916e+00
 5.00000000000033662e+00
 5.00000000000056666e+00
 5.00000000000288747e+00
 5.00000000006870771e+00
 8.11296045724257731e+00
 5.38929943684166712e+00
 1.99999999989247272e+02
 1.06867414199411179e+01
 5.00000000000468603e+00
 5.00000000000102673e+00
 5.00000000000028511e+00
 5.00000000000035705e+00
 5.00000000000042277e+00
 6.24806702093873501e+00
 1.35636232832156156e+00
 1.28963508268719229e+00
 4.18677238598250623e-01
 2.86763455719428517e-01
 1.93686603601230578e-01
 1.96774195546273428e-01
 1.69905942969650947e-01
 2.02562242946254467e-01
 2.04489489725372536e-01
 2.47633730245542583e-01
 2.40028386690575218e-01
 2.57679315333478764e-01
 3.72065818589523312e-01
 4.64809875340173428e-01
 8.40731502058417179e-01
 9.56914785548050206e-01
 2.45660912592534537e-02
