 6.46793450363687406e+00
 7.33007902822207740e+01
 1.30765739027774597e+01
 1.99999999946468165e+02
 8.38464339942582271e+00
 8.74809973625492887e+01
 5.56602657060020434e+01
 1.74439912967334791e+01
 1.08168974188142055e+01
 1.99999999985614465e+02
 1.89511317382583435e+01
 1.99999999994605474e+02
 3.29446656081044225e+01
 1.80554510811398465e+01
 5.00673834790552696e+00
 1.82733863995876900e+00
 2.14744451349893423e-01
 1.62211996460057767e-01
 1.51442028727247963e-01
 1.08339510611168643e-01
 1.01278641152128410e-01
 8.78627841884106336e-02
 1.07473767751629493e-01
 1.04783127228166906e-01
 1.45781134396907652e-01
 1.49448163357388586e-01
 1.40305126836219624e-01
 1.25355198312031818e-01
 1.50912787412899596e-01
 1.97712526589961302e-01
 3.13463673664186204e-01
 2.82389250868350442e-02
