 2.32282320777670819e+01
 1.45897301365814798e+01
 5.00000000001957901e+00
 1.99999999988303500e+02
 1.49132741598451553e+01
 7.62611608021690124e+00
 1.99999999940311682e+02
 1.45489736237701663e+01
 2.79404090621780838e+01
 2.70391493778611078e+01
 9.35500981066413928e+00
 3.43100065967699663e+01
 1.37802629362043021e+01
 1.00377533458024981e+01
 2.74045837444013358e+01
 2.89396447482862129e+00
 3.79370484390887941e-01
 2.85388791288652244e-01
 9.81474836250723764e-02
 9.18958430443938129e-02
 9.34917948605617360e-02
 1.04823607411259276e-01
 7.96834685419010452e-02
 8.81454425455203555e-02
 9.69802319382189748e-02
 1.05050395217008624e-01
 1.18542784094409687e-01
 1.07788319202217528e-01
 1.38018655780854510e-01
 1.99468439529146474e-01
 3.13015147956201278e-01
 2.67940389783721013e-02
