 9.66027880198141560e+01
 9.92898499353414010e+00
 5.00000000000053380e+00
 1.99999999978577421e+02
 1.49132349610067738e+01
 7.62612511662160131e+00
 1.99999999989103401e+02
 1.45489711458691211e+01
 2.79403606562559403e+01
 2.70391838633747525e+01
 9.35502239180255835e+00
 3.43096719705426665e+01
 1.37802672635951975e+01
 1.00377689528759984e+01
 6.25463600428065636e+00
 4.78905500437838771e+00
 1.57774812956156896e+00
 2.85388801959988336e-01
 9.81475185901783814e-02
 9.18957650519188207e-02
 9.34917957663876920e-02
 1.04823633964278212e-01
 7.96834757515531705e-02
 8.81454484400538557e-02
 9.69802255882966785e-02
 1.05050383407708378e-01
 1.18542742841321269e-01
 1.07788326224410633e-01
 1.38018686901284632e-01
 1.99468484479708746e-01
 5.17990742280379446e-01
 2.67940394425556817e-02
