 3.14751064497340138e+01
 8.23162870603738702e+03
 9.99999976797113777e+04
 9.99999965685545467e+04
 9.99999969224662782e+04
 6.87839108731693205e+00
 2.38223704118186497e+00
 6.45482747700846815e+00
 9.99999993574338441e+04
 9.99999958266380127e+04
 9.99999982577446353e+04
 9.99999944322722004e+04
 9.99999001430093776e+04
 7.69325559012126003e+00
 6.68610383907426087e+00
 4.45846669038469123e+00
 1.07323421814399089e+00
 1.63187209817028944e-01
 1.51323656378818255e-01
 1.71328803172427463e-01
 1.36306663182871990e-01
 1.40882750990467681e-01
 1.41396100969458399e-01
 1.07877726787208278e-01
 8.12154744928712397e-02
 1.47003191048987875e-01
 1.31947714026993290e-01
 1.27721314590757307e-01
 2.58775451276992252e-01
 3.25175691160838221e-01
 6.36242414110813392e-01
 5.30854123703585340e-02
