 3.76637662683799732e+01
 1.93439943923952285e+02
 9.99999995316598070e+04
 9.99999999457589583e+04
 9.99999897587722371e+04
 6.87837850694880437e+00
 2.38223633037033089e+00
 6.45483326830740900e+00
 9.99999962750007544e+04
 9.99999986632767686e+04
 9.99999989666641195e+04
 9.99999977065515995e+04
 9.99999814479096094e+04
 7.69325133392577953e+00
 1.22850757765572382e+02
 2.59135788074302065e+00
 1.28425823446194021e+00
 1.63186907790240976e-01
 1.51323591416820252e-01
 1.71328689643579946e-01
 1.36306870653685630e-01
 1.40882566239815959e-01
 1.41396177463742612e-01
 1.07877574242708510e-01
 8.12155739398175980e-02
 1.47003039323852586e-01
 1.31947810926942077e-01
 1.27721482391281727e-01
 2.58775146408821211e-01
 3.25175570468328234e-01
 3.69798386128530610e-01
 5.30854119834864094e-02
