164032
173932
160340
170641
175842
162924
161812
210113
172217
103611
225051
160727
101315
154044
202412
160132
155132
171752
165017
162224
233930
201817
221747
220834
174812
172338
183027
175858
132606
181313
155320
174214
192713
134101
182642
174631
185300
195345
191703
193039
223926
163834
175925
211311
221826
204849
184306
182435
194958
170130
111858
141658
194304
114233
171916
190950
115419
192815
203048
204543
155745
201816
202511
170529
204710
210029
190432
190741
212720
144838
113438
154018
214126
182512
164808
184732
215112
202935
191812
213253
151206
165303