nan 1.129648208618164062e+00 1.076086282730102539e+00 1.019942522048950195e+00 9.613362550735473633e-01 9.284551143646240234e-01 8.961253166198730469e-01 8.702983856201171875e-01 8.597065210342407227e-01 8.464564085006713867e-01 8.227747678756713867e-01 8.200817108154296875e-01 8.039760589599609375e-01 7.406508922576904297e-01 6.789530515670776367e-01 6.194419860839843750e-01
1.103027105331420898e+00 nan 1.184501647949218750e+00 1.118161678314208984e+00 1.035808086395263672e+00 9.503000974655151367e-01 9.228967428207397461e-01 9.120074510574340820e-01 8.956772089004516602e-01 8.500854969024658203e-01 8.170633316040039062e-01 8.151043653488159180e-01 7.808858156204223633e-01 7.236853837966918945e-01 6.683543920516967773e-01 6.130577325820922852e-01
1.008105039596557617e+00 1.157896757125854492e+00 nan 1.220870971679687500e+00 1.129269123077392578e+00 1.046591758728027344e+00 9.827682971954345703e-01 9.546465873718261719e-01 9.305658340454101562e-01 8.895332813262939453e-01 8.182657957077026367e-01 7.851760387420654297e-01 7.577838897705078125e-01 7.015895843505859375e-01 6.469678878784179688e-01 5.940997600555419922e-01
9.274445772171020508e-01 1.075718879699707031e+00 1.222864866256713867e+00 nan 1.242706060409545898e+00 1.160577297210693359e+00 1.093867301940917969e+00 1.025353193283081055e+00 9.648078680038452148e-01 9.289557933807373047e-01 8.311997652053833008e-01 7.565338611602783203e-01 7.288007736206054688e-01 6.797770261764526367e-01 6.257600784301757812e-01 5.733585357666015625e-01
8.476653099060058594e-01 9.898022413253784180e-01 1.125416994094848633e+00 1.258997678756713867e+00 nan 1.293953895568847656e+00 1.208177566528320312e+00 1.112982749938964844e+00 1.028855800628662109e+00 9.227920770645141602e-01 8.220469951629638672e-01 7.474604845046997070e-01 6.950994729995727539e-01 6.602405309677124023e-01 6.066370010375976562e-01 5.547640323638916016e-01
7.991555929183959961e-01 9.074422121047973633e-01 1.029091358184814453e+00 1.140017271041870117e+00 1.303421020507812500e+00 nan 1.346539258956909180e+00 1.235428333282470703e+00 1.104072093963623047e+00 9.624590873718261719e-01 8.221052885055541992e-01 7.403485774993896484e-01 6.948276758193969727e-01 6.409733295440673828e-01 5.879919528961181641e-01 5.367211103439331055e-01
7.689080238342285156e-01 8.595409393310546875e-01 9.354169368743896484e-01 1.038116931915283203e+00 1.183626413345336914e+00 1.372546672821044922e+00 nan 1.350950002670288086e+00 1.183415889739990234e+00 1.036231756210327148e+00 8.686522245407104492e-01 7.752214670181274414e-01 7.286838293075561523e-01 6.661819219589233398e-01 5.824671983718872070e-01 5.250931978225708008e-01
7.354681491851806641e-01 8.295086622238159180e-01 8.800251483917236328e-01 9.413414001464843750e-01 1.061522006988525391e+00 1.222466707229614258e+00 1.399856328964233398e+00 nan 1.277341127395629883e+00 1.112777471542358398e+00 9.451502561569213867e-01 8.250992298126220703e-01 7.677692174911499023e-01 7.163623571395874023e-01 6.107703447341918945e-01 5.362890958786010742e-01
7.246185541152954102e-01 7.927989959716796875e-01 8.335214853286743164e-01 8.602805137634277344e-01 9.467271566390991211e-01 1.076184511184692383e+00 1.190362691879272461e+00 1.363438129425048828e+00 nan 1.201879501342773438e+00 1.035095453262329102e+00 9.169529676437377930e-01 8.077383041381835938e-01 7.603483200073242188e-01 6.592823266983032227e-01 5.572018623352050781e-01
7.455899715423583984e-01 7.469702959060668945e-01 7.768675088882446289e-01 8.111121654510498047e-01 8.492166996002197266e-01 9.141023159027099609e-01 1.019366741180419922e+00 1.130420207977294922e+00 1.332211017608642578e+00 nan 1.137517690658569336e+00 1.013429641723632812e+00 8.965449333190917969e-01 8.001496791839599609e-01 7.092549800872802734e-01 6.041002273559570312e-01
7.573400735855102539e-01 7.497527599334716797e-01 7.332259416580200195e-01 7.601536512374877930e-01 7.671760320663452148e-01 7.855629920959472656e-01 8.712060451507568359e-01 9.788292646408081055e-01 1.106427669525146484e+00 1.325188398361206055e+00 nan 1.117488384246826172e+00 9.919943809509277344e-01 8.763542175292968750e-01 7.607325315475463867e-01 6.524109840393066406e-01
7.425271272659301758e-01 7.432354688644409180e-01 7.353001832962036133e-01 7.042192220687866211e-01 6.994775533676147461e-01 7.204512357711791992e-01 7.703293561935424805e-01 8.624073266983032227e-01 9.710884094238281250e-01 1.118928909301757812e+00 1.299465179443359375e+00 nan 1.098826885223388672e+00 9.707875251770019531e-01 8.367700576782226562e-01 7.021766901016235352e-01
5.743713378906250000e-01 6.997793912887573242e-01 6.824465990066528320e-01 6.597032546997070312e-01 6.372673511505126953e-01 6.442210674285888672e-01 6.987023353576660156e-01 7.523841857910156250e-01 8.425316810607910156e-01 9.543851613998413086e-01 1.100183486938476562e+00 1.289500951766967773e+00 nan 1.080330371856689453e+00 9.433737993240356445e-01 7.641873359680175781e-01
5.476732254028320312e-01 5.467022657394409180e-01 5.837084054946899414e-01 6.061844825744628906e-01 5.844720602035522461e-01 5.722916126251220703e-01 6.028026342391967773e-01 6.559114456176757812e-01 7.107800245285034180e-01 7.949249744415283203e-01 9.113678932189941406e-01 1.078348875045776367e+00 1.279580116271972656e+00 nan 1.061560630798339844e+00 8.606820106506347656e-01
5.134913921356201172e-01 5.148046016693115234e-01 5.089120864868164062e-01 5.076705217361450195e-01 5.333791971206665039e-01 5.240131616592407227e-01 5.351207256317138672e-01 5.624277591705322266e-01 6.141986846923828125e-01 6.683892011642456055e-01 7.292232513427734375e-01 8.510152101516723633e-01 9.813853502273559570e-01 1.173081874847412109e+00 nan 9.706885814666748047e-01
4.665789604187011719e-01 4.759626388549804688e-01 4.743207693099975586e-01 4.717148542404174805e-01 4.718227386474609375e-01 4.745178222656250000e-01 4.855240583419799805e-01 4.966124296188354492e-01 5.077835321426391602e-01 5.577057600021362305e-01 6.158276796340942383e-01 6.820780038833618164e-01 7.701047658920288086e-01 9.016667604446411133e-01 1.058365583419799805e+00 nan
