nan 1.060712337493896484e+00 1.029655218124389648e+00 9.990658760070800781e-01 9.678242206573486328e-01 9.312863349914550781e-01 9.222562313079833984e-01 9.016228914260864258e-01 8.793954849243164062e-01 8.574277162551879883e-01 8.357168436050415039e-01 8.142597675323486328e-01 7.973102331161499023e-01 8.005757331848144531e-01 7.958977222442626953e-01 8.076297044754028320e-01 0.000000000000000000e+00 0.000000000000000000e+00 0.000000000000000000e+00 0.000000000000000000e+00 0.000000000000000000e+00 0.000000000000000000e+00
1.041832208633422852e+00 nan 1.101334571838378906e+00 1.069665193557739258e+00 1.032496929168701172e+00 9.845733642578125000e-01 9.380582571029663086e-01 9.154049158096313477e-01 8.930163383483886719e-01 8.708894252777099609e-01 8.490211963653564453e-01 8.274084329605102539e-01 8.057370185852050781e-01 7.819933891296386719e-01 7.805402278900146484e-01 7.921719551086425781e-01 0.000000000000000000e+00 0.000000000000000000e+00 0.000000000000000000e+00 0.000000000000000000e+00 0.000000000000000000e+00 0.000000000000000000e+00
9.851592779159545898e-01 1.085835218429565430e+00 nan 1.142757415771484375e+00 1.099294900894165039e+00 1.049318790435791016e+00 9.954535961151123047e-01 9.369355440139770508e-01 9.067358970642089844e-01 8.844486474990844727e-01 8.624217510223388672e-01 8.406525850296020508e-01 8.140428066253662109e-01 7.821269035339355469e-01 7.653141021728515625e-01 7.768462896347045898e-01 0.000000000000000000e+00 0.000000000000000000e+00 0.000000000000000000e+00 0.000000000000000000e+00 0.000000000000000000e+00 0.000000000000000000e+00
9.300594329833984375e-01 1.028228521347045898e+00 1.131549596786499023e+00 nan 1.168288469314575195e+00 1.115863561630249023e+00 1.057906866073608398e+00 9.975571632385253906e-01 9.389772415161132812e-01 8.981060981750488281e-01 8.759195804595947266e-01 8.539925813674926758e-01 8.223867416381835938e-01 7.903239727020263672e-01 7.674680948257446289e-01 7.616302967071533203e-01 0.000000000000000000e+00 0.000000000000000000e+00 0.000000000000000000e+00 0.000000000000000000e+00 0.000000000000000000e+00 0.000000000000000000e+00
8.759100437164306641e-01 9.722130298614501953e-01 1.072680473327636719e+00 1.175280332565307617e+00 nan 1.184569120407104492e+00 1.122314214706420898e+00 1.060075759887695312e+00 9.996625185012817383e-01 9.410209655761718750e-01 8.895152807235717773e-01 8.635561466217041016e-01 8.307691812515258789e-01 8.058090209960937500e-01 7.819179296493530273e-01 7.548427581787109375e-01 0.000000000000000000e+00 0.000000000000000000e+00 0.000000000000000000e+00 0.000000000000000000e+00 0.000000000000000000e+00 0.000000000000000000e+00
8.274605274200439453e-01 9.173856973648071289e-01 1.018215417861938477e+00 1.113613367080688477e+00 1.203732490539550781e+00 nan 1.195411920547485352e+00 1.123269319534301758e+00 1.061062812805175781e+00 1.000678777694702148e+00 9.420639276504516602e-01 8.761556148529052734e-01 8.406025171279907227e-01 8.257564306259155273e-01 7.889591455459594727e-01 7.613641023635864258e-01 0.000000000000000000e+00 0.000000000000000000e+00 0.000000000000000000e+00 0.000000000000000000e+00 0.000000000000000000e+00 0.000000000000000000e+00
7.830924987792968750e-01 8.616073131561279297e-01 9.595035314559936523e-01 1.047477722167968750e+00 1.130690097808837891e+00 1.224095821380615234e+00 nan 1.208343744277954102e+00 1.133690834045410156e+00 1.061561346054077148e+00 9.977550506591796875e-01 9.276487827301025391e-01 8.600025177001953125e-01 8.224294185638427734e-01 7.931389808654785156e-01 7.654793262481689453e-01 0.000000000000000000e+00 0.000000000000000000e+00 0.000000000000000000e+00 0.000000000000000000e+00 0.000000000000000000e+00 0.000000000000000000e+00
7.737540006637573242e-01 8.162484169006347656e-01 9.025000333786010742e-01 9.822696447372436523e-01 1.060126066207885742e+00 1.139763355255126953e+00 1.243012189865112305e+00 nan 1.221352100372314453e+00 1.146259069442749023e+00 1.064619541168212891e+00 9.829161167144775391e-01 9.012874364852905273e-01 8.279086351394653320e-01 7.973285913467407227e-01 7.696044445037841797e-01 0.000000000000000000e+00 0.000000000000000000e+00 0.000000000000000000e+00 0.000000000000000000e+00 0.000000000000000000e+00 0.000000000000000000e+00
7.598087787628173828e-01 8.067363500595092773e-01 8.519440889358520508e-01 9.191383123397827148e-01 9.918990135192871094e-01 1.064490079879760742e+00 1.157962560653686523e+00 1.262089729309082031e+00 nan 1.231765270233154297e+00 1.143446922302246094e+00 1.053579807281494141e+00 9.614791870117187500e-01 8.863654136657714844e-01 8.131268024444580078e-01 7.800861597061157227e-01 0.000000000000000000e+00 0.000000000000000000e+00 0.000000000000000000e+00 0.000000000000000000e+00 0.000000000000000000e+00 0.000000000000000000e+00
7.438819408416748047e-01 7.972741127014160156e-01 8.337479829788208008e-01 8.733826875686645508e-01 9.259314537048339844e-01 9.961184263229370117e-01 1.076137542724609375e+00 1.176316499710083008e+00 1.277843475341796875e+00 nan 1.221473217010498047e+00 1.120525121688842773e+00 1.029237031936645508e+00 9.515284299850463867e-01 8.738038539886474609e-01 8.078539371490478516e-01 0.000000000000000000e+00 0.000000000000000000e+00 0.000000000000000000e+00 0.000000000000000000e+00 0.000000000000000000e+00 0.000000000000000000e+00
7.255244255065917969e-01 7.861447334289550781e-01 8.207398653030395508e-01 8.484120368957519531e-01 8.697016239166259766e-01 9.300109148025512695e-01 9.964076280593872070e-01 1.083810329437255859e+00 1.178231716156005859e+00 1.291439294815063477e+00 nan 1.189652681350708008e+00 1.099335670471191406e+00 1.018942832946777344e+00 9.385973215103149414e-01 8.599705696105957031e-01 0.000000000000000000e+00 0.000000000000000000e+00 0.000000000000000000e+00 0.000000000000000000e+00 0.000000000000000000e+00 0.000000000000000000e+00
7.189050912857055664e-01 7.699608802795410156e-01 8.078241348266601562e-01 8.318043947219848633e-01 8.448442220687866211e-01 8.577253818511962891e-01 9.186278581619262695e-01 9.926840066909790039e-01 1.082485198974609375e+00 1.163544654846191406e+00 1.284073114395141602e+00 nan 1.179794311523437500e+00 1.088685512542724609e+00 1.005596160888671875e+00 9.242855310440063477e-01 0.000000000000000000e+00 0.000000000000000000e+00 0.000000000000000000e+00 0.000000000000000000e+00 0.000000000000000000e+00 0.000000000000000000e+00
7.333487272262573242e-01 7.508419752120971680e-01 7.886979579925537109e-01 8.050928115844726562e-01 8.172219991683959961e-01 8.294328451156616211e-01 8.501615524291992188e-01 9.076219797134399414e-01 9.842610359191894531e-01 1.063714265823364258e+00 1.154963016510009766e+00 1.289678812026977539e+00 nan 1.184583663940429688e+00 1.074842453002929688e+00 9.908243417739868164e-01 0.000000000000000000e+00 0.000000000000000000e+00 0.000000000000000000e+00 0.000000000000000000e+00 0.000000000000000000e+00 0.000000000000000000e+00
7.472993135452270508e-01 7.616131305694580078e-01 7.564574480056762695e-01 7.766741514205932617e-01 7.900135517120361328e-01 8.020415306091308594e-01 8.141502141952514648e-01 8.333100080490112305e-01 9.026966094970703125e-01 9.788841009140014648e-01 1.058122158050537109e+00 1.167901992797851562e+00 1.306427955627441406e+00 nan 1.165840387344360352e+00 1.059664249420166016e+00 0.000000000000000000e+00 0.000000000000000000e+00 0.000000000000000000e+00 0.000000000000000000e+00 0.000000000000000000e+00 0.000000000000000000e+00
7.610906362533569336e-01 7.634817361831665039e-01 7.562632560729980469e-01 7.447406053543090820e-01 7.628873586654663086e-01 7.750601768493652344e-01 7.823177576065063477e-01 7.873684167861938477e-01 8.244849443435668945e-01 8.975405693054199219e-01 9.735215902328491211e-01 1.053949117660522461e+00 1.180918455123901367e+00 1.323300361633300781e+00 nan 1.149950504302978516e+00 0.000000000000000000e+00 0.000000000000000000e+00 0.000000000000000000e+00 0.000000000000000000e+00 0.000000000000000000e+00 0.000000000000000000e+00
7.693828344345092773e-01 7.653524875640869141e-01 7.577182054519653320e-01 7.461858987808227539e-01 7.347292900085449219e-01 7.427084445953369141e-01 7.496712207794189453e-01 7.546296119689941406e-01 7.763769626617431641e-01 8.195410966873168945e-01 8.923988342285156250e-01 9.681737422943115234e-01 1.066281557083129883e+00 1.194013595581054688e+00 1.304861545562744141e+00 nan 0.000000000000000000e+00 0.000000000000000000e+00 0.000000000000000000e+00 0.000000000000000000e+00 0.000000000000000000e+00 0.000000000000000000e+00
7.621467113494873047e-01 7.650070190429687500e-01 7.588195800781250000e-01 7.476323843002319336e-01 7.312343120574951172e-01 7.086765766143798828e-01 7.075663805007934570e-01 7.156964540481567383e-01 7.373130321502685547e-01 7.720288038253784180e-01 8.146104812622070312e-01 8.872706890106201172e-01 9.628403186798095703e-01 1.078688144683837891e+00 1.182680845260620117e+00 1.293412923812866211e+00 nan 0.000000000000000000e+00 0.000000000000000000e+00 0.000000000000000000e+00 0.000000000000000000e+00 0.000000000000000000e+00
5.972309112548828125e-01 7.248800992965698242e-01 7.328019142150878906e-01 7.252780199050903320e-01 7.090979814529418945e-01 6.930698156356811523e-01 6.771917343139648438e-01 6.731327772140502930e-01 6.913055181503295898e-01 7.251019477844238281e-01 7.595738172531127930e-01 8.044413328170776367e-01 8.803013563156127930e-01 9.694248437881469727e-01 1.067707300186157227e+00 1.171461820602416992e+00 0.000000000000000000e+00 nan 0.000000000000000000e+00 0.000000000000000000e+00 0.000000000000000000e+00 0.000000000000000000e+00
5.724360942840576172e-01 5.766899585723876953e-01 6.585587263107299805e-01 6.865688562393188477e-01 6.707519292831420898e-01 6.550831794738769531e-01 6.395615339279174805e-01 6.241854429244995117e-01 6.329829692840576172e-01 6.702547073364257812e-01 7.083771228790283203e-01 7.472063302993774414e-01 7.910876274108886719e-01 8.663861751556396484e-01 9.504429101943969727e-01 1.052341461181640625e+00 0.000000000000000000e+00 0.000000000000000000e+00 nan 0.000000000000000000e+00 0.000000000000000000e+00 0.000000000000000000e+00
5.539270639419555664e-01 5.571726560592651367e-01 5.538272857666015625e-01 5.773268938064575195e-01 6.332660913467407227e-01 6.179490089416503906e-01 6.027756929397583008e-01 5.877444744110107422e-01 5.841776132583618164e-01 6.043931245803833008e-01 6.410123109817504883e-01 6.784672737121582031e-01 7.167772054672241211e-01 7.571395635604858398e-01 8.347364664077758789e-01 9.166374206542968750e-01 0.000000000000000000e+00 0.000000000000000000e+00 0.000000000000000000e+00 nan 0.000000000000000000e+00 0.000000000000000000e+00
5.328640937805175781e-01 5.343978404998779297e-01 5.315715074539184570e-01 5.274444818496704102e-01 5.260049104690551758e-01 5.816479921340942383e-01 5.668150186538696289e-01 5.521211624145507812e-01 5.503401756286621094e-01 5.581541061401367188e-01 5.763037204742431641e-01 6.122817993164062500e-01 6.490809917449951172e-01 6.867201328277587891e-01 7.278350591659545898e-01 7.880355119705200195e-01 0.000000000000000000e+00 0.000000000000000000e+00 0.000000000000000000e+00 0.000000000000000000e+00 nan 0.000000000000000000e+00
5.029999017715454102e-01 5.096511840820312500e-01 5.096346139907836914e-01 5.055667161941528320e-01 5.029811859130859375e-01 5.028758049011230469e-01 5.208097696304321289e-01 5.172971487045288086e-01 5.172253847122192383e-01 5.248725414276123047e-01 5.325580835342407227e-01 5.487061738967895508e-01 5.840543508529663086e-01 6.202093362808227539e-01 6.597284078598022461e-01 7.004393339157104492e-01 0.000000000000000000e+00 0.000000000000000000e+00 0.000000000000000000e+00 0.000000000000000000e+00 0.000000000000000000e+00 nan
