nan 1.050329208374023438e+00 1.006192445755004883e+00 9.530966281890869141e-01 9.209570884704589844e-01 8.994920253753662109e-01 8.676476478576660156e-01 8.363372087478637695e-01 8.055516481399536133e-01 7.965250015258789062e-01 7.991423606872558594e-01 8.142709732055664062e-01 8.060165643692016602e-01 7.478051185607910156e-01 6.886918544769287109e-01 6.284677982330322266e-01
9.944821596145629883e-01 nan 1.110957860946655273e+00 1.048065423965454102e+00 9.755454063415527344e-01 9.199111461639404297e-01 8.875802755355834961e-01 8.557940721511840820e-01 8.245429992675781250e-01 7.766617536544799805e-01 7.762752771377563477e-01 7.834885120391845703e-01 7.817854881286621094e-01 7.243549823760986328e-01 6.687755584716796875e-01 6.149874925613403320e-01
9.167258739471435547e-01 1.059344291687011719e+00 nan 1.145955562591552734e+00 1.068869829177856445e+00 9.857467412948608398e-01 9.073723554611206055e-01 8.752528429031372070e-01 8.421859741210937500e-01 7.962672710418701172e-01 7.463965415954589844e-01 7.532284259796142578e-01 7.578794956207275391e-01 7.012194395065307617e-01 6.463856697082519531e-01 5.933194160461425781e-01
8.437385559082031250e-01 9.811328649520874023e-01 1.122389793395996094e+00 nan 1.165944576263427734e+00 1.074884891510009766e+00 9.876538515090942383e-01 9.040895700454711914e-01 8.559231758117675781e-01 8.021985292434692383e-01 7.563717365264892578e-01 7.226532697677612305e-01 7.297484874725341797e-01 6.789947748184204102e-01 6.247856616973876953e-01 5.723267793655395508e-01
7.851570844650268555e-01 9.025231599807739258e-01 1.033466100692749023e+00 1.147488117218017578e+00 nan 1.178384780883789062e+00 1.075289011001586914e+00 9.878877401351928711e-01 8.689581155776977539e-01 8.063751459121704102e-01 7.623023986816406250e-01 7.231715917587280273e-01 6.972153186798095703e-01 6.595100164413452148e-01 6.059299707412719727e-01 5.540798902511596680e-01
7.692313194274902344e-01 8.412213325500488281e-01 9.405872821807861328e-01 1.045519351959228516e+00 1.169010639190673828e+00 nan 1.196943998336791992e+00 1.071058750152587891e+00 9.365020990371704102e-01 8.299559354782104492e-01 7.760406732559204102e-01 7.294815778732299805e-01 6.905990839004516602e-01 6.402513980865478516e-01 5.872932672500610352e-01 5.360447168350219727e-01
7.476707696914672852e-01 8.186734914779663086e-01 8.741420507431030273e-01 9.483925104141235352e-01 1.051781177520751953e+00 1.195707798004150391e+00 nan 1.169282674789428711e+00 1.033478736877441406e+00 9.219623804092407227e-01 8.161967992782592773e-01 7.685850858688354492e-01 7.222213745117187500e-01 6.571544408798217773e-01 5.797990560531616211e-01 5.225218534469604492e-01
7.238844633102416992e-01 8.000680208206176758e-01 8.368083238601684570e-01 8.682150840759277344e-01 9.485325813293457031e-01 1.055544376373291016e+00 1.172108411788940430e+00 nan 1.135717630386352539e+00 1.018594741821289062e+00 9.033412933349609375e-01 8.085726499557495117e-01 7.611606121063232422e-01 7.070629596710205078e-01 6.020432710647583008e-01 5.336987972259521484e-01
7.372690439224243164e-01 7.724204063415527344e-01 8.064613342285156250e-01 8.240208625793457031e-01 8.394073247909545898e-01 9.184206724166870117e-01 1.030358791351318359e+00 1.151358366012573242e+00 nan 1.120085239410400391e+00 9.991328716278076172e-01 8.830780982971191406e-01 8.009803295135498047e-01 7.537673711776733398e-01 6.502919197082519531e-01 5.487647056579589844e-01
7.583942413330078125e-01 7.619088888168334961e-01 7.612828016281127930e-01 7.836343050003051758e-01 7.909398078918457031e-01 8.087500333786010742e-01 9.109163284301757812e-01 1.022416353225708008e+00 1.170041799545288086e+00 nan 1.099745512008666992e+00 9.778499603271484375e-01 8.630307912826538086e-01 7.934200763702392578e-01 6.999938488006591797e-01 5.954090356826782227e-01
7.723430395126342773e-01 7.644872665405273438e-01 7.478783130645751953e-01 7.250374555587768555e-01 7.369134426116943359e-01 7.546993494033813477e-01 8.026494979858398438e-01 9.034410715103149414e-01 1.014505147933959961e+00 1.188887119293212891e+00 nan 1.077391386032104492e+00 9.567934274673461914e-01 8.431967496871948242e-01 7.511926889419555664e-01 6.434580087661743164e-01
7.532874345779418945e-01 7.537976503372192383e-01 7.333488464355468750e-01 7.031525373458862305e-01 6.750172376632690430e-01 6.879761219024658203e-01 7.369127273559570312e-01 7.872679233551025391e-01 8.914173841476440430e-01 1.024656057357788086e+00 1.178657293319702148e+00 nan 1.056417942047119141e+00 9.359613656997680664e-01 8.039333820343017578e-01 6.929541826248168945e-01
5.704227685928344727e-01 6.836700439453125000e-01 6.774554252624511719e-01 6.547795534133911133e-01 6.324102878570556641e-01 6.105295419692993164e-01 6.636958122253417969e-01 7.188223600387573242e-01 7.691510915756225586e-01 8.712322711944580078e-01 9.996027946472167969e-01 1.171316385269165039e+00 nan 1.038294792175292969e+00 9.058134555816650391e-01 7.439408302307128906e-01
5.398570299148559570e-01 5.366572141647338867e-01 5.656014680862426758e-01 6.014195680618286133e-01 5.797716379165649414e-01 5.610771179199218750e-01 5.724548101425170898e-01 6.217868328094482422e-01 6.755247116088867188e-01 7.310432195663452148e-01 8.250888586044311523e-01 9.681239128112792969e-01 1.164000272750854492e+00 nan 1.020331859588623047e+00 8.273024559020996094e-01
5.039852857589721680e-01 5.049667358398437500e-01 4.991124868392944336e-01 4.977825880050659180e-01 5.288304090499877930e-01 5.131430625915527344e-01 5.241713523864746094e-01 5.352801084518432617e-01 5.809336900711059570e-01 6.333178281784057617e-01 6.907091140747070312e-01 7.667522430419921875e-01 8.911876678466796875e-01 1.057832717895507812e+00 nan 9.342503547668457031e-01
4.572750329971313477e-01 4.665992259979248047e-01 4.646528959274291992e-01 4.619698524475097656e-01 4.620770215988159180e-01 4.639077186584472656e-01 4.748347997665405273e-01 4.858434200286865234e-01 4.969340562820434570e-01 5.240240097045898438e-01 5.801843404769897461e-01 6.437257528305053711e-01 7.116185426712036133e-01 8.127046823501586914e-01 9.532933235168457031e-01 nan
