nan 1.051229715347290039e+00 1.007073402404785156e+00 9.597694873809814453e-01 9.298511743545532227e-01 9.098724126815795898e-01 8.811732530593872070e-01 8.496358394622802734e-01 8.186274766921997070e-01 8.275383710861206055e-01 8.045464754104614258e-01 8.087358474731445312e-01 7.865694761276245117e-01 7.292199134826660156e-01 6.736860275268554688e-01 6.143617630004882812e-01
1.038077592849731445e+00 nan 1.111884832382202148e+00 1.055063009262084961e+00 9.826480150222778320e-01 9.339667558670043945e-01 9.015445709228515625e-01 8.696657419204711914e-01 8.482391834259033203e-01 8.218219280242919922e-01 7.876863479614257812e-01 7.782330513000488281e-01 7.636677026748657227e-01 7.070533037185668945e-01 6.522563695907592773e-01 5.992183685302734375e-01
9.587848186492919922e-01 1.104897499084472656e+00 nan 1.154959201812744141e+00 1.077909946441650391e+00 9.989709854125976562e-01 9.221363067626953125e-01 9.002170562744140625e-01 8.894561529159545898e-01 8.478934764862060547e-01 7.582100629806518555e-01 7.482445240020751953e-01 7.410594224929809570e-01 6.851708889007568359e-01 6.310762166976928711e-01 5.787181854248046875e-01
8.850594758987426758e-01 1.025480985641479492e+00 1.176362752914428711e+00 nan 1.179795026779174805e+00 1.089954853057861328e+00 1.008872985839843750e+00 9.468468427658081055e-01 9.152749776840209961e-01 8.447382450103759766e-01 7.619947195053100586e-01 7.184717655181884766e-01 7.189279794692993164e-01 6.636558771133422852e-01 6.101677417755126953e-01 5.584807395935058594e-01
8.137481212615966797e-01 9.526755809783935547e-01 1.091320276260375977e+00 1.219047784805297852e+00 nan 1.194738149642944336e+00 1.103009700775146484e+00 1.035070657730102539e+00 9.058840274810791016e-01 8.281300067901611328e-01 7.534483671188354492e-01 7.139266729354858398e-01 6.933120489120483398e-01 6.453458070755004883e-01 5.924397706985473633e-01 5.412349700927734375e-01
7.775013446807861328e-01 8.724277019500732422e-01 1.000381231307983398e+00 1.109982252120971680e+00 1.247094869613647461e+00 nan 1.231624126434326172e+00 1.098453283309936523e+00 9.607827663421630859e-01 8.315620422363281250e-01 7.710189819335937500e-01 7.247024774551391602e-01 6.823339462280273438e-01 6.272373199462890625e-01 5.749136209487915039e-01 5.242723226547241211e-01
7.475978136062622070e-01 8.416520357131958008e-01 9.090709686279296875e-01 1.010540485382080078e+00 1.125633001327514648e+00 1.275496721267700195e+00 nan 1.183281660079956055e+00 1.041548490524291992e+00 9.147735834121704102e-01 8.115805387496948242e-01 7.642033100128173828e-01 7.180650234222412109e-01 6.445392370223999023e-01 5.716415643692016602e-01 5.148305892944335938e-01
7.241898775100708008e-01 8.172963857650756836e-01 8.692070245742797852e-01 9.157855510711669922e-01 1.017611742019653320e+00 1.133145093917846680e+00 1.254236221313476562e+00 nan 1.138908147811889648e+00 1.011683464050292969e+00 8.974498510360717773e-01 8.046088218688964844e-01 7.573301792144775391e-01 6.948819160461425781e-01 5.906114578247070312e-01 5.260739326477050781e-01
7.218898534774780273e-01 7.805122137069702148e-01 8.321450948715209961e-01 8.573683500289916992e-01 8.925716876983642578e-01 9.847098588943481445e-01 1.097374677658081055e+00 1.218249320983886719e+00 nan 1.113167524337768555e+00 9.931241273880004883e-01 8.774182796478271484e-01 7.970633506774902344e-01 7.459268569946289062e-01 6.385161876678466797e-01 5.377132892608642578e-01
7.426294088363647461e-01 7.559802532196044922e-01 7.765076160430908203e-01 7.960575819015502930e-01 8.016083240509033203e-01 8.502169847488403320e-01 9.581754207611083984e-01 1.072432994842529297e+00 1.222935914993286133e+00 nan 1.093434572219848633e+00 9.719052314758300781e-01 8.574312925338745117e-01 7.895195484161376953e-01 6.878634691238403320e-01 5.840246677398681641e-01
7.625968456268310547e-01 7.591681480407714844e-01 7.371913194656372070e-01 7.343202829360961914e-01 7.462602853775024414e-01 7.742007970809936523e-01 8.429793119430541992e-01 9.505153894424438477e-01 1.064326047897338867e+00 1.242240905761718750e+00 nan 1.071147680282592773e+00 9.509122371673583984e-01 8.376569747924804688e-01 7.386968135833740234e-01 6.317307949066162109e-01
7.463721036911010742e-01 7.442352771759033203e-01 7.215487957000732422e-01 6.925272941589355469e-01 6.840308904647827148e-01 7.067359685897827148e-01 7.562164068222045898e-01 8.252203464508056641e-01 9.370851516723632812e-01 1.073558092117309570e+00 1.235464572906494141e+00 nan 1.049097776412963867e+00 9.301427602767944336e-01 7.910611629486083984e-01 6.808737516403198242e-01
5.675414800643920898e-01 6.870321035385131836e-01 6.660357713699340820e-01 6.435143947601318359e-01 6.212973594665527344e-01 6.275317668914794922e-01 6.814600229263305664e-01 7.371752262115478516e-01 8.057415485382080078e-01 9.164125919342041016e-01 1.050597906112670898e+00 1.227932453155517578e+00 nan 1.027283191680908203e+00 8.906389474868774414e-01 7.302765846252441406e-01
5.354354381561279297e-01 5.328100919723510742e-01 5.839773416519165039e-01 5.905176401138305664e-01 5.690170526504516602e-01 5.594319105148315430e-01 5.865339040756225586e-01 6.391035318374633789e-01 6.934152841567993164e-01 7.542597055435180664e-01 8.685433864593505859e-01 1.015647172927856445e+00 1.219693422317504883e+00 nan 9.908486604690551758e-01 8.019567728042602539e-01
5.005350112915039062e-01 5.009725093841552734e-01 4.953593015670776367e-01 4.943288564682006836e-01 5.184226036071777344e-01 5.115483999252319336e-01 5.225651264190673828e-01 5.465686321258544922e-01 5.978142023086547852e-01 6.507576704025268555e-01 7.083784341812133789e-01 8.087221384048461914e-01 9.361134767532348633e-01 1.105641365051269531e+00 nan 9.016232490539550781e-01
4.539643526077270508e-01 4.632673263549804688e-01 4.610186815261840820e-01 4.586313962936401367e-01 4.587383270263671875e-01 4.623975753784179688e-01 4.733134508132934570e-01 4.843106269836425781e-01 4.953899383544921875e-01 5.406180620193481445e-01 5.970314741134643555e-01 6.611939668655395508e-01 7.298082113265991211e-01 8.566278219223022461e-01 9.880641698837280273e-01 nan
