nan 1.072241783142089844e+00 1.009037494659423828e+00 9.588966369628906250e-01 9.058563709259033203e-01 8.861259222030639648e-01 8.665997982025146484e-01 8.431102037429809570e-01 8.122109174728393555e-01 7.798750400543212891e-01 7.751835584640502930e-01 7.885608673095703125e-01 7.449991703033447266e-01 6.831473112106323242e-01 6.234874725341796875e-01 5.659425258636474609e-01
9.782450199127197266e-01 nan 1.113951683044433594e+00 1.054147481918334961e+00 9.810594320297241211e-01 9.104504585266113281e-01 8.906725645065307617e-01 8.630692958831787109e-01 8.318353891372680664e-01 7.633785009384155273e-01 7.534811496734619141e-01 7.683211565017700195e-01 7.381199598312377930e-01 6.765117645263671875e-01 6.170873641967773438e-01 5.597691535949707031e-01
9.012798070907592773e-01 1.043102979660034180e+00 nan 1.153232812881469727e+00 1.076244831085205078e+00 1.002009868621826172e+00 9.304292201995849609e-01 8.832445144653320312e-01 8.516725301742553711e-01 7.845571041107177734e-01 7.413879632949829102e-01 7.384998798370361328e-01 7.185372114181518555e-01 6.633716821670532227e-01 6.099767684936523438e-01 5.536201000213623047e-01
8.308150768280029297e-01 9.671959877014160156e-01 1.111089706420898438e+00 nan 1.185240983963012695e+00 1.101233243942260742e+00 1.018155097961425781e+00 9.334700107574462891e-01 8.766366243362426758e-01 8.184267282485961914e-01 7.475538253784179688e-01 7.082692384719848633e-01 6.972984075546264648e-01 6.427217721939086914e-01 5.899001359939575195e-01 5.387769937515258789e-01
7.697232961654663086e-01 8.964854478836059570e-01 1.028250932693481445e+00 1.149037361145019531e+00 nan 1.230796813964843750e+00 1.116603851318359375e+00 1.019465684890747070e+00 9.345214366912841797e-01 8.114286661148071289e-01 7.504841089248657227e-01 7.117661237716674805e-01 6.786181926727294922e-01 6.246421337127685547e-01 5.724017620086669922e-01 5.218412876129150391e-01
7.581003904342651367e-01 8.377164602279663086e-01 9.486629962921142578e-01 1.063573598861694336e+00 1.193969488143920898e+00 nan 1.260555744171142578e+00 1.134535074234008789e+00 1.001192808151245117e+00 8.643101453781127930e-01 7.793503999710083008e-01 7.328159809112548828e-01 6.874984502792358398e-01 6.070712804794311523e-01 5.550961494445800781e-01 5.050920248031616211e-01
7.395150661468505859e-01 8.256760835647583008e-01 8.831298351287841797e-01 9.691134691238403320e-01 1.075379133224487305e+00 1.221699953079223633e+00 nan 1.264893531799316406e+00 1.096627712249755859e+00 9.588084220886230469e-01 8.485692739486694336e-01 7.725026607513427734e-01 7.261471748352050781e-01 6.412286758422851562e-01 5.611336231231689453e-01 5.047025680541992188e-01
7.172907590866088867e-01 7.992794513702392578e-01 8.457918167114257812e-01 8.779559135437011719e-01 9.760394096374511719e-01 1.101610422134399414e+00 1.232069253921508789e+00 nan 1.216308593750000000e+00 1.058096647262573242e+00 9.422210454940795898e-01 8.296009302139282227e-01 7.656812667846679688e-01 6.919906139373779297e-01 5.881789922714233398e-01 5.165091753005981445e-01
7.262998819351196289e-01 7.682861089706420898e-01 8.091942071914672852e-01 8.400095701217651367e-01 8.745537996292114258e-01 9.651931524276733398e-01 1.076750040054321289e+00 1.208025217056274414e+00 nan 1.204056739807128906e+00 1.040617704391479492e+00 9.222918748855590820e-01 8.108271360397338867e-01 7.443222999572753906e-01 6.373001337051391602e-01 5.368440151214599609e-01
7.474138736724853516e-01 7.632757425308227539e-01 7.688257694244384766e-01 7.902346849441528320e-01 8.072932958602905273e-01 8.295497894287109375e-01 9.364402294158935547e-01 1.049575805664062500e+00 1.208832740783691406e+00 nan 1.211923599243164062e+00 1.019678592681884766e+00 9.025670289993286133e-01 7.982728481292724609e-01 6.879404783248901367e-01 5.843774080276489258e-01
7.674731016159057617e-01 7.655102014541625977e-01 7.488238811492919922e-01 7.480430603027343750e-01 7.586642503738403320e-01 7.660224437713623047e-01 8.231019973754882812e-01 9.296159744262695312e-01 1.042757511138916016e+00 1.227551221847534180e+00 nan 1.183224201202392578e+00 9.989545345306396484e-01 8.830447196960449219e-01 7.401469945907592773e-01 6.333810091018676758e-01
7.544265985488891602e-01 7.544829845428466797e-01 7.481173276901245117e-01 7.184784412384033203e-01 6.980620622634887695e-01 7.098830938339233398e-01 7.535904645919799805e-01 8.158254623413085938e-01 9.228155612945556641e-01 1.060068607330322266e+00 1.248353481292724609e+00 nan 1.154896497726440430e+00 9.784433841705322266e-01 8.237447738647460938e-01 6.839001178741455078e-01
5.718917846679687500e-01 6.946769952774047852e-01 6.921405792236328125e-01 6.692861318588256836e-01 6.467404365539550781e-01 6.325610876083374023e-01 6.797075271606445312e-01 7.354562282562255859e-01 7.970334291458129883e-01 9.072850942611694336e-01 1.073561906814575195e+00 1.236219882965087891e+00 nan 1.133493900299072266e+00 9.311740398406982422e-01 7.534348964691162109e-01
5.450339317321777344e-01 5.433322191238403320e-01 5.778715610504150391e-01 6.155445575714111328e-01 5.937246084213256836e-01 5.721994638442993164e-01 5.852532386779785156e-01 6.378670930862426758e-01 6.922272443771362305e-01 7.483916282653808594e-01 8.695985078811645508e-01 1.044330835342407227e+00 1.228204727172851562e+00 nan 1.101494312286376953e+00 8.567225933074951172e-01
5.115584135055541992e-01 5.114120244979858398e-01 5.055301189422607422e-01 5.044496059417724609e-01 5.424157381057739258e-01 5.215835571289062500e-01 5.308032035827636719e-01 5.457657575607299805e-01 5.970691442489624023e-01 6.500751972198486328e-01 7.097668647766113281e-01 8.111557960510253906e-01 9.402712583541870117e-01 1.136828422546386719e+00 nan 1.016904115676879883e+00
4.645917415618896484e-01 4.739458560943603516e-01 4.709017276763916016e-01 4.684563875198364258e-01 4.685471057891845703e-01 4.702731370925903320e-01 4.812306165695190430e-01 4.922697544097900391e-01 5.033912658691406250e-01 5.405498743057250977e-01 5.982860326766967773e-01 6.643897294998168945e-01 7.332277297973632812e-01 8.603987693786621094e-01 1.027764797210693359e+00 nan
