nan 1.131416082382202148e+00 1.080436229705810547e+00 1.049327373504638672e+00 1.017766952514648438e+00 9.704270362854003906e-01 9.500586986541748047e-01 9.273668527603149414e-01 9.049391746520996094e-01 8.827723264694213867e-01 8.608635663986206055e-01 8.392096757888793945e-01 8.178077936172485352e-01 8.213255405426025391e-01 8.053255081176757812e-01 7.974429130554199219e-01 0.000000000000000000e+00 0.000000000000000000e+00 0.000000000000000000e+00 0.000000000000000000e+00 0.000000000000000000e+00 0.000000000000000000e+00
1.073923110961914062e+00 nan 1.160331010818481445e+00 1.122834682464599609e+00 1.085193872451782227e+00 1.036272048950195312e+00 9.818049669265747070e-01 9.417923688888549805e-01 9.191968441009521484e-01 8.968640565872192383e-01 8.747913837432861328e-01 8.529753684997558594e-01 8.432770967483520508e-01 8.172174692153930664e-01 8.011366128921508789e-01 7.959375381469726562e-01 0.000000000000000000e+00 0.000000000000000000e+00 0.000000000000000000e+00 0.000000000000000000e+00 0.000000000000000000e+00 0.000000000000000000e+00
1.012823104858398438e+00 1.115956783294677734e+00 nan 1.198978185653686523e+00 1.154873847961425781e+00 1.103647708892822266e+00 1.044355869293212891e+00 9.845179319381713867e-01 9.334676265716552734e-01 9.108679294586181641e-01 8.885324001312255859e-01 8.806825876235961914e-01 8.658182621002197266e-01 8.424640893936157227e-01 7.967381477355957031e-01 7.945244312286376953e-01 0.000000000000000000e+00 0.000000000000000000e+00 0.000000000000000000e+00 0.000000000000000000e+00 0.000000000000000000e+00 0.000000000000000000e+00
9.566245079040527344e-01 1.058617115020751953e+00 1.163745403289794922e+00 nan 1.226517438888549805e+00 1.172172307968139648e+00 1.108471632003784180e+00 1.046639204025268555e+00 9.866198301315307617e-01 9.283605813980102539e-01 9.164258241653442383e-01 9.076794385910034180e-01 8.886357545852661133e-01 8.686617612838745117e-01 8.176068067550659180e-01 7.824360132217407227e-01 0.000000000000000000e+00 0.000000000000000000e+00 0.000000000000000000e+00 0.000000000000000000e+00 0.000000000000000000e+00 0.000000000000000000e+00
9.016472101211547852e-01 1.001649141311645508e+00 1.104238748550415039e+00 1.206875085830688477e+00 nan 1.246691942214965820e+00 1.174461603164672852e+00 1.110693931579589844e+00 1.048796176910400391e+00 1.003262042999267578e+00 9.595795869827270508e-01 9.310085773468017578e-01 9.117319583892822266e-01 8.926477432250976562e-01 8.357346057891845703e-01 7.829107046127319336e-01 0.000000000000000000e+00 0.000000000000000000e+00 0.000000000000000000e+00 0.000000000000000000e+00 0.000000000000000000e+00 0.000000000000000000e+00
8.463265895843505859e-01 9.434194564819335938e-01 1.045618057250976562e+00 1.143832683563232422e+00 1.228624820709228516e+00 nan 1.259869575500488281e+00 1.183474779129028320e+00 1.115311861038208008e+00 1.069643497467041016e+00 1.024960994720458984e+00 9.695514440536499023e-01 9.287115335464477539e-01 9.024957418441772461e-01 8.340402841567993164e-01 7.817304134368896484e-01 0.000000000000000000e+00 0.000000000000000000e+00 0.000000000000000000e+00 0.000000000000000000e+00 0.000000000000000000e+00 0.000000000000000000e+00
7.926155328750610352e-01 8.868837356567382812e-01 9.861093759536743164e-01 1.075555562973022461e+00 1.159275293350219727e+00 1.257837772369384766e+00 nan 1.273181200027465820e+00 1.203496932983398438e+00 1.145913600921630859e+00 1.084148645401000977e+00 1.026302337646484375e+00 9.665342569351196289e-01 8.897312879562377930e-01 8.269309997558593750e-01 7.748240232467651367e-01 0.000000000000000000e+00 0.000000000000000000e+00 0.000000000000000000e+00 0.000000000000000000e+00 0.000000000000000000e+00 0.000000000000000000e+00
7.733377218246459961e-01 8.337023258209228516e-01 9.283318519592285156e-01 1.009453296661376953e+00 1.087764739990234375e+00 1.172373533248901367e+00 1.277195930480957031e+00 nan 1.301819562911987305e+00 1.237052202224731445e+00 1.166603088378906250e+00 1.097387313842773438e+00 1.000398159027099609e+00 9.076993465423583984e-01 8.215913772583007812e-01 7.679444551467895508e-01 0.000000000000000000e+00 0.000000000000000000e+00 0.000000000000000000e+00 0.000000000000000000e+00 0.000000000000000000e+00 0.000000000000000000e+00
7.533627748489379883e-01 8.178031444549560547e-01 8.730347156524658203e-01 9.454562664031982422e-01 1.018622159957885742e+00 1.092187166213989258e+00 1.190850019454956055e+00 1.296564102172851562e+00 nan 1.340021371841430664e+00 1.252319574356079102e+00 1.152050733566284180e+00 1.052324056625366211e+00 9.572190046310424805e-01 8.530068397521972656e-01 7.870210409164428711e-01 0.000000000000000000e+00 0.000000000000000000e+00 0.000000000000000000e+00 0.000000000000000000e+00 0.000000000000000000e+00 0.000000000000000000e+00
7.375942468643188477e-01 8.020415306091308594e-01 8.520396947860717773e-01 8.939476013183593750e-01 9.517693519592285156e-01 1.022897958755493164e+00 1.107777833938598633e+00 1.209719657897949219e+00 1.335222244262695312e+00 nan 1.333451747894287109e+00 1.207913160324096680e+00 1.105597972869873047e+00 1.008023738861083984e+00 9.051989316940307617e-01 8.209695816040039062e-01 0.000000000000000000e+00 0.000000000000000000e+00 0.000000000000000000e+00 0.000000000000000000e+00 0.000000000000000000e+00 0.000000000000000000e+00
7.193030118942260742e-01 7.813082933425903320e-01 8.312801122665405273e-01 8.674302101135253906e-01 8.897989988327026367e-01 9.555989503860473633e-01 1.021851778030395508e+00 1.117110490798950195e+00 1.230208635330200195e+00 1.345050096511840820e+00 nan 1.282623767852783203e+00 1.160254240036010742e+00 1.060147523880004883e+00 9.635758399963378906e-01 8.839359283447265625e-01 0.000000000000000000e+00 0.000000000000000000e+00 0.000000000000000000e+00 0.000000000000000000e+00 0.000000000000000000e+00 0.000000000000000000e+00
7.148212194442749023e-01 7.636743783950805664e-01 8.107532262802124023e-01 8.401836156845092773e-01 8.570020198822021484e-01 8.794089555740356445e-01 9.424358606338500977e-01 1.027802705764770508e+00 1.119848012924194336e+00 1.199889659881591797e+00 1.323556184768676758e+00 nan 1.242452859878540039e+00 1.117285728454589844e+00 1.031473159790039062e+00 9.490797519683837891e-01 0.000000000000000000e+00 0.000000000000000000e+00 0.000000000000000000e+00 0.000000000000000000e+00 0.000000000000000000e+00 0.000000000000000000e+00
7.292305231094360352e-01 7.457011938095092773e-01 7.801024913787841797e-01 8.034560680389404297e-01 8.199386596679687500e-01 8.365719318389892578e-01 8.667587041854858398e-01 9.309432506561279297e-01 1.003852605819702148e+00 1.081061840057373047e+00 1.162065744400024414e+00 1.309153318405151367e+00 nan 1.230471134185791016e+00 1.101718664169311523e+00 1.016475915908813477e+00 0.000000000000000000e+00 0.000000000000000000e+00 0.000000000000000000e+00 0.000000000000000000e+00 0.000000000000000000e+00 0.000000000000000000e+00
7.430980205535888672e-01 7.552510499954223633e-01 7.482086420059204102e-01 7.676899433135986328e-01 7.844746112823486328e-01 7.999162673950195312e-01 8.127745389938354492e-01 8.338185548782348633e-01 9.051989316940307617e-01 9.793576002120971680e-01 1.058289051055908203e+00 1.154062509536743164e+00 1.311807394027709961e+00 nan 1.201814413070678711e+00 1.086202621459960938e+00 0.000000000000000000e+00 0.000000000000000000e+00 0.000000000000000000e+00 0.000000000000000000e+00 0.000000000000000000e+00 0.000000000000000000e+00
7.568560838699340820e-01 7.571128606796264648e-01 7.496569156646728516e-01 7.381774187088012695e-01 7.539730072021484375e-01 7.685483694076538086e-01 7.735601663589477539e-01 7.785861492156982422e-01 8.246330022811889648e-01 8.976945877075195312e-01 9.736816883087158203e-01 1.052711486816406250e+00 1.166996002197265625e+00 1.328718662261962891e+00 nan 1.183597564697265625e+00 0.000000000000000000e+00 0.000000000000000000e+00 0.000000000000000000e+00 0.000000000000000000e+00 0.000000000000000000e+00 0.000000000000000000e+00
7.629717588424682617e-01 7.589768171310424805e-01 7.511062622070312500e-01 7.396173477172851562e-01 7.278835773468017578e-01 7.284226417541503906e-01 7.366520166397094727e-01 7.449204921722412109e-01 7.739326953887939453e-01 8.196885585784912109e-01 8.925522565841674805e-01 9.683333635330200195e-01 1.053091049194335938e+00 1.180007219314575195e+00 1.310252189636230469e+00 nan 0.000000000000000000e+00 0.000000000000000000e+00 0.000000000000000000e+00 0.000000000000000000e+00 0.000000000000000000e+00 0.000000000000000000e+00
7.491940259933471680e-01 7.520542144775390625e-01 7.499275207519531250e-01 7.410583496093750000e-01 7.194085121154785156e-01 6.970050334930419922e-01 6.935684680938720703e-01 7.016320228576660156e-01 7.291967868804931641e-01 7.637503147125244141e-01 8.120422363281250000e-01 8.874238729476928711e-01 9.629995822906494141e-01 1.065418481826782227e+00 1.168756961822509766e+00 1.299316883087158203e+00 nan 0.000000000000000000e+00 0.000000000000000000e+00 0.000000000000000000e+00 0.000000000000000000e+00 0.000000000000000000e+00
5.891318321228027344e-01 7.159141302108764648e-01 7.198446989059448242e-01 7.070832252502441406e-01 6.910738945007324219e-01 6.752145290374755859e-01 6.595040559768676758e-01 6.584782600402832031e-01 6.834042072296142578e-01 7.170428037643432617e-01 7.513536214828491211e-01 7.986320257186889648e-01 8.742480278015136719e-01 9.530425071716308594e-01 1.052594423294067383e+00 1.160268783569335938e+00 0.000000000000000000e+00 nan 0.000000000000000000e+00 0.000000000000000000e+00 0.000000000000000000e+00 0.000000000000000000e+00
5.642381906509399414e-01 5.683271884918212891e-01 6.448543071746826172e-01 6.687823534011840820e-01 6.531320810317993164e-01 6.376286745071411133e-01 6.222707033157348633e-01 6.070567369461059570e-01 6.207712888717651367e-01 6.577643156051635742e-01 6.956017017364501953e-01 7.343025207519531250e-01 7.853213548660278320e-01 8.603775501251220703e-01 9.344135522842407227e-01 1.037299871444702148e+00 0.000000000000000000e+00 0.000000000000000000e+00 nan 0.000000000000000000e+00 0.000000000000000000e+00 0.000000000000000000e+00
5.458256006240844727e-01 5.468467473983764648e-01 5.435502529144287109e-01 5.642936229705810547e-01 6.160416603088378906e-01 6.008861064910888672e-01 5.858726501464843750e-01 5.709999799728393555e-01 5.739781856536865234e-01 5.923951864242553711e-01 6.287405490875244141e-01 6.659154891967773438e-01 7.039388418197631836e-01 7.440119981765747070e-01 8.210308551788330078e-01 9.039902687072753906e-01 0.000000000000000000e+00 0.000000000000000000e+00 0.000000000000000000e+00 nan 0.000000000000000000e+00 0.000000000000000000e+00
5.233564376831054688e-01 5.242228507995605469e-01 5.214418172836303711e-01 5.173419713973999023e-01 5.159442424774169922e-01 5.649679899215698242e-01 5.502912998199462891e-01 5.357524156570434570e-01 5.403585433959960938e-01 5.481222867965698242e-01 5.645159482955932617e-01 6.002249717712402344e-01 6.367490291595458984e-01 6.741067171096801758e-01 7.149131298065185547e-01 7.764542102813720703e-01 0.000000000000000000e+00 0.000000000000000000e+00 0.000000000000000000e+00 0.000000000000000000e+00 nan 0.000000000000000000e+00
4.928907155990600586e-01 4.994971752166748047e-01 4.993615150451660156e-01 4.955021142959594727e-01 4.930723905563354492e-01 4.929676055908203125e-01 5.082273483276367188e-01 5.012955665588378906e-01 5.074571371078491211e-01 5.150549411773681641e-01 5.226910114288330078e-01 5.371247529983520508e-01 5.722086429595947266e-01 6.080932617187500000e-01 6.473157405853271484e-01 6.885006427764892578e-01 0.000000000000000000e+00 0.000000000000000000e+00 0.000000000000000000e+00 0.000000000000000000e+00 0.000000000000000000e+00 nan
