nan 1.260834693908691406e+00 1.159051895141601562e+00 1.134108066558837891e+00 1.081026315689086914e+00 1.063369274139404297e+00 1.051684379577636719e+00 1.040065765380859375e+00 1.028512239456176758e+00 1.011766195297241211e+00 9.859845638275146484e-01 9.317904710769653320e-01 8.360993862152099609e-01 7.427725791931152344e-01 6.541895866394042969e-01 5.864770412445068359e-01
1.216842651367187500e+00 nan 1.360053300857543945e+00 1.262735128402709961e+00 1.201264381408691406e+00 1.132617235183715820e+00 1.097438335418701172e+00 1.085560560226440430e+00 1.067586898803710938e+00 1.016231298446655273e+00 9.562127590179443359e-01 8.869162797927856445e-01 8.132554292678833008e-01 7.210899591445922852e-01 6.336086988449096680e-01 5.661401748657226562e-01
1.068243026733398438e+00 1.317772388458251953e+00 nan 1.479662179946899414e+00 1.332552909851074219e+00 1.255836009979248047e+00 1.185487270355224609e+00 1.132070302963256836e+00 1.105639457702636719e+00 1.040187358856201172e+00 9.163689613342285156e-01 8.494105339050292969e-01 7.906956672668457031e-01 6.996768712997436523e-01 6.132842302322387695e-01 5.460640192031860352e-01
1.000975608825683594e+00 1.186946630477905273e+00 1.453991889953613281e+00 nan 1.589050531387329102e+00 1.411968946456909180e+00 1.304635047912597656e+00 1.227135896682739258e+00 1.126131772994995117e+00 1.037388801574707031e+00 9.141347408294677734e-01 8.147258758544921875e-01 7.659963369369506836e-01 6.766027212142944336e-01 5.917341709136962891e-01 5.265215635299682617e-01
9.251943826675415039e-01 1.104121923446655273e+00 1.283431053161621094e+00 1.557599306106567383e+00 nan 1.679274559020996094e+00 1.486651420593261719e+00 1.342121124267578125e+00 1.174395799636840820e+00 1.033827066421508789e+00 9.029062986373901367e-01 8.059237003326416016e-01 7.315621376037597656e-01 6.439116001129150391e-01 5.606979131698608398e-01 5.097206830978393555e-01
8.621488809585571289e-01 1.024434566497802734e+00 1.185296535491943359e+00 1.359043836593627930e+00 1.668826580047607422e+00 nan 1.764890909194946289e+00 1.448373794555664062e+00 1.257761240005493164e+00 1.107740163803100586e+00 9.272271394729614258e-01 8.244130611419677734e-01 7.428040504455566406e-01 6.228247880935668945e-01 5.467996597290039062e-01 4.931049346923828125e-01
8.375420570373535156e-01 9.697442054748535156e-01 1.090191125869750977e+00 1.226173877716064453e+00 1.442618608474731445e+00 1.781711101531982422e+00 nan 1.628838300704956055e+00 1.346416711807250977e+00 1.188301563262939453e+00 9.851453304290771484e-01 8.501725196838378906e-01 7.674117088317871094e-01 6.460832357406616211e-01 5.589365959167480469e-01 5.025848150253295898e-01
8.137195110321044922e-01 9.433181285858154297e-01 1.022154808044433594e+00 1.126465082168579102e+00 1.280037879943847656e+00 1.438773393630981445e+00 1.673443078994750977e+00 nan 1.507551431655883789e+00 1.271941900253295898e+00 1.065077304840087891e+00 8.960090875625610352e-01 7.923662662506103516e-01 6.926919221878051758e-01 5.888372659683227539e-01 5.143748521804809570e-01
8.122947216033935547e-01 9.068473577499389648e-01 9.775929450988769531e-01 1.026553869247436523e+00 1.103641748428344727e+00 1.219632387161254883e+00 1.342018365859985352e+00 1.559863090515136719e+00 nan 1.426090478897094727e+00 1.148227930068969727e+00 9.749583005905151367e-01 8.249465227127075195e-01 7.450455427169799805e-01 6.379789113998413086e-01 5.374810695648193359e-01
8.385968208312988281e-01 8.639208078384399414e-01 9.162669181823730469e-01 9.474434852600097656e-01 9.514031410217285156e-01 1.047593593597412109e+00 1.160493850708007812e+00 1.279618978500366211e+00 1.515763998031616211e+00 nan 1.285753250122070312e+00 1.057195425033569336e+00 9.086912870407104492e-01 7.990182638168334961e-01 6.886402368545532227e-01 5.850341320037841797e-01
8.566517829895019531e-01 8.593516349792480469e-01 8.472118377685546875e-01 8.408118486404418945e-01 8.478707075119018555e-01 8.910511732101440430e-01 9.887547492980957031e-01 1.102930784225463867e+00 1.218881845474243164e+00 1.474216461181640625e+00 nan 1.183036565780639648e+00 1.005388975143432617e+00 8.891060352325439453e-01 7.408683300018310547e-01 6.340579986572265625e-01
8.102822303771972656e-01 7.878259420394897461e-01 7.664121389389038086e-01 7.518477439880371094e-01 7.466912269592285156e-01 7.828916311264038086e-01 8.289799690246582031e-01 9.225096702575683594e-01 1.036256551742553711e+00 1.162892103195190430e+00 1.361289978027343750e+00 nan 1.137924909591674805e+00 9.834473133087158203e-01 8.199883699417114258e-01 6.728690862655639648e-01
6.288884878158569336e-01 6.854979991912841797e-01 6.478502750396728516e-01 6.312494277954101562e-01 6.148159503936767578e-01 6.483141183853149414e-01 7.089457511901855469e-01 7.718077898025512695e-01 8.810416460037231445e-01 9.915459156036376953e-01 1.079828262329101562e+00 1.307004928588867188e+00 nan 1.092294931411743164e+00 9.121510982513427734e-01 7.307260036468505859e-01
5.784505605697631836e-01 5.298099517822265625e-01 5.656054019927978516e-01 5.620234012603759766e-01 5.409210920333862305e-01 5.480322837829589844e-01 5.790462493896484375e-01 6.313679218292236328e-01 6.854233741760253906e-01 7.674584388732910156e-01 8.823914527893066406e-01 1.014971494674682617e+00 1.239276170730590820e+00 nan 1.025525331497192383e+00 8.183685541152954102e-01
5.287922620773315430e-01 4.893745183944702148e-01 4.838027954101562500e-01 4.827594757080078125e-01 4.912326335906982422e-01 5.004987716674804688e-01 5.114350318908691406e-01 5.392696857452392578e-01 5.902733802795410156e-01 6.434096097946166992e-01 7.030081748962402344e-01 8.229538202285766602e-01 9.485861063003540039e-01 1.069347143173217773e+00 nan 9.178422689437866211e-01
4.940115213394165039e-01 4.511077404022216797e-01 4.489939212799072266e-01 4.466059207916259766e-01 4.467118978500366211e-01 4.509727954864501953e-01 4.618033170700073242e-01 4.727146625518798828e-01 4.837073087692260742e-01 5.265623331069946289e-01 5.835222005844116211e-01 6.486006975173950195e-01 7.235481739044189453e-01 8.400310277938842773e-01 9.591906070709228516e-01 nan
