nan 1.070047140121459961e+00 1.019805431365966797e+00 9.717085361480712891e-01 9.278410673141479492e-01 9.078830480575561523e-01 8.871623277664184570e-01 8.555246591567993164e-01 8.244175910949707031e-01 8.299633264541625977e-01 8.071318864822387695e-01 7.970104217529296875e-01 7.608684301376342773e-01 7.043440341949462891e-01 6.478577852249145508e-01 5.894490480422973633e-01
1.008663415908813477e+00 nan 1.125281810760498047e+00 1.067582368850708008e+00 9.943778514862060547e-01 9.324880838394165039e-01 9.075986146926879883e-01 8.756182193756103516e-01 8.648685216903686523e-01 8.299794197082519531e-01 7.829161882400512695e-01 7.667052745819091797e-01 7.382961511611938477e-01 6.824961900711059570e-01 6.284875869750976562e-01 5.762125253677368164e-01
9.305148124694824219e-01 1.074518918991088867e+00 nan 1.167708635330200195e+00 1.090203285217285156e+00 1.015469312667846680e+00 9.344881772994995117e-01 9.173145294189453125e-01 9.064564704895019531e-01 8.449181318283081055e-01 7.535185813903808594e-01 7.369112968444824219e-01 7.160131931304931641e-01 6.609286069869995117e-01 6.076121330261230469e-01 5.560072660446166992e-01
8.593215942382812500e-01 9.978258609771728516e-01 1.146477937698364258e+00 nan 1.194423913955688477e+00 1.110469818115234375e+00 1.035635232925415039e+00 9.727828502655029297e-01 9.202444553375244141e-01 8.407968282699584961e-01 7.563375234603881836e-01 7.065098285675048828e-01 6.949985027313232422e-01 6.404958963394165039e-01 5.877457857131958008e-01 5.366917848587036133e-01
7.951830625534057617e-01 9.260144233703613281e-01 1.062250375747680664e+00 1.185457944869995117e+00 nan 1.222079038619995117e+00 1.133732557296752930e+00 1.045594692230224609e+00 9.203879833221435547e-01 8.294066190719604492e-01 7.478185892105102539e-01 7.058305740356445312e-01 6.763434410095214844e-01 6.224406957626342773e-01 5.702712535858154297e-01 5.197790861129760742e-01
7.703069448471069336e-01 8.595874309539794922e-01 9.782158136367797852e-01 1.085347175598144531e+00 1.215656757354736328e+00 nan 1.256330013275146484e+00 1.117811918258666992e+00 9.836728572845458984e-01 8.525258302688598633e-01 7.750087976455688477e-01 7.285878658294677734e-01 6.833810806274414062e-01 6.065483093261718750e-01 5.529890060424804688e-01 5.030527114868164062e-01
7.405244112014770508e-01 8.369668722152709961e-01 8.991894721984863281e-01 9.870665073394775391e-01 1.095894098281860352e+00 1.247358560562133789e+00 nan 1.203958034515380859e+00 1.065191984176635742e+00 9.311252832412719727e-01 8.218313455581665039e-01 7.681776285171508789e-01 7.219355106353759766e-01 6.366912126541137695e-01 5.606256723403930664e-01 5.042129755020141602e-01
7.125002145767211914e-01 8.110733032226562500e-01 8.615330457687377930e-01 8.939716815948486328e-01 9.940553903579711914e-01 1.097396373748779297e+00 1.217461347579956055e+00 nan 1.163679122924804688e+00 1.028700828552246094e+00 9.141287803649902344e-01 8.086743354797363281e-01 7.613729238510131836e-01 6.873128414154052734e-01 5.837883949279785156e-01 5.160157680511474609e-01
7.244181632995605469e-01 7.727316617965698242e-01 8.246233463287353516e-01 8.497818708419799805e-01 8.635138273239135742e-01 9.524159431457519531e-01 1.063247680664062500e+00 1.180370807647705078e+00 nan 1.131376504898071289e+00 1.011101961135864258e+00 8.944876194000244141e-01 8.017135858535766602e-01 7.395000457763671875e-01 6.327736377716064453e-01 5.325952768325805664e-01
7.453010082244873047e-01 7.575328350067138672e-01 7.657624483108520508e-01 7.828705310821533203e-01 7.884620428085327148e-01 8.188761472702026367e-01 9.251432418823242188e-01 1.037618875503540039e+00 1.172383069992065430e+00 nan 1.112988233566284180e+00 9.904659986495971680e-01 8.750482797622680664e-01 7.933014631271362305e-01 6.832740306854248047e-01 5.799971818923950195e-01
7.653572559356689453e-01 7.602840662002563477e-01 7.339903116226196289e-01 7.167254686355590820e-01 7.286763191223144531e-01 7.545400857925415039e-01 8.090755939483642578e-01 9.183586835861206055e-01 1.030437946319580078e+00 1.190792560577392578e+00 nan 1.091306924819946289e+00 9.700415134429931641e-01 8.558082580566406250e-01 7.353363037109375000e-01 6.288652420043945312e-01
7.419122457504272461e-01 7.349301576614379883e-01 7.124041318893432617e-01 6.892759799957275391e-01 6.676400899887084961e-01 6.882201433181762695e-01 7.372556924819946289e-01 7.903535366058349609e-01 9.001952409744262695e-01 1.019558668136596680e+00 1.194382190704345703e+00 nan 1.069847583770751953e+00 9.498269557952880859e-01 7.967813014984130859e-01 6.792448759078979492e-01
5.593500137329101562e-01 6.781216859817504883e-01 6.572743654251098633e-01 6.348907947540283203e-01 6.128096580505371094e-01 6.059714555740356445e-01 6.592730283737182617e-01 7.143435478210449219e-01 7.718251943588256836e-01 8.805302381515502930e-01 1.009587526321411133e+00 1.186062574386596680e+00 nan 1.050762414932250977e+00 9.021477699279785156e-01 7.253159284591674805e-01
5.273336172103881836e-01 5.243605375289916992e-01 5.655366182327270508e-01 5.822565555572509766e-01 5.608862638473510742e-01 5.500485897064208984e-01 5.659679174423217773e-01 6.179417371749877930e-01 6.716405153274536133e-01 7.271215915679931641e-01 8.294419050216674805e-01 9.587405920028686523e-01 1.157168865203857422e+00 nan 1.003463029861450195e+00 8.088158369064331055e-01
4.926717281341552734e-01 4.926807880401611328e-01 4.870231151580810547e-01 4.859491586685180664e-01 5.106345415115356445e-01 5.023763179779052734e-01 5.133088827133178711e-01 5.269608497619628906e-01 5.776072740554809570e-01 6.298813819885253906e-01 6.862895488739013672e-01 7.718945741653442383e-01 8.966922760009765625e-01 1.044785499572753906e+00 nan 9.115626811981201172e-01
4.459053277969360352e-01 4.551401138305664062e-01 4.524321556091308594e-01 4.500107765197753906e-01 4.501144886016845703e-01 4.531127214431762695e-01 4.639592170715332031e-01 4.748865365982055664e-01 4.858955144882202148e-01 5.175457000732421875e-01 5.724420547485351562e-01 6.369717121124267578e-01 7.045854330062866211e-01 8.092852830886840820e-01 9.307926893234252930e-01 nan
