nan 1.207282781600952148e+00 1.107012987136840820e+00 1.051992177963256836e+00 9.842662811279296875e-01 9.764358997344970703e-01 9.652432203292846680e-01 9.541134834289550781e-01 9.430475234985351562e-01 9.211716651916503906e-01 8.967511653900146484e-01 8.573707342147827148e-01 7.863472700119018555e-01 6.975681781768798828e-01 6.430757045745849609e-01 5.855834484100341797e-01
1.084189653396606445e+00 nan 1.250665664672851562e+00 1.156510353088378906e+00 1.103206872940063477e+00 1.040322780609130859e+00 1.009069681167602539e+00 9.976922273635864258e-01 9.850329160690307617e-01 9.305659532546997070e-01 8.731551170349121094e-01 8.267455101013183594e-01 7.641224861145019531e-01 6.758072376251220703e-01 6.220134496688842773e-01 5.699461698532104492e-01
9.898529052734375000e-01 1.138283014297485352e+00 nan 1.308449029922485352e+00 1.227679967880249023e+00 1.158209085464477539e+00 1.090904951095581055e+00 1.042242288589477539e+00 1.021566629409790039e+00 9.586074352264404297e-01 8.388960361480712891e-01 7.966253757476806641e-01 7.421739101409912109e-01 6.543252468109130859e-01 6.012209653854370117e-01 5.498212575912475586e-01
9.151906967163085938e-01 1.059689760208129883e+00 1.225219249725341797e+00 nan 1.394169807434082031e+00 1.274203300476074219e+00 1.198609113693237305e+00 1.130724906921386719e+00 1.043873071670532227e+00 9.532867670059204102e-01 8.373166322708129883e-01 7.624013423919677734e-01 7.157154083251953125e-01 6.341900825500488281e-01 5.816427469253540039e-01 5.307852029800415039e-01
8.359185457229614258e-01 9.771519899368286133e-01 1.136308670043945312e+00 1.293128252029418945e+00 nan 1.459779262542724609e+00 1.326171398162841797e+00 1.228537321090698242e+00 1.081201314926147461e+00 9.459393024444580078e-01 8.284051418304443359e-01 7.538528442382812500e-01 6.822617053985595703e-01 6.162043809890747070e-01 5.642354488372802734e-01 5.139374732971191406e-01
7.969386577606201172e-01 8.978246450424194336e-01 1.044497251510620117e+00 1.178730249404907227e+00 1.354693412780761719e+00 nan 1.540633678436279297e+00 1.313978433609008789e+00 1.160993814468383789e+00 1.015138864517211914e+00 8.537173271179199219e-01 7.707974910736083984e-01 6.937006711959838867e-01 6.083731651306152344e-01 5.502345561981201172e-01 4.972752332687377930e-01
7.667080163955688477e-01 8.755494356155395508e-01 9.544882774353027344e-01 1.081643342971801758e+00 1.233418226242065430e+00 1.428438425064086914e+00 nan 1.454321622848510742e+00 1.243845224380493164e+00 1.095497369766235352e+00 9.113608598709106445e-01 7.958003282546997070e-01 7.324916124343872070e-01 6.485953330993652344e-01 5.623984336853027344e-01 5.059214830398559570e-01
7.325922250747680664e-01 8.462820053100585938e-01 9.200100898742675781e-01 9.876413345336914062e-01 1.108485698699951172e+00 1.240131616592407227e+00 1.374296903610229492e+00 nan 1.377197027206420898e+00 1.175837993621826172e+00 9.909492731094360352e-01 8.397231101989746094e-01 7.721706628799438477e-01 6.995850801467895508e-01 5.953074693679809570e-01 5.177377462387084961e-01
7.414751052856445312e-01 8.116323947906494141e-01 8.766900300979614258e-01 9.234452247619628906e-01 9.668314456939697266e-01 1.066504001617431641e+00 1.180446863174438477e+00 1.313397407531738281e+00 nan 1.302495479583740234e+00 1.073852300643920898e+00 9.314476251602172852e-01 8.194520473480224609e-01 7.521518468856811523e-01 6.446492671966552734e-01 5.437424182891845703e-01
7.765569686889648438e-01 7.866787910461425781e-01 8.173148632049560547e-01 8.525570631027221680e-01 8.566604852676391602e-01 9.063339233398437500e-01 1.011445522308349609e+00 1.122352361679077148e+00 1.270030021667480469e+00 nan 1.192213296890258789e+00 1.029298305511474609e+00 9.116288423538208008e-01 8.057824373245239258e-01 6.955169439315795898e-01 5.914889574050903320e-01
8.039618730545043945e-01 7.812767028808593750e-01 7.749303579330444336e-01 7.511209249496459961e-01 7.578358650207519531e-01 7.863903045654296875e-01 8.509608507156372070e-01 9.609718322753906250e-01 1.072342395782470703e+00 1.249043226242065430e+00 nan 1.157386302947998047e+00 1.008475542068481445e+00 8.920135498046875000e-01 7.479578256607055664e-01 6.405559778213500977e-01
7.601952552795410156e-01 7.417550086975097656e-01 7.128726243972778320e-01 6.956168413162231445e-01 6.761059761047363281e-01 7.016007900238037109e-01 7.483261823654174805e-01 8.134087324142456055e-01 9.216990470886230469e-01 1.038855552673339844e+00 1.205829858779907227e+00 nan 1.130225658416748047e+00 9.874421358108520508e-01 8.325692415237426758e-01 6.875481605529785156e-01
5.814425945281982422e-01 6.669985055923461914e-01 6.463707685470581055e-01 6.241344213485717773e-01 6.021986007690429688e-01 6.024090051651000977e-01 6.555532217025756836e-01 7.104099988937377930e-01 7.824341058731079102e-01 8.932988643646240234e-01 1.011321544647216797e+00 1.195513248443603516e+00 nan 1.099485635757446289e+00 9.283004999160766602e-01 7.453433275222778320e-01
5.324738025665283203e-01 5.217510461807250977e-01 5.514901876449584961e-01 5.718108415603637695e-01 5.505630970001220703e-01 5.470618009567260742e-01 5.620895624160766602e-01 6.138494014739990234e-01 6.673243045806884766e-01 7.229725122451782227e-01 8.365602493286132812e-01 9.659123420715332031e-01 1.151732683181762695e+00 nan 1.040175199508666992e+00 8.337259292602539062e-01
4.897673130035400391e-01 4.903190135955810547e-01 4.845688343048095703e-01 4.833691120147705078e-01 5.005637407302856445e-01 4.995580911636352539e-01 5.104874372482299805e-01 5.227401256561279297e-01 5.731961727142333984e-01 6.253240108489990234e-01 6.839179992675781250e-01 7.785698175430297852e-01 9.038374423980712891e-01 1.031964540481567383e+00 nan 9.399013519287109375e-01
4.501320123672485352e-01 4.520130157470703125e-01 4.497230052947998047e-01 4.471818208694458008e-01 4.472879171371459961e-01 4.500441551208496094e-01 4.608677625656127930e-01 4.717720746994018555e-01 4.827578067779541016e-01 5.095453262329101562e-01 5.659314393997192383e-01 6.306109428405761719e-01 6.979620456695556641e-01 8.060778379440307617e-01 9.204598665237426758e-01 nan
