nan 1.236978530883789062e+00 1.102874279022216797e+00 1.046365261077880859e+00 9.745538234710693359e-01 9.453526735305786133e-01 9.430819749832153320e-01 9.320783615112304688e-01 9.185413122177124023e-01 8.769901990890502930e-01 8.534101247787475586e-01 8.423827886581420898e-01 7.621051073074340820e-01 6.667592525482177734e-01 6.034238338470458984e-01 5.465899705886840820e-01
1.098547935485839844e+00 nan 1.282828330993652344e+00 1.145869255065917969e+00 1.076047897338867188e+00 1.024422407150268555e+00 9.864140748977661133e-01 9.751651287078857422e-01 9.639797210693359375e-01 8.881157636642456055e-01 8.476027250289916992e-01 8.275004625320434570e-01 7.520174980163574219e-01 6.608231067657470703e-01 5.971027612686157227e-01 5.404928922653198242e-01
9.722756147384643555e-01 1.151143074035644531e+00 nan 1.326493024826049805e+00 1.200490236282348633e+00 1.145770072937011719e+00 1.079736471176147461e+00 1.019212722778320312e+00 1.003622770309448242e+00 9.283281564712524414e-01 8.396034240722656250e-01 7.973680496215820312e-01 7.302196025848388672e-01 6.422747373580932617e-01 5.841374397277832031e-01 5.332859754562377930e-01
8.997385501861572266e-01 1.041253566741943359e+00 1.202330589294433594e+00 nan 1.426985263824462891e+00 1.279154062271118164e+00 1.187740564346313477e+00 1.120191812515258789e+00 1.042435407638549805e+00 9.558320045471191406e-01 8.397815227508544922e-01 7.647656202316284180e-01 7.044142484664916992e-01 6.181375980377197266e-01 5.646574497222900391e-01 5.143460035324096680e-01
8.314527273178100586e-01 9.678809642791748047e-01 1.103277206420898438e+00 1.278435945510864258e+00 nan 1.509052276611328125e+00 1.341612815856933594e+00 1.232472181320190430e+00 1.128263711929321289e+00 9.625189304351806641e-01 8.365125656127929688e-01 7.562057971954345703e-01 6.711807250976562500e-01 5.988478660583496094e-01 5.474369525909423828e-01 4.976791143417358398e-01
7.991763353347778320e-01 8.971461057662963867e-01 1.023229360580444336e+00 1.158905982971191406e+00 1.364876985549926758e+00 nan 1.596488237380981445e+00 1.396716356277465820e+00 1.209860324859619141e+00 1.041772365570068359e+00 8.663153648376464844e-01 7.791332006454467773e-01 6.968723535537719727e-01 5.964487791061401367e-01 5.387411117553710938e-01 4.831193685531616211e-01
7.689081430435180664e-01 8.654332160949707031e-01 9.367042779922485352e-01 1.062702178955078125e+00 1.214549779891967773e+00 1.455008983612060547e+00 nan 1.580530881881713867e+00 1.321654319763183594e+00 1.124226093292236328e+00 9.440289735794067383e-01 8.042532205581665039e-01 7.333713769912719727e-01 6.372039318084716797e-01 5.508147478103637695e-01 4.947566986083984375e-01
7.357628345489501953e-01 8.363105058670043945e-01 8.959907293319702148e-01 9.707854986190795898e-01 1.100492238998413086e+00 1.266083240509033203e+00 1.473690748214721680e+00 nan 1.490710735321044922e+00 1.237279891967773438e+00 1.024977684020996094e+00 8.711664676666259766e-01 7.730708122253417969e-01 6.878411769866943359e-01 5.842843055725097656e-01 5.064852237701416016e-01
7.280448675155639648e-01 7.974346876144409180e-01 8.632649183273315430e-01 9.093954563140869141e-01 9.890913963317871094e-01 1.104682445526123047e+00 1.220730543136596680e+00 1.412163734436035156e+00 nan 1.432660102844238281e+00 1.132543802261352539e+00 9.562481641769409180e-01 8.428144454956054688e-01 7.400445938110351562e-01 6.332848072052001953e-01 5.330752134323120117e-01
7.486293315887451172e-01 7.738206386566162109e-01 8.074640035629272461e-01 8.601934909820556641e-01 8.865048885345458984e-01 9.415534734725952148e-01 1.048606634140014648e+00 1.161562681198120117e+00 1.378592491149902344e+00 nan 1.338086128234863281e+00 1.069712638854980469e+00 9.361748695373535156e-01 8.109462261199951172e-01 6.838009357452392578e-01 5.804920196533203125e-01
7.847576141357421875e-01 7.676988840103149414e-01 7.769130468368530273e-01 7.899039983749389648e-01 7.967671155929565430e-01 8.161722421646118164e-01 8.898239135742187500e-01 9.940248727798461914e-01 1.103971242904663086e+00 1.344814538955688477e+00 nan 1.291724920272827148e+00 1.040297985076904297e+00 9.163076877593994141e-01 7.411297559738159180e-01 6.293753385543823242e-01
7.468867301940917969e-01 7.359476089477539062e-01 7.386846542358398438e-01 7.219438552856445312e-01 7.001290321350097656e-01 7.179474830627441406e-01 7.651220560073852539e-01 8.437459468841552734e-01 9.538477659225463867e-01 1.087122201919555664e+00 1.319283962249755859e+00 nan 1.261989355087280273e+00 1.013391494750976562e+00 8.436926603317260742e-01 6.797705888748168945e-01
5.729978084564208984e-01 6.823445558547973633e-01 6.666364669799804688e-01 6.441265344619750977e-01 6.219207048416137695e-01 6.177945137023925781e-01 6.714885234832763672e-01 7.269644737243652344e-01 8.118714094161987305e-01 9.230333566665649414e-01 1.083867549896240234e+00 1.306767225265502930e+00 nan 1.232640266418457031e+00 9.522970914840698242e-01 7.726137638092041016e-01
5.469541549682617188e-01 5.331707000732421875e-01 5.643250942230224609e-01 5.911949872970581055e-01 5.697039365768432617e-01 5.583418607711791992e-01 5.774965286254882812e-01 6.298530101776123047e-01 6.839470863342285156e-01 7.537053823471069336e-01 8.765226602554321289e-01 1.031825065612792969e+00 1.272036790847778320e+00 nan 1.175897598266601562e+00 8.770312070846557617e-01
5.015385150909423828e-01 5.014331340789794922e-01 4.956175088882446289e-01 4.945485591888427734e-01 5.191683769226074219e-01 5.104146003723144531e-01 5.214056968688964844e-01 5.382022857666015625e-01 5.892547369003295898e-01 6.420013904571533203e-01 7.034184932708740234e-01 8.178634643554687500e-01 9.460151195526123047e-01 1.123756885528564453e+00 nan 1.031712770462036133e+00
4.649415016174316406e-01 4.636120796203613281e-01 4.606549739837646484e-01 4.582309722900390625e-01 4.583210945129394531e-01 4.606848955154418945e-01 4.715709686279296875e-01 4.825381040573120117e-01 4.935871362686157227e-01 5.275138616561889648e-01 5.866408348083496094e-01 6.522630453109741211e-01 7.241542339324951172e-01 8.524119853973388672e-01 1.025112867355346680e+00 nan
