nan 9.826753139495849609e-01 9.396589994430541992e-01 8.930046558380126953e-01 8.824143409729003906e-01 8.626170158386230469e-01 8.381969928741455078e-01 8.072422742843627930e-01 7.772498130798339844e-01 8.014031648635864258e-01 8.123096227645874023e-01 8.260611295700073242e-01 8.235893249511718750e-01 7.648112773895263672e-01 7.035802602767944336e-01 6.428252458572387695e-01
9.454519748687744141e-01 nan 1.039376735687255859e+00 9.795126914978027344e-01 9.092587232589721680e-01 8.852429389953613281e-01 8.574713468551635742e-01 8.261920213699340820e-01 8.028299808502197266e-01 7.799727916717529297e-01 7.878184318542480469e-01 7.950785160064697266e-01 7.991223335266113281e-01 7.411329746246337891e-01 6.850129365921020508e-01 6.307014226913452148e-01
8.785009384155273438e-01 1.006689548492431641e+00 nan 1.073951005935668945e+00 9.994517564773559570e-01 9.276286363601684570e-01 8.769476413726806641e-01 8.497446775436401367e-01 8.287785053253173828e-01 7.957712411880493164e-01 7.574849128723144531e-01 7.646218538284301758e-01 7.717877626419067383e-01 7.177723646163940430e-01 6.624051332473754883e-01 6.088224649429321289e-01
8.205789327621459961e-01 9.320163726806640625e-01 1.068962097167968750e+00 nan 1.096484422683715820e+00 1.015361309051513672e+00 9.306325912475585938e-01 8.746197223663330078e-01 8.508671522140502930e-01 8.043625354766845703e-01 7.589946985244750977e-01 7.340807914733886719e-01 7.412230968475341797e-01 6.951087713241577148e-01 6.403794288635253906e-01 5.874171257019042969e-01
7.845281362533569336e-01 8.703987598419189453e-01 9.862443208694458008e-01 1.100758075714111328e+00 nan 1.104218006134033203e+00 1.015753507614135742e+00 9.364916086196899414e-01 8.553318977355957031e-01 8.085441589355468750e-01 7.649341821670532227e-01 7.257450819015502930e-01 7.084739208221435547e-01 6.754369735717773438e-01 6.213428974151611328e-01 5.689951181411743164e-01
7.705435752868652344e-01 8.326560258865356445e-01 9.004490375518798828e-01 1.001008749008178711e+00 1.112677812576293945e+00 nan 1.118368625640869141e+00 1.006897449493408203e+00 9.002770185470581055e-01 8.145769834518432617e-01 7.708938121795654297e-01 7.315722703933715820e-01 6.931238174438476562e-01 6.559935808181762695e-01 6.025271415710449219e-01 5.507868528366088867e-01
7.489670515060424805e-01 8.188083171844482422e-01 8.619543313980102539e-01 9.143542051315307617e-01 1.008957386016845703e+00 1.138681888580322266e+00 nan 1.109616756439208984e+00 9.958189725875854492e-01 8.863677978515625000e-01 8.069226741790771484e-01 7.595539093017578125e-01 7.134270668029785156e-01 6.535463333129882812e-01 5.844503641128540039e-01 5.327899456024169922e-01
7.251210212707519531e-01 8.003215789794921875e-01 8.378381729125976562e-01 8.632481098175048828e-01 9.253897666931152344e-01 1.017737865447998047e+00 1.135471105575561523e+00 nan 1.096164464950561523e+00 9.812105894088745117e-01 8.691132068634033203e-01 7.993373870849609375e-01 7.521674633026123047e-01 7.033463716506958008e-01 5.985554456710815430e-01 5.382143259048461914e-01
7.427721023559570312e-01 7.748464345932006836e-01 8.107560873031616211e-01 8.283573389053344727e-01 8.422142267227172852e-01 8.990378379821777344e-01 1.009844779968261719e+00 1.133838891983032227e+00 nan 1.080821514129638672e+00 9.631820917129516602e-01 8.492145538330078125e-01 7.917839288711547852e-01 7.448121309280395508e-01 6.466990709304809570e-01 5.495065450668334961e-01
7.639642953872680664e-01 7.716140747070312500e-01 7.677959203720092773e-01 7.863559722900390625e-01 7.936726808547973633e-01 8.051806688308715820e-01 8.916091918945312500e-01 1.001982688903808594e+00 1.152370214462280273e+00 nan 1.061985254287719727e+00 9.422819614410400391e-01 8.322960138320922852e-01 7.842621803283691406e-01 6.962927579879760742e-01 5.919355154037475586e-01
7.820885181427001953e-01 7.744427919387817383e-01 7.554459571838378906e-01 7.288709878921508789e-01 7.407735586166381836e-01 7.527581453323364258e-01 7.990922927856445312e-01 8.842095136642456055e-01 9.941513538360595703e-01 1.171061992645263672e+00 nan 1.040033340454101562e+00 9.216041564941406250e-01 8.246042728424072266e-01 7.473800182342529297e-01 6.398799419403076172e-01
7.667644023895263672e-01 7.672258615493774414e-01 7.430224418640136719e-01 7.103124856948852539e-01 6.787396669387817383e-01 6.902971267700195312e-01 7.346906661987304688e-01 7.849814891815185547e-01 8.736093044281005859e-01 1.008168220520019531e+00 1.164437294006347656e+00 nan 1.018315076828002930e+00 9.011468887329101562e-01 8.000059127807617188e-01 6.892683506011962891e-01
5.754125118255615234e-01 6.915534734725952148e-01 6.881731748580932617e-01 6.653523445129394531e-01 6.428400278091430664e-01 6.206321716308593750e-01 6.642909049987792969e-01 7.171068191528320312e-01 7.668877840042114258e-01 8.536140918731689453e-01 9.891908168792724609e-01 1.155792713165283203e+00 nan 9.968277215957641602e-01 8.770513534545898438e-01 7.401440143585205078e-01
5.437902212142944336e-01 5.407316684722900391e-01 5.729392766952514648e-01 6.116514205932617188e-01 5.898652076721191406e-01 5.683733224868774414e-01 5.764290094375610352e-01 6.223667860031127930e-01 6.761239767074584961e-01 7.316622734069824219e-01 8.133046627044677734e-01 9.625287055969238281e-01 1.147529125213623047e+00 nan 9.755696058273315430e-01 8.028768301010131836e-01
5.078887939453125000e-01 5.089571475982666016e-01 5.030874013900756836e-01 5.017403364181518555e-01 5.385985374450683594e-01 5.177997350692749023e-01 5.280234813690185547e-01 5.391603708267211914e-01 5.814990997314453125e-01 6.339019536972045898e-01 6.907284259796142578e-01 7.550320625305175781e-01 8.764520883560180664e-01 1.051982641220092773e+00 nan 9.125465154647827148e-01
4.613975286483764648e-01 4.707481861114501953e-01 4.688785076141357422e-01 4.661744832992553711e-01 4.662820100784301758e-01 4.679493904113769531e-01 4.789066314697265625e-01 4.899456501007080078e-01 5.010670423507690430e-01 5.278879404067993164e-01 5.836424827575683594e-01 6.459029912948608398e-01 7.138857841491699219e-01 8.073095083236694336e-01 9.479728937149047852e-01 nan
