nan 1.051581382751464844e+00 9.842302799224853516e-01 9.415161609649658203e-01 9.013313055038452148e-01 8.816477060317993164e-01 8.621678352355957031e-01 8.428897857666015625e-01 8.173179626464843750e-01 8.075927495956420898e-01 7.798535823822021484e-01 7.921274900436401367e-01 7.343382835388183594e-01 6.728641986846923828e-01 6.135690212249755859e-01 5.563755035400390625e-01
1.010561227798461914e+00 nan 1.091904163360595703e+00 1.036125183105468750e+00 9.640370607376098633e-01 9.059145450592041016e-01 8.861836194992065430e-01 8.666565418243408203e-01 8.369976282119750977e-01 7.902065515518188477e-01 7.696522474288940430e-01 7.630279064178466797e-01 7.191385030746459961e-01 6.639536619186401367e-01 6.072078943252563477e-01 5.502399206161499023e-01
9.118514060974121094e-01 1.060950994491577148e+00 nan 1.134730815887451172e+00 1.058404922485351562e+00 9.848076105117797852e-01 9.138420820236206055e-01 8.885515928268432617e-01 8.714650869369506836e-01 8.233218193054199219e-01 7.404733896255493164e-01 7.332959175109863281e-01 6.971011161804199219e-01 6.426236629486083984e-01 5.898948907852172852e-01 5.388587713241577148e-01
8.407407999038696289e-01 9.778610467910766602e-01 1.125195503234863281e+00 nan 1.160329341888427734e+00 1.082890748977661133e+00 1.008228063583374023e+00 9.358500242233276367e-01 9.090887308120727539e-01 8.205547332763671875e-01 7.390638589859008789e-01 7.032991647720336914e-01 6.759891510009765625e-01 6.220977306365966797e-01 5.699392557144165039e-01 5.194579362869262695e-01
7.745755910873413086e-01 9.067671298980712891e-01 1.046626806259155273e+00 1.168903589248657227e+00 nan 1.214081764221191406e+00 1.101352453231811523e+00 1.026564121246337891e+00 9.120374917984008789e-01 8.092898130416870117e-01 7.349102497100830078e-01 6.965367794036865234e-01 6.575433015823364258e-01 6.042450666427612305e-01 5.526607036590576172e-01 5.027350187301635742e-01
7.561670541763305664e-01 8.382289409637451172e-01 9.663176536560058594e-01 1.082649707794189453e+00 1.224776744842529297e+00 nan 1.246825933456420898e+00 1.100080013275146484e+00 9.736783504486083984e-01 8.405452966690063477e-01 7.686656713485717773e-01 7.224106788635253906e-01 6.695575714111328125e-01 5.915253162384033203e-01 5.355722904205322266e-01 4.861960411071777344e-01
7.364324331283569336e-01 8.251718282699584961e-01 8.919630050659179688e-01 9.975742101669311523e-01 1.106953382492065430e+00 1.269872665405273438e+00 nan 1.220050334930419922e+00 1.069617748260498047e+00 9.312179088592529297e-01 8.213840723037719727e-01 7.618590593338012695e-01 7.157820463180541992e-01 6.155923604965209961e-01 5.460320711135864258e-01 4.901468753814697266e-01
7.090148925781250000e-01 8.106836080551147461e-01 8.624166250228881836e-01 9.034303426742553711e-01 1.004600048065185547e+00 1.119951248168945312e+00 1.260347127914428711e+00 nan 1.183952331542968750e+00 1.026512861251831055e+00 9.136584997177124023e-01 8.026946783065795898e-01 7.550785541534423828e-01 6.655614376068115234e-01 5.633711814880371094e-01 5.018392801284790039e-01
7.144943475723266602e-01 7.777150869369506836e-01 8.254892826080322266e-01 8.572999238967895508e-01 8.967734575271606445e-01 9.835042953491210938e-01 1.097049713134765625e+00 1.243746280670166016e+00 nan 1.141521453857421875e+00 1.010608196258544922e+00 8.940223455429077148e-01 7.952749729156494141e-01 7.170755863189697266e-01 6.117250919342041016e-01 5.136233568191528320e-01
7.349752187728881836e-01 7.566516399383544922e-01 7.840380668640136719e-01 8.063838481903076172e-01 8.111000061035156250e-01 8.469666242599487305e-01 9.518123865127563477e-01 1.062609910964965820e+00 1.236847400665283203e+00 nan 1.151916980743408203e+00 9.899771213531494141e-01 8.745877742767333984e-01 7.701834440231323242e-01 6.615743637084960938e-01 5.596292018890380859e-01
7.549128532409667969e-01 7.644337415695190430e-01 7.452437877655029297e-01 7.366936206817626953e-01 7.487834692001342773e-01 7.707901000976562500e-01 8.333646059036254883e-01 9.404782056808471680e-01 1.053849697113037109e+00 1.258106231689453125e+00 nan 1.123996019363403320e+00 9.695576429367065430e-01 8.508988618850708008e-01 7.129656076431274414e-01 6.078672409057617188e-01
7.444640398025512695e-01 7.486397027969360352e-01 7.257723808288574219e-01 7.004836797714233398e-01 6.870372295379638672e-01 7.038559913635253906e-01 7.533454895019531250e-01 8.184803724288940430e-01 9.300477504730224609e-01 1.064406394958496094e+00 1.289535760879516602e+00 nan 1.096749305725097656e+00 9.493480920791625977e-01 7.795422077178955078e-01 6.575973033905029297e-01
5.659531354904174805e-01 6.913821697235107422e-01 6.702122688293457031e-01 6.476539373397827148e-01 6.254004240036010742e-01 6.224428415298461914e-01 6.762911081314086914e-01 7.319265604019165039e-01 7.996610403060913086e-01 9.100737571716308594e-01 1.079539775848388672e+00 1.277179956436157227e+00 nan 1.077838182449340820e+00 8.843678236007690430e-01 7.109364271163940430e-01
5.343567132949829102e-01 5.315228700637817383e-01 5.859183073043823242e-01 5.946087837219238281e-01 5.730717182159423828e-01 5.581668615341186523e-01 5.820289850234985352e-01 6.345359086990356445e-01 6.887855529785156250e-01 7.448354959487915039e-01 8.667047023773193359e-01 1.033053874969482422e+00 1.251121044158935547e+00 nan 1.026875257492065430e+00 8.117206096649169922e-01
5.004347562789916992e-01 4.995464086532592773e-01 4.940099716186523438e-01 4.932094812393188477e-01 5.224276781082153320e-01 5.102449655532836914e-01 5.212346315383911133e-01 5.426219701766967773e-01 5.938209295272827148e-01 6.467192173004150391e-01 7.042307853698730469e-01 8.083524703979492188e-01 9.358336925506591797e-01 1.125041246414184570e+00 nan 9.373931884765625000e-01
4.537147283554077148e-01 4.629994630813598633e-01 4.595472812652587891e-01 4.573858976364135742e-01 4.574760198593139648e-01 4.609833955764770508e-01 4.718717336654663086e-01 4.828411340713500977e-01 4.938924312591552734e-01 5.364403724670410156e-01 5.920991897583007812e-01 6.579471826553344727e-01 7.265185117721557617e-01 8.548939228057861328e-01 1.016508817672729492e+00 nan
