nan 1.005366802215576172e+00 9.621976613998413086e-01 9.124903678894042969e-01 8.741694688796997070e-01 8.547670841217041016e-01 8.355655670166015625e-01 8.165628910064697266e-01 7.890356779098510742e-01 7.803986072540283203e-01 7.825478315353393555e-01 7.936507463455200195e-01 7.563341856002807617e-01 6.940803527832031250e-01 6.340332031250000000e-01 5.761144161224365234e-01
9.182158708572387695e-01 nan 1.064666032791137695e+00 1.005484819412231445e+00 9.340114593505859375e-01 8.786871433258056641e-01 8.592381477355957031e-01 8.392435312271118164e-01 8.084092140197753906e-01 7.681688070297241211e-01 7.607554197311401367e-01 7.753380537033081055e-01 7.494102716445922852e-01 6.874017715454101562e-01 6.275913715362548828e-01 5.699008703231811523e-01
8.435862064361572266e-01 9.811056852340698242e-01 nan 1.102096080780029297e+00 1.026936531066894531e+00 9.544644355773925781e-01 8.845838308334350586e-01 8.591607809066772461e-01 8.279926776885986328e-01 7.891975641250610352e-01 7.391859292984008789e-01 7.453985214233398438e-01 7.315157651901245117e-01 6.759335994720458984e-01 6.211750507354736328e-01 5.637118816375732422e-01
7.815439701080322266e-01 9.079904556274414062e-01 1.046766519546508789e+00 nan 1.128141403198242188e+00 1.051856279373168945e+00 9.776899814605712891e-01 8.947026729583740234e-01 8.501073122024536133e-01 8.079421520233154297e-01 7.491675615310668945e-01 7.147804498672485352e-01 7.103776931762695312e-01 6.553803682327270508e-01 6.021517515182495117e-01 5.506346225738525391e-01
7.535005807876586914e-01 8.394080400466918945e-01 9.664515256881713867e-01 1.083431959152221680e+00 nan 1.168129205703735352e+00 1.065652370452880859e+00 9.789742231369018555e-01 8.922395706176757812e-01 8.147603273391723633e-01 7.557600736618041992e-01 7.169253826141357422e-01 6.896747350692749023e-01 6.371614933013916016e-01 5.845186710357666016e-01 5.335685014724731445e-01
7.508519887924194336e-01 8.078284263610839844e-01 8.892886638641357422e-01 1.000577449798583984e+00 1.116804361343383789e+00 nan 1.187315225601196289e+00 1.081441640853881836e+00 9.570676088333129883e-01 8.493887186050415039e-01 7.779366970062255859e-01 7.314392328262329102e-01 6.861578226089477539e-01 6.191431283950805664e-01 5.670795440673828125e-01 5.166901350021362305e-01
7.397385835647583008e-01 8.050975799560546875e-01 8.507833480834960938e-01 9.117908477783203125e-01 1.013405084609985352e+00 1.143559455871582031e+00 nan 1.189752101898193359e+00 1.056118011474609375e+00 9.431307315826416016e-01 8.346914052963256836e-01 7.710943222045898438e-01 7.247757911682128906e-01 6.462869644165039062e-01 5.671901702880859375e-01 5.105401277542114258e-01
7.172176837921142578e-01 7.917690277099609375e-01 8.262854814529418945e-01 8.517051935195922852e-01 9.185150861740112305e-01 1.027693748474121094e+00 1.154505252838134766e+00 nan 1.160181522369384766e+00 1.041624069213867188e+00 9.276401996612548828e-01 8.158655166625976562e-01 7.642784118652343750e-01 6.972054243087768555e-01 5.930738449096679688e-01 5.223925113677978516e-01
7.365038394927978516e-01 7.678328752517700195e-01 8.033660650253295898e-01 8.284667730331420898e-01 8.470441102981567383e-01 9.097489118576049805e-01 1.017856836318969727e+00 1.142798423767089844e+00 nan 1.165800571441650391e+00 1.025297880172729492e+00 9.078606367111206055e-01 8.046855926513671875e-01 7.496982812881469727e-01 6.423462629318237305e-01 5.415806770324707031e-01
7.577426433563232422e-01 7.744398117065429688e-01 7.690230607986450195e-01 7.903759479522705078e-01 8.053563833236694336e-01 8.129099607467651367e-01 8.997534513473510742e-01 1.010745763778686523e+00 1.160957098007202148e+00 nan 1.179699897766113281e+00 1.004516363143920898e+00 8.882838487625122070e-01 7.977403402328491211e-01 6.931426525115966797e-01 5.892604589462280273e-01
7.778400182723999023e-01 7.766580581665039062e-01 7.598663568496704102e-01 7.476706504821777344e-01 7.584733963012695312e-01 7.658308744430541992e-01 7.996693849563598633e-01 8.930583000183105469e-01 1.003659486770629883e+00 1.179269790649414062e+00 nan 1.160040616989135742e+00 9.839476346969604492e-01 8.689080476760864258e-01 7.455102205276489258e-01 6.384150981903076172e-01
7.670785188674926758e-01 7.668850421905517578e-01 7.602884769439697266e-01 7.287818193435668945e-01 6.977005004882812500e-01 7.095190286636352539e-01 7.425858974456787109e-01 7.932004928588867188e-01 8.863867521286010742e-01 1.015417575836181641e+00 1.202211856842041016e+00 nan 1.140558481216430664e+00 9.635903835296630859e-01 8.170756101608276367e-01 6.890898942947387695e-01
5.743072032928466797e-01 6.902498006820678711e-01 7.036170959472656250e-01 6.806077957153320312e-01 6.579091548919677734e-01 6.355171203613281250e-01 6.701498031616210938e-01 7.254194021224975586e-01 7.755352258682250977e-01 8.709551095962524414e-01 1.034738302230834961e+00 1.194334745407104492e+00 nan 1.121252059936523438e+00 9.241120815277099609e-01 7.470228672027587891e-01
5.473084449768066406e-01 5.452957153320312500e-01 5.733016729354858398e-01 6.265016794204711914e-01 6.045337915420532227e-01 5.828626155853271484e-01 5.802515745162963867e-01 6.285476684570312500e-01 6.825984716415405273e-01 7.384432554244995117e-01 8.362013101577758789e-01 1.009020328521728516e+00 1.186485528945922852e+00 nan 1.097542285919189453e+00 8.499327898025512695e-01
5.135630369186401367e-01 5.133496522903442383e-01 5.074454545974731445e-01 5.062682628631591797e-01 5.528768301010131836e-01 5.319032669067382812e-01 5.316504240036010742e-01 5.427958965301513672e-01 5.879818201065063477e-01 6.406862735748291016e-01 6.989194154739379883e-01 7.788026332855224609e-01 9.067583084106445312e-01 1.099920272827148438e+00 nan 1.013621091842651367e+00
4.666633605957031250e-01 4.760558605194091797e-01 4.729281663894653320e-01 4.703862667083740234e-01 4.704771041870117188e-01 4.712415933609008789e-01 4.822063446044921875e-01 4.932528734207153320e-01 5.043816566467285156e-01 5.332906246185302734e-01 5.897077322006225586e-01 6.554567813873291016e-01 7.239251136779785156e-01 8.311691284179687500e-01 9.928481578826904297e-01 nan
