nan 1.086134433746337891e+00 1.039077043533325195e+00 1.008586645126342773e+00 9.785521030426025391e-01 9.378339052200317383e-01 9.285503625869750977e-01 9.147061109542846680e-01 8.994151353836059570e-01 8.773126602172851562e-01 8.554673194885253906e-01 8.338763713836669922e-01 8.141049146652221680e-01 8.210419416427612305e-01 8.043099641799926758e-01 8.002274036407470703e-01 0.000000000000000000e+00 0.000000000000000000e+00 0.000000000000000000e+00 0.000000000000000000e+00 0.000000000000000000e+00 0.000000000000000000e+00
1.034414529800415039e+00 nan 1.114434719085693359e+00 1.080632686614990234e+00 1.049456596374511719e+00 1.001373052597045898e+00 9.517545700073242188e-01 9.317675828933715820e-01 9.136315584182739258e-01 8.913636207580566406e-01 8.693547248840332031e-01 8.476021289825439453e-01 8.266087770462036133e-01 8.159333467483520508e-01 8.003942966461181641e-01 7.933400869369506836e-01 0.000000000000000000e+00 0.000000000000000000e+00 0.000000000000000000e+00 0.000000000000000000e+00 0.000000000000000000e+00 0.000000000000000000e+00
9.772411584854125977e-01 1.078213930130004883e+00 nan 1.155262708663940430e+00 1.117942333221435547e+00 1.067674636840820312e+00 1.016207218170166016e+00 9.660210609436035156e-01 9.279543161392211914e-01 9.055197238922119141e-01 8.833461999893188477e-01 8.620204925537109375e-01 8.547139167785644531e-01 8.368854522705078125e-01 7.964872121810913086e-01 7.728166580200195312e-01 0.000000000000000000e+00 0.000000000000000000e+00 0.000000000000000000e+00 0.000000000000000000e+00 0.000000000000000000e+00 0.000000000000000000e+00
9.236601591110229492e-01 1.021896839141845703e+00 1.125149965286254883e+00 nan 1.188717126846313477e+00 1.135955333709716797e+00 1.082788467407226562e+00 1.029813766479492188e+00 9.704016447067260742e-01 9.197816848754882812e-01 8.981184959411621094e-01 8.906707763671875000e-01 8.814857006072998047e-01 8.629002571105957031e-01 7.896269559860229492e-01 7.525283098220825195e-01 0.000000000000000000e+00 0.000000000000000000e+00 0.000000000000000000e+00 0.000000000000000000e+00 0.000000000000000000e+00 0.000000000000000000e+00
8.725137710571289062e-01 9.680093526840209961e-01 1.068375349044799805e+00 1.173859596252441406e+00 nan 1.206925868988037109e+00 1.151851654052734375e+00 1.093818426132202148e+00 1.032592296600341797e+00 9.738808870315551758e-01 9.310575723648071289e-01 9.197611808776855469e-01 9.053908586502075195e-01 8.641990423202514648e-01 7.988252639770507812e-01 7.472664117813110352e-01 0.000000000000000000e+00 0.000000000000000000e+00 0.000000000000000000e+00 0.000000000000000000e+00 0.000000000000000000e+00 0.000000000000000000e+00
8.256547451019287109e-01 9.187606573104858398e-01 1.016614913940429688e+00 1.117685794830322266e+00 1.206460237503051758e+00 nan 1.231174468994140625e+00 1.157858371734619141e+00 1.094759702682495117e+00 1.037910223007202148e+00 9.941384792327880859e-01 9.505722522735595703e-01 9.026769399642944336e-01 8.538856506347656250e-01 7.955881357192993164e-01 7.445777654647827148e-01 0.000000000000000000e+00 0.000000000000000000e+00 0.000000000000000000e+00 0.000000000000000000e+00 0.000000000000000000e+00 0.000000000000000000e+00
7.812379598617553711e-01 8.667515516281127930e-01 9.650318622589111328e-01 1.059803485870361328e+00 1.144065856933593750e+00 1.233702659606933594e+00 nan 1.244824886322021484e+00 1.169028520584106445e+00 1.103646755218505859e+00 1.058374643325805664e+00 9.892648458480834961e-01 8.990924358367919922e-01 8.423146009445190430e-01 7.895541191101074219e-01 7.470098733901977539e-01 0.000000000000000000e+00 0.000000000000000000e+00 0.000000000000000000e+00 0.000000000000000000e+00 0.000000000000000000e+00 0.000000000000000000e+00
7.616870403289794922e-01 8.240412473678588867e-01 9.083576202392578125e-01 9.954295158386230469e-01 1.073591709136962891e+00 1.149402618408203125e+00 1.253210306167602539e+00 nan 1.258558511734008789e+00 1.193936347961425781e+00 1.122857332229614258e+00 1.026578903198242188e+00 9.328489303588867188e-01 8.434541225433349609e-01 7.911695241928100586e-01 7.540308237075805664e-01 0.000000000000000000e+00 0.000000000000000000e+00 0.000000000000000000e+00 0.000000000000000000e+00 0.000000000000000000e+00 0.000000000000000000e+00
7.421230077743530273e-01 8.086513280868530273e-01 8.678730726242065430e-01 9.323755502700805664e-01 1.005434036254882812e+00 1.078638076782226562e+00 1.168174266815185547e+00 1.272888422012329102e+00 nan 1.277958631515502930e+00 1.180202245712280273e+00 1.080058097839355469e+00 9.838545322418212891e-01 8.921009302139282227e-01 8.160836696624755859e-01 7.817455530166625977e-01 0.000000000000000000e+00 0.000000000000000000e+00 0.000000000000000000e+00 0.000000000000000000e+00 0.000000000000000000e+00 0.000000000000000000e+00
7.274378538131713867e-01 7.916687726974487305e-01 8.488243818283081055e-01 8.913053274154663086e-01 9.395165443420410156e-01 1.010314464569091797e+00 1.086347341537475586e+00 1.187109708786010742e+00 1.291603326797485352e+00 nan 1.243958711624145508e+00 1.142072200775146484e+00 1.044811725616455078e+00 9.552462100982666016e-01 8.792946338653564453e-01 8.098982572555541992e-01 0.000000000000000000e+00 0.000000000000000000e+00 0.000000000000000000e+00 0.000000000000000000e+00 0.000000000000000000e+00 0.000000000000000000e+00
7.096754312515258789e-01 7.707467079162597656e-01 8.285311460494995117e-01 8.652638196945190430e-01 8.877062797546386719e-01 9.442366361618041992e-01 1.015207052230834961e+00 1.101247310638427734e+00 1.183122396469116211e+00 1.268187284469604492e+00 nan 1.212285518646240234e+00 1.111836910247802734e+00 1.023217916488647461e+00 9.445941448211669922e-01 8.657242059707641602e-01 0.000000000000000000e+00 0.000000000000000000e+00 0.000000000000000000e+00 0.000000000000000000e+00 0.000000000000000000e+00 0.000000000000000000e+00
7.113442420959472656e-01 7.546439170837402344e-01 8.071666955947875977e-01 8.395808935165405273e-01 8.617144823074340820e-01 8.804482221603393555e-01 9.397140741348266602e-01 9.989031553268432617e-01 1.076790094375610352e+00 1.157660245895385742e+00 1.242084026336669922e+00 nan 1.180752277374267578e+00 1.093108415603637695e+00 1.011835098266601562e+00 9.302381277084350586e-01 0.000000000000000000e+00 0.000000000000000000e+00 0.000000000000000000e+00 0.000000000000000000e+00 0.000000000000000000e+00 0.000000000000000000e+00
7.256820201873779297e-01 7.438083887100219727e-01 7.809565067291259766e-01 8.099099397659301758e-01 8.265371322631835938e-01 8.432307243347167969e-01 8.502898216247558594e-01 9.013167619705200195e-01 9.753246307373046875e-01 1.052212715148925781e+00 1.132094144821166992e+00 1.234937191009521484e+00 nan 1.165413379669189453e+00 1.081401586532592773e+00 9.969828128814697266e-01 0.000000000000000000e+00 0.000000000000000000e+00 0.000000000000000000e+00 0.000000000000000000e+00 0.000000000000000000e+00 0.000000000000000000e+00
7.393770217895507812e-01 7.575254440307617188e-01 7.541478872299194336e-01 7.713441848754882812e-01 7.900819778442382812e-01 7.978250980377197266e-01 8.022329807281494141e-01 8.115988969802856445e-01 8.841387033462524414e-01 9.595830440521240234e-01 1.038048267364501953e+00 1.119655370712280273e+00 1.246647119522094727e+00 nan 1.161768913269042969e+00 1.066035509109497070e+00 0.000000000000000000e+00 0.000000000000000000e+00 0.000000000000000000e+00 0.000000000000000000e+00 0.000000000000000000e+00 0.000000000000000000e+00
7.531058788299560547e-01 7.630765438079833984e-01 7.556011676788330078e-01 7.440825700759887695e-01 7.513670921325683594e-01 7.597057819366455078e-01 7.680840492248535156e-01 7.753335237503051758e-01 8.073354959487915039e-01 8.790330886840820312e-01 9.542729854583740234e-01 1.032525539398193359e+00 1.125727176666259766e+00 1.263081789016723633e+00 nan 1.147904396057128906e+00 0.000000000000000000e+00 0.000000000000000000e+00 0.000000000000000000e+00 0.000000000000000000e+00 0.000000000000000000e+00 0.000000000000000000e+00
7.669428586959838867e-01 7.649468183517456055e-01 7.570554018020629883e-01 7.408585548400878906e-01 7.181755304336547852e-01 7.160503864288330078e-01 7.242208719253540039e-01 7.324302196502685547e-01 7.651075124740600586e-01 8.003787994384765625e-01 8.739413022994995117e-01 9.489772319793701172e-01 1.027017831802368164e+00 1.138490676879882812e+00 1.267753601074218750e+00 nan 0.000000000000000000e+00 0.000000000000000000e+00 0.000000000000000000e+00 0.000000000000000000e+00 0.000000000000000000e+00 0.000000000000000000e+00
7.494412660598754883e-01 7.524456977844238281e-01 7.471244335174560547e-01 7.309650182723999023e-01 7.097480297088623047e-01 6.874704360961914062e-01 6.814458370208740234e-01 6.894515752792358398e-01 7.183641195297241211e-01 7.527011632919311523e-01 7.877246141433715820e-01 8.608218431472778320e-01 9.390521049499511719e-01 1.025128126144409180e+00 1.142952203750610352e+00 1.255899667739868164e+00 nan 0.000000000000000000e+00 0.000000000000000000e+00 0.000000000000000000e+00 0.000000000000000000e+00 0.000000000000000000e+00
6.010483503341674805e-01 7.210375070571899414e-01 7.072534561157226562e-01 6.921283006668090820e-01 6.762591600418090820e-01 6.605389118194580078e-01 6.449661254882812500e-01 6.418612003326416016e-01 6.727418899536132812e-01 7.062861919403076172e-01 7.403820753097534180e-01 7.751591205596923828e-01 8.470509052276611328e-01 9.247021675109863281e-01 1.019221067428588867e+00 1.130623817443847656e+00 0.000000000000000000e+00 nan 0.000000000000000000e+00 0.000000000000000000e+00 0.000000000000000000e+00 0.000000000000000000e+00
5.573612451553344727e-01 5.570887327194213867e-01 6.425383090972900391e-01 6.541630029678344727e-01 6.386499404907226562e-01 6.232824325561523438e-01 6.080589294433593750e-01 5.929781198501586914e-01 6.067823171615600586e-01 6.434558629989624023e-01 6.809667348861694336e-01 7.193335294723510742e-01 7.585761547088623047e-01 8.333817720413208008e-01 9.089633226394653320e-01 1.003021001815795898e+00 0.000000000000000000e+00 0.000000000000000000e+00 nan 0.000000000000000000e+00 0.000000000000000000e+00 0.000000000000000000e+00
5.352081060409545898e-01 5.343151092529296875e-01 5.312299728393554688e-01 5.620564222335815430e-01 6.018843650817871094e-01 5.868617296218872070e-01 5.719797611236572266e-01 5.572375059127807617e-01 5.623773336410522461e-01 5.786510705947875977e-01 6.146827936172485352e-01 6.515367031097412109e-01 6.892318725585937500e-01 7.277874946594238281e-01 7.905972003936767578e-01 8.717111349105834961e-01 0.000000000000000000e+00 0.000000000000000000e+00 0.000000000000000000e+00 nan 0.000000000000000000e+00 0.000000000000000000e+00
5.118037462234497070e-01 5.118745565414428711e-01 5.092978477478027344e-01 5.052307844161987305e-01 5.040236711502075195e-01 5.512580871582031250e-01 5.367100238800048828e-01 5.222985744476318359e-01 5.290056467056274414e-01 5.367119312286376953e-01 5.510125160217285156e-01 5.864132642745971680e-01 6.226220130920410156e-01 6.596572399139404297e-01 6.985050439834594727e-01 7.463372945785522461e-01 0.000000000000000000e+00 0.000000000000000000e+00 0.000000000000000000e+00 0.000000000000000000e+00 nan 0.000000000000000000e+00
4.814765453338623047e-01 4.880325794219970703e-01 4.872392416000366211e-01 4.834110736846923828e-01 4.812510013580322266e-01 4.812277555465698242e-01 5.022317171096801758e-01 4.888426065444946289e-01 4.963465929031372070e-01 5.038883686065673828e-01 5.114681720733642578e-01 5.238575935363769531e-01 5.586386919021606445e-01 5.942134857177734375e-01 6.315544843673706055e-01 6.720823049545288086e-01 0.000000000000000000e+00 0.000000000000000000e+00 0.000000000000000000e+00 0.000000000000000000e+00 0.000000000000000000e+00 nan
