nan 1.101472139358520508e+00 1.047147750854492188e+00 1.016536474227905273e+00 9.863833189010620117e-01 9.415947198867797852e-01 9.278045892715454102e-01 9.139655828475952148e-01 8.939436674118041992e-01 8.719049692153930664e-01 8.501224517822265625e-01 8.285937309265136719e-01 8.073152303695678711e-01 7.991323471069335938e-01 7.820914983749389648e-01 7.930411100387573242e-01 0.000000000000000000e+00 0.000000000000000000e+00 0.000000000000000000e+00 0.000000000000000000e+00 0.000000000000000000e+00 0.000000000000000000e+00
1.086519241333007812e+00 nan 1.129980802536010742e+00 1.088867664337158203e+00 1.054682254791259766e+00 1.006476163864135742e+00 9.566906690597534180e-01 9.305843114852905273e-01 9.081190824508666992e-01 8.859152793884277344e-01 8.639699220657348633e-01 8.422799110412597656e-01 8.208422660827636719e-01 7.806915044784545898e-01 7.662693262100219727e-01 7.778366804122924805e-01 0.000000000000000000e+00 0.000000000000000000e+00 0.000000000000000000e+00 0.000000000000000000e+00 0.000000000000000000e+00 0.000000000000000000e+00
1.000704765319824219e+00 1.122788906097412109e+00 nan 1.163793087005615234e+00 1.123342514038085938e+00 1.072903871536254883e+00 1.021306514739990234e+00 9.677623510360717773e-01 9.224005937576293945e-01 9.000306129455566406e-01 8.779209852218627930e-01 8.560686111450195312e-01 8.326514959335327148e-01 7.916355133056640625e-01 7.563518285751342773e-01 7.627609968185424805e-01 0.000000000000000000e+00 0.000000000000000000e+00 0.000000000000000000e+00 0.000000000000000000e+00 0.000000000000000000e+00 0.000000000000000000e+00
9.464881420135498047e-01 1.045890331268310547e+00 1.159509658813476562e+00 nan 1.194297790527343750e+00 1.141357421875000000e+00 1.088056325912475586e+00 1.029870510101318359e+00 9.704568386077880859e-01 9.142516851425170898e-01 8.919764757156372070e-01 8.699606657028198242e-01 8.482770919799804688e-01 8.179665803909301758e-01 7.758285999298095703e-01 7.587832212448120117e-01 0.000000000000000000e+00 0.000000000000000000e+00 0.000000000000000000e+00 0.000000000000000000e+00 0.000000000000000000e+00 0.000000000000000000e+00
8.937407732009887695e-01 9.904494285583496094e-01 1.092096567153930664e+00 1.198934793472290039e+00 nan 1.216310739517211914e+00 1.157009840011596680e+00 1.093938589096069336e+00 1.032649517059326172e+00 9.731543064117431641e-01 9.154005050659179688e-01 8.904342651367187500e-01 8.717603683471679688e-01 8.446843624114990234e-01 8.050312995910644531e-01 7.681373357772827148e-01 0.000000000000000000e+00 0.000000000000000000e+00 0.000000000000000000e+00 0.000000000000000000e+00 0.000000000000000000e+00 0.000000000000000000e+00
8.457161188125610352e-01 9.398450851440429688e-01 1.038774490356445312e+00 1.137953042984008789e+00 1.233653545379638672e+00 nan 1.239749193191528320e+00 1.164124250411987305e+00 1.095628023147583008e+00 1.034348964691162109e+00 9.757413864135742188e-01 9.274975061416625977e-01 8.914126157760620117e-01 8.679839372634887695e-01 8.233400583267211914e-01 7.715412378311157227e-01 0.000000000000000000e+00 0.000000000000000000e+00 0.000000000000000000e+00 0.000000000000000000e+00 0.000000000000000000e+00 0.000000000000000000e+00
7.977979183197021484e-01 8.913012742996215820e-01 9.877551794052124023e-01 1.079516887664794922e+00 1.165914058685302734e+00 1.269248485565185547e+00 nan 1.253452301025390625e+00 1.177364349365234375e+00 1.103845834732055664e+00 1.039384841918945312e+00 9.840136766433715820e-01 9.298044443130493164e-01 8.837223052978515625e-01 8.172128200531005859e-01 7.655880451202392578e-01 0.000000000000000000e+00 0.000000000000000000e+00 0.000000000000000000e+00 0.000000000000000000e+00 0.000000000000000000e+00 0.000000000000000000e+00
7.724037170410156250e-01 8.378672599792480469e-01 9.346266984939575195e-01 1.019493341445922852e+00 1.098448753356933594e+00 1.183606863021850586e+00 1.295435190200805664e+00 nan 1.271032333374023438e+00 1.190685749053955078e+00 1.118776559829711914e+00 1.051281929016113281e+00 9.863883256912231445e-01 8.972197771072387695e-01 8.111062049865722656e-01 7.644261121749877930e-01 0.000000000000000000e+00 0.000000000000000000e+00 0.000000000000000000e+00 0.000000000000000000e+00 0.000000000000000000e+00 0.000000000000000000e+00
7.575614452362060547e-01 8.149946928024291992e-01 8.773052692413330078e-01 9.556789398193359375e-01 1.029474020004272461e+00 1.103555917739868164e+00 1.202677249908447266e+00 1.326107263565063477e+00 nan 1.291963815689086914e+00 1.203525781631469727e+00 1.133331775665283203e+00 1.039096355438232422e+00 9.447876214981079102e-01 8.454982042312622070e-01 7.851237058639526367e-01 0.000000000000000000e+00 0.000000000000000000e+00 0.000000000000000000e+00 0.000000000000000000e+00 0.000000000000000000e+00 0.000000000000000000e+00
7.427798509597778320e-01 7.996811866760253906e-01 8.524937629699707031e-01 8.947685956954956055e-01 9.627664089202880859e-01 1.034413099288940430e+00 1.119548082351684570e+00 1.221913814544677734e+00 1.357189655303955078e+00 nan 1.309660911560058594e+00 1.194397687911987305e+00 1.092905998229980469e+00 9.961085319519042969e-01 9.008598327636718750e-01 8.238538503646850586e-01 0.000000000000000000e+00 0.000000000000000000e+00 0.000000000000000000e+00 0.000000000000000000e+00 0.000000000000000000e+00 0.000000000000000000e+00
7.248595952987670898e-01 7.848432064056396484e-01 8.321603536605834961e-01 8.686795234680175781e-01 8.982514142990112305e-01 9.675431251525878906e-01 1.039556503295898438e+00 1.137483835220336914e+00 1.234424114227294922e+00 1.389909744262695312e+00 nan 1.269425392150878906e+00 1.148135423660278320e+00 1.048783779144287109e+00 9.670213460922241211e-01 8.873350620269775391e-01 0.000000000000000000e+00 0.000000000000000000e+00 0.000000000000000000e+00 0.000000000000000000e+00 0.000000000000000000e+00 0.000000000000000000e+00
7.090728282928466797e-01 7.701933383941650391e-01 8.120499849319458008e-01 8.429495096206665039e-01 8.651236295700073242e-01 9.015066623687744141e-01 9.653830528259277344e-01 1.044364213943481445e+00 1.137081384658813477e+00 1.227263689041137695e+00 1.392181873321533203e+00 nan 1.245358705520629883e+00 1.118999958038330078e+00 1.035485744476318359e+00 9.530258178710937500e-01 0.000000000000000000e+00 0.000000000000000000e+00 0.000000000000000000e+00 0.000000000000000000e+00 0.000000000000000000e+00 0.000000000000000000e+00
7.235172986984252930e-01 7.530610561370849609e-01 7.942169904708862305e-01 8.154567480087280273e-01 8.321410417556762695e-01 8.489787578582763672e-01 8.892755508422851562e-01 9.553014039993286133e-01 1.039319753646850586e+00 1.118781566619873047e+00 1.207583427429199219e+00 1.385695934295654297e+00 nan 1.235219478607177734e+00 1.106333017349243164e+00 1.021002769470214844e+00 0.000000000000000000e+00 0.000000000000000000e+00 0.000000000000000000e+00 0.000000000000000000e+00 0.000000000000000000e+00 0.000000000000000000e+00
7.372746467590332031e-01 7.542719841003417969e-01 7.664129734039306641e-01 7.868385314941406250e-01 7.998303174972534180e-01 8.124814033508300781e-01 8.291382789611816406e-01 8.724812269210815430e-01 9.399918317794799805e-01 1.015583276748657227e+00 1.094120025634765625e+00 1.200459718704223633e+00 1.382262468338012695e+00 nan 1.223012208938598633e+00 1.091346263885498047e+00 0.000000000000000000e+00 0.000000000000000000e+00 0.000000000000000000e+00 0.000000000000000000e+00 0.000000000000000000e+00 0.000000000000000000e+00
7.510715723037719727e-01 7.619107961654663086e-01 7.543890476226806641e-01 7.532107830047607422e-01 7.733620405197143555e-01 7.853866815567016602e-01 7.965812683105468750e-01 8.017820119857788086e-01 8.549584150314331055e-01 9.293295145034790039e-01 1.006682634353637695e+00 1.087136745452880859e+00 1.213352680206298828e+00 1.397914648056030273e+00 nan 1.203003883361816406e+00 0.000000000000000000e+00 0.000000000000000000e+00 0.000000000000000000e+00 0.000000000000000000e+00 0.000000000000000000e+00 0.000000000000000000e+00
7.649780511856079102e-01 7.638449668884277344e-01 7.559070587158203125e-01 7.444010972976684570e-01 7.401072978973388672e-01 7.590590715408325195e-01 7.641510963439941406e-01 7.692579030990600586e-01 7.897654771804809570e-01 8.504301309585571289e-01 9.246199131011962891e-01 1.001783847808837891e+00 1.096814155578613281e+00 1.226433515548706055e+00 1.393496513366699219e+00 nan 0.000000000000000000e+00 0.000000000000000000e+00 0.000000000000000000e+00 0.000000000000000000e+00 0.000000000000000000e+00 0.000000000000000000e+00
7.592459917068481445e-01 7.621995210647583008e-01 7.572038173675537109e-01 7.459105253219604492e-01 7.344700098037719727e-01 7.168432474136352539e-01 7.251086235046386719e-01 7.333806753158569336e-01 7.536327838897705078e-01 7.858301401138305664e-01 8.456066846847534180e-01 9.195080995559692383e-01 9.963686466217041016e-01 1.109404325485229492e+00 1.223927259445190430e+00 1.386311292648315430e+00 nan 0.000000000000000000e+00 0.000000000000000000e+00 0.000000000000000000e+00 0.000000000000000000e+00 0.000000000000000000e+00
6.018947362899780273e-01 7.298192977905273438e-01 7.299336194992065430e-01 7.258418798446655273e-01 7.122348546981811523e-01 6.961771249771118164e-01 6.803129911422729492e-01 6.903784275054931641e-01 7.071931362152099609e-01 7.413070201873779297e-01 7.761026620864868164e-01 8.383927345275878906e-01 9.143066406250000000e-01 9.985262155532836914e-01 1.106723308563232422e+00 1.218736648559570312e+00 0.000000000000000000e+00 nan 0.000000000000000000e+00 0.000000000000000000e+00 0.000000000000000000e+00 0.000000000000000000e+00
5.709542036056518555e-01 5.750913619995117188e-01 6.654397249221801758e-01 6.896643638610839844e-01 6.738183498382568359e-01 6.581209897994995117e-01 6.425708532333374023e-01 6.271665096282958984e-01 6.473611593246459961e-01 6.849609613418579102e-01 7.234190702438354492e-01 7.627549171447753906e-01 8.247877359390258789e-01 9.015030860900878906e-01 9.909785985946655273e-01 1.100756645202636719e+00 0.000000000000000000e+00 0.000000000000000000e+00 nan 0.000000000000000000e+00 0.000000000000000000e+00 0.000000000000000000e+00
5.524625778198242188e-01 5.559178590774536133e-01 5.547553300857543945e-01 5.874686241149902344e-01 6.362638473510742188e-01 6.209186315536499023e-01 6.057174205780029297e-01 5.906585454940795898e-01 5.858446359634399414e-01 6.185195446014404297e-01 6.554610729217529297e-01 6.932460069656372070e-01 7.318930625915527344e-01 7.886204719543457031e-01 8.690302371978759766e-01 9.635961055755615234e-01 0.000000000000000000e+00 0.000000000000000000e+00 0.000000000000000000e+00 nan 0.000000000000000000e+00 0.000000000000000000e+00
5.322208404541015625e-01 5.352079868316650391e-01 5.324863195419311523e-01 5.283567905426025391e-01 5.271420478820800781e-01 5.845509767532348633e-01 5.696907043457031250e-01 5.549697875976562500e-01 5.519715547561645508e-01 5.597937107086181641e-01 5.901829004287719727e-01 6.264777183532714844e-01 6.636009216308593750e-01 7.015714645385742188e-01 7.445824146270751953e-01 8.256672620773315430e-01 0.000000000000000000e+00 0.000000000000000000e+00 0.000000000000000000e+00 0.000000000000000000e+00 nan 0.000000000000000000e+00
5.045492649078369141e-01 5.112073421478271484e-01 5.105363130569458008e-01 5.064659118652343750e-01 5.041011571884155273e-01 5.039956569671630859e-01 5.305129289627075195e-01 5.200818777084350586e-01 5.188219547271728516e-01 5.264770984649658203e-01 5.341707468032836914e-01 5.623422861099243164e-01 5.980017185211181641e-01 6.344749927520751953e-01 6.734645366668701172e-01 7.167441844940185547e-01 0.000000000000000000e+00 0.000000000000000000e+00 0.000000000000000000e+00 0.000000000000000000e+00 0.000000000000000000e+00 nan
