nan 1.285659313201904297e+00 1.181766033172607422e+00 1.098357677459716797e+00 1.066980838775634766e+00 1.022285938262939453e+00 9.790760278701782227e-01 9.693043231964111328e-01 9.615768194198608398e-01 9.538797140121459961e-01 9.462126493453979492e-01 9.385757446289062500e-01 9.247649908065795898e-01 9.070315361022949219e-01 8.902043104171752930e-01 8.733876943588256836e-01 0.000000000000000000e+00 0.000000000000000000e+00 0.000000000000000000e+00 0.000000000000000000e+00 0.000000000000000000e+00 0.000000000000000000e+00
1.312531232833862305e+00 nan 1.321335554122924805e+00 1.211363315582275391e+00 1.140073299407958984e+00 1.089863777160644531e+00 1.049200296401977539e+00 1.004743337631225586e+00 9.917589426040649414e-01 9.839432239532470703e-01 9.761582612991333008e-01 9.684038162231445312e-01 9.530525207519531250e-01 9.029000997543334961e-01 8.861023187637329102e-01 8.693219423294067383e-01 0.000000000000000000e+00 0.000000000000000000e+00 0.000000000000000000e+00 0.000000000000000000e+00 0.000000000000000000e+00 0.000000000000000000e+00
1.223816156387329102e+00 1.350963592529296875e+00 nan 1.356487751007080078e+00 1.237560749053955078e+00 1.171935081481933594e+00 1.130457878112792969e+00 1.084237813949584961e+00 1.039020776748657227e+00 1.014468669891357422e+00 1.006564140319824219e+00 9.984751939773559570e-01 9.787341356277465820e-01 9.251984357833862305e-01 8.820086717605590820e-01 8.652647733688354492e-01 0.000000000000000000e+00 0.000000000000000000e+00 0.000000000000000000e+00 0.000000000000000000e+00 0.000000000000000000e+00 0.000000000000000000e+00
1.101130723953247070e+00 1.263458251953125000e+00 1.395597457885742188e+00 nan 1.397921323776245117e+00 1.290814161300659180e+00 1.214938402175903320e+00 1.166885614395141602e+00 1.119875431060791016e+00 1.073884963989257812e+00 1.037438392639160156e+00 1.023867368698120117e+00 1.003875494003295898e+00 9.534928798675537109e-01 9.006472826004028320e-01 8.612167835235595703e-01 0.000000000000000000e+00 0.000000000000000000e+00 0.000000000000000000e+00 0.000000000000000000e+00 0.000000000000000000e+00 0.000000000000000000e+00
1.007528305053710938e+00 1.137448787689208984e+00 1.307582855224609375e+00 1.448322296142578125e+00 nan 1.465165615081787109e+00 1.354095697402954102e+00 1.262543201446533203e+00 1.203935861587524414e+00 1.156121730804443359e+00 1.109344720840454102e+00 1.052479505538940430e+00 1.029336214065551758e+00 9.822026491165161133e-01 9.286125898361206055e-01 8.769528865814208984e-01 0.000000000000000000e+00 0.000000000000000000e+00 0.000000000000000000e+00 0.000000000000000000e+00 0.000000000000000000e+00 0.000000000000000000e+00
9.548177719116210938e-01 1.054510831832885742e+00 1.174759864807128906e+00 1.371021747589111328e+00 1.518282890319824219e+00 nan 1.541739463806152344e+00 1.413785696029663086e+00 1.309179067611694336e+00 1.249052286148071289e+00 1.186924695968627930e+00 1.127171516418457031e+00 1.069050788879394531e+00 1.011274099349975586e+00 9.569894075393676758e-01 9.045695066452026367e-01 0.000000000000000000e+00 0.000000000000000000e+00 0.000000000000000000e+00 0.000000000000000000e+00 0.000000000000000000e+00 0.000000000000000000e+00
9.058992862701416016e-01 1.003097534179687500e+00 1.107338666915893555e+00 1.228553295135498047e+00 1.426586389541625977e+00 1.608783245086669922e+00 nan 1.602736711502075195e+00 1.471712589263916016e+00 1.349947929382324219e+00 1.273421764373779297e+00 1.201001167297363281e+00 1.130887031555175781e+00 1.053189992904663086e+00 9.768021106719970703e-01 8.995985984802246094e-01 0.000000000000000000e+00 0.000000000000000000e+00 0.000000000000000000e+00 0.000000000000000000e+00 0.000000000000000000e+00 0.000000000000000000e+00
8.535919189453125000e-01 9.511795043945312500e-01 1.059822082519531250e+00 1.169302940368652344e+00 1.287183761596679688e+00 1.504150390625000000e+00 1.682811975479125977e+00 nan 1.665198087692260742e+00 1.526783227920532227e+00 1.385250806808471680e+00 1.289039611816406250e+00 1.216121435165405273e+00 1.134134292602539062e+00 1.003480195999145508e+00 8.947645425796508789e-01 0.000000000000000000e+00 0.000000000000000000e+00 0.000000000000000000e+00 0.000000000000000000e+00 0.000000000000000000e+00 0.000000000000000000e+00
8.099422454833984375e-01 8.949049711227416992e-01 1.006799459457397461e+00 1.106455087661743164e+00 1.204970359802246094e+00 1.336922168731689453e+00 1.577010869979858398e+00 1.758941650390625000e+00 nan 1.716947793960571289e+00 1.564763545989990234e+00 1.421104192733764648e+00 1.309989690780639648e+00 1.204251289367675781e+00 1.058989048004150391e+00 9.215707778930664062e-01 0.000000000000000000e+00 0.000000000000000000e+00 0.000000000000000000e+00 0.000000000000000000e+00 0.000000000000000000e+00 0.000000000000000000e+00
7.888067960739135742e-01 8.547555208206176758e-01 9.475017786026000977e-01 1.043358564376831055e+00 1.134877920150756836e+00 1.245785713195800781e+00 1.394939899444580078e+00 1.651989936828613281e+00 1.843873262405395508e+00 nan 1.757785320281982422e+00 1.603314161300659180e+00 1.429595708847045898e+00 1.265500783920288086e+00 1.116035938262939453e+00 9.748103618621826172e-01 0.000000000000000000e+00 0.000000000000000000e+00 0.000000000000000000e+00 0.000000000000000000e+00 0.000000000000000000e+00 0.000000000000000000e+00
7.613651752471923828e-01 8.407986164093017578e-01 9.083071947097778320e-01 9.802347421646118164e-01 1.068556547164916992e+00 1.165060281753540039e+00 1.287357330322265625e+00 1.464622974395751953e+00 1.725431203842163086e+00 1.934608221054077148e+00 nan 1.800944328308105469e+00 1.552211523056030273e+00 1.351168632507324219e+00 1.174662828445434570e+00 1.029524326324462891e+00 0.000000000000000000e+00 0.000000000000000000e+00 0.000000000000000000e+00 0.000000000000000000e+00 0.000000000000000000e+00 0.000000000000000000e+00
7.373111248016357422e-01 8.255490064620971680e-01 8.905683755874633789e-01 9.385700225830078125e-01 1.004295110702514648e+00 1.093689918518066406e+00 1.201143980026245117e+00 1.318949937820434570e+00 1.517542362213134766e+00 1.800343275070190430e+00 2.007039546966552734e+00 nan 1.723425626754760742e+00 1.464593887329101562e+00 1.251431703567504883e+00 1.086106777191162109e+00 0.000000000000000000e+00 0.000000000000000000e+00 0.000000000000000000e+00 0.000000000000000000e+00 0.000000000000000000e+00 0.000000000000000000e+00
7.283781766891479492e-01 8.072137832641601562e-01 8.729940652847290039e-01 9.154433012008666992e-01 9.492239952087402344e-01 1.018383026123046875e+00 1.109177350997924805e+00 1.222060918807983398e+00 1.352777719497680664e+00 1.563208103179931641e+00 1.802547454833984375e+00 1.939726829528808594e+00 nan 1.648052453994750977e+00 1.362666845321655273e+00 1.155747413635253906e+00 0.000000000000000000e+00 0.000000000000000000e+00 0.000000000000000000e+00 0.000000000000000000e+00 0.000000000000000000e+00 0.000000000000000000e+00
7.450313568115234375e-01 7.841379642486572266e-01 8.445763587951660156e-01 8.821721076965332031e-01 9.143109321594238281e-01 9.469985961914062500e-01 1.024838209152221680e+00 1.129219770431518555e+00 1.243176698684692383e+00 1.334086656570434570e+00 1.498022794723510742e+00 1.742195844650268555e+00 1.873919248580932617e+00 nan 1.534129858016967773e+00 1.266290426254272461e+00 0.000000000000000000e+00 0.000000000000000000e+00 0.000000000000000000e+00 0.000000000000000000e+00 0.000000000000000000e+00 0.000000000000000000e+00
7.677453756332397461e-01 7.882094383239746094e-01 8.039809465408325195e-01 8.435008525848388672e-01 8.800235986709594727e-01 9.121258258819580078e-01 9.500583410263061523e-01 1.040258407592773438e+00 1.122975826263427734e+00 1.203343391418457031e+00 1.286753654479980469e+00 1.458691120147705078e+00 1.687235832214355469e+00 1.812109947204589844e+00 nan 1.431514024734497070e+00 0.000000000000000000e+00 0.000000000000000000e+00 0.000000000000000000e+00 0.000000000000000000e+00 0.000000000000000000e+00 0.000000000000000000e+00
7.939251661300659180e-01 7.904452085494995117e-01 7.914474010467529297e-01 8.029227256774902344e-01 8.424195051193237305e-01 8.778775930404663086e-01 9.099432229995727539e-01 9.344227313995361328e-01 1.007652521133422852e+00 1.083654403686523438e+00 1.162533521652221680e+00 1.244899749755859375e+00 1.434950590133666992e+00 1.661288499832153320e+00 1.711813926696777344e+00 nan 0.000000000000000000e+00 0.000000000000000000e+00 0.000000000000000000e+00 0.000000000000000000e+00 0.000000000000000000e+00 0.000000000000000000e+00
7.988625764846801758e-01 7.962393760681152344e-01 7.875092029571533203e-01 7.936087846755981445e-01 8.018647432327270508e-01 8.413382768630981445e-01 8.580112457275390625e-01 8.597059249877929688e-01 8.985936641693115234e-01 9.704669713973999023e-01 1.045061111450195312e+00 1.122479200363159180e+00 1.221653223037719727e+00 1.411438941955566406e+00 1.568995714187622070e+00 1.623919725418090820e+00 nan 0.000000000000000000e+00 0.000000000000000000e+00 0.000000000000000000e+00 0.000000000000000000e+00 0.000000000000000000e+00
6.603322029113769531e-01 7.480112314224243164e-01 7.367180585861206055e-01 7.428227663040161133e-01 7.622812986373901367e-01 7.699573040008544922e-01 7.896648645401000977e-01 7.944132089614868164e-01 8.234512805938720703e-01 8.634274005889892578e-01 9.339697360992431641e-01 1.007182121276855469e+00 1.083166360855102539e+00 1.199774503707885742e+00 1.334254503250122070e+00 1.499139308929443359e+00 0.000000000000000000e+00 nan 0.000000000000000000e+00 0.000000000000000000e+00 0.000000000000000000e+00 0.000000000000000000e+00
6.194643974304199219e-01 6.052609682083129883e-01 6.849830150604248047e-01 6.883429288864135742e-01 6.935278177261352539e-01 6.816979646682739258e-01 6.699508428573608398e-01 6.853199005126953125e-01 7.259490489959716797e-01 7.696570158004760742e-01 8.201310634613037109e-01 9.062269926071166992e-01 9.843287467956542969e-01 1.071600437164306641e+00 1.150963306427001953e+00 1.281297683715820312e+00 0.000000000000000000e+00 0.000000000000000000e+00 nan 0.000000000000000000e+00 0.000000000000000000e+00 0.000000000000000000e+00
6.009370088577270508e-01 5.865128040313720703e-01 5.679093599319458008e-01 6.132699251174926758e-01 6.343647241592407227e-01 6.190507411956787109e-01 6.038802862167358398e-01 5.888519287109375000e-01 6.212339401245117188e-01 6.621074676513671875e-01 7.041985988616943359e-01 7.473559379577636719e-01 8.280624151229858398e-01 9.176404476165771484e-01 9.885317087173461914e-01 1.105215311050415039e+00 0.000000000000000000e+00 0.000000000000000000e+00 0.000000000000000000e+00 nan 0.000000000000000000e+00 0.000000000000000000e+00
5.824178457260131836e-01 5.679833889007568359e-01 5.491586923599243164e-01 5.366384983062744141e-01 5.356872081756591797e-01 5.827834606170654297e-01 5.679526329040527344e-01 5.546133518218994141e-01 5.624364614486694336e-01 5.931676626205444336e-01 6.295902729034423828e-01 6.668455600738525391e-01 7.049524784088134766e-01 7.691042423248291016e-01 8.473367691040039062e-01 9.365465641021728516e-01 0.000000000000000000e+00 0.000000000000000000e+00 0.000000000000000000e+00 0.000000000000000000e+00 nan 0.000000000000000000e+00
5.639020204544067383e-01 5.495517253875732422e-01 5.186796188354492188e-01 5.145753622055053711e-01 5.124638080596923828e-01 5.123456716537475586e-01 5.328298807144165039e-01 5.213534832000732422e-01 5.290092229843139648e-01 5.367034673690795898e-01 5.655871629714965820e-01 6.013792753219604492e-01 6.379896402359008789e-01 6.754772663116455078e-01 7.242101430892944336e-01 8.071632385253906250e-01 0.000000000000000000e+00 0.000000000000000000e+00 0.000000000000000000e+00 0.000000000000000000e+00 0.000000000000000000e+00 nan
