nan 1.055364608764648438e+00 1.003956556320190430e+00 9.538866281509399414e-01 9.080116748809814453e-01 8.882589340209960938e-01 8.687107563018798828e-01 8.391844034194946289e-01 8.083510398864746094e-01 7.797222137451171875e-01 7.787672281265258789e-01 7.950493097305297852e-01 7.584450244903564453e-01 6.982221603393554688e-01 6.380281448364257812e-01 5.799677371978759766e-01
1.014024496078491211e+00 nan 1.108605384826660156e+00 1.048894166946411133e+00 9.762244224548339844e-01 9.126110076904296875e-01 8.907995223999023438e-01 8.591010570526123047e-01 8.279337882995605469e-01 7.594110965728759766e-01 7.570210695266723633e-01 7.736662626266479492e-01 7.536872625350952148e-01 6.915272474288940430e-01 6.315704584121704102e-01 5.737390518188476562e-01
9.285814762115478516e-01 1.072441339492797852e+00 nan 1.147977590560913086e+00 1.071177721023559570e+00 9.971235990524291992e-01 9.197449684143066406e-01 8.792332410812377930e-01 8.477284908294677734e-01 7.761753797531127930e-01 7.355407476425170898e-01 7.475438117980957031e-01 7.387813329696655273e-01 6.829658746719360352e-01 6.251384019851684570e-01 5.675349235534667969e-01
8.556743860244750977e-01 9.939069747924804688e-01 1.139693498611450195e+00 nan 1.176830530166625977e+00 1.094490289688110352e+00 1.007360458374023438e+00 9.231283664703369141e-01 8.638052940368652344e-01 8.130890130996704102e-01 7.611457109451293945e-01 7.179627418518066406e-01 7.165030241012573242e-01 6.613922119140625000e-01 6.080609560012817383e-01 5.564415454864501953e-01
7.889726161956787109e-01 9.222364425659179688e-01 1.055732250213623047e+00 1.182638406753540039e+00 nan 1.210949182510375977e+00 1.103931665420532227e+00 1.008663892745971680e+00 9.163104295730590820e-01 8.258795738220214844e-01 7.583458423614501953e-01 7.194539308547973633e-01 6.928102970123291016e-01 6.430248022079467773e-01 5.901933908462524414e-01 5.390608310699462891e-01
7.658824920654296875e-01 8.531422615051269531e-01 9.750658273696899414e-01 1.091778516769409180e+00 1.229134082794189453e+00 nan 1.234247446060180664e+00 1.118347406387329102e+00 1.002917766571044922e+00 8.606554269790649414e-01 7.772567272186279297e-01 7.307772636413574219e-01 6.877593994140625000e-01 6.249418258666992188e-01 5.726919174194335938e-01 5.221220254898071289e-01
7.508890628814697266e-01 8.326491117477416992e-01 8.941602706909179688e-01 9.948370456695556641e-01 1.108643054962158203e+00 1.258595466613769531e+00 nan 1.250432968139648438e+00 1.091671943664550781e+00 9.543280601501464844e-01 8.435568809509277344e-01 7.704170942306518555e-01 7.241163253784179688e-01 6.484919786453247070e-01 5.698895454406738281e-01 5.131418704986572266e-01
7.286542654037475586e-01 8.055739402770996094e-01 8.538609743118286133e-01 9.008221626281738281e-01 1.001853466033935547e+00 1.135294675827026367e+00 1.298727035522460938e+00 nan 1.202380180358886719e+00 1.053389310836791992e+00 9.369547367095947266e-01 8.246399164199829102e-01 7.636036872863769531e-01 6.994785070419311523e-01 5.952073335647583008e-01 5.250146389007568359e-01
7.229207754135131836e-01 7.797971963882446289e-01 8.171033859252929688e-01 8.487676382064819336e-01 9.001045227050781250e-01 1.003880977630615234e+00 1.122321367263793945e+00 1.293783903121948242e+00 nan 1.187833547592163086e+00 1.035084486007690430e+00 9.170795679092407227e-01 8.059170246124267578e-01 7.520418167114257812e-01 6.445459127426147461e-01 5.436453819274902344e-01
7.439932823181152344e-01 7.613489627838134766e-01 7.826043367385864258e-01 8.005374670028686523e-01 8.204958438873291016e-01 8.685672283172607422e-01 9.746667146682739258e-01 1.090035676956176758e+00 1.292014360427856445e+00 nan 1.186841011047363281e+00 1.014202356338500977e+00 8.974082469940185547e-01 7.970528602600097656e-01 6.954103708267211914e-01 5.913890600204467773e-01
7.639389038085937500e-01 7.639203071594238281e-01 7.472490072250366211e-01 7.624158859252929688e-01 7.746497392654418945e-01 7.820749282836914062e-01 8.590910434722900391e-01 9.677077531814575195e-01 1.099416017532348633e+00 1.313797473907470703e+00 nan 1.159424781799316406e+00 9.935343265533447266e-01 8.779388666152954102e-01 7.478480339050292969e-01 6.406093835830688477e-01
7.592614889144897461e-01 7.596793174743652344e-01 7.494333982467651367e-01 7.265582084655761719e-01 7.211228609085083008e-01 7.331043481826782227e-01 7.748124599456787109e-01 8.525391817092895508e-01 9.607729911804199219e-01 1.117207288742065430e+00 1.325017929077148438e+00 nan 1.139948129653930664e+00 9.730787277221679688e-01 8.290005922317504883e-01 6.913521289825439453e-01
5.794658660888671875e-01 7.066119909286499023e-01 7.066437005996704102e-01 6.835933923721313477e-01 6.608543395996093750e-01 6.605427265167236328e-01 7.070293426513671875e-01 7.594556808471679688e-01 8.406637907028198242e-01 9.577497243881225586e-01 1.123831987380981445e+00 1.312470197677612305e+00 nan 1.120647430419921875e+00 9.367395639419555664e-01 7.584881782531738281e-01
5.526020526885986328e-01 5.547496080398559570e-01 5.978703498840332031e-01 6.293910741806030273e-01 6.073842048645019531e-01 5.856745243072509766e-01 6.110388040542602539e-01 6.645084619522094727e-01 7.197529077529907227e-01 7.972223758697509766e-01 9.256708621978759766e-01 1.112660646438598633e+00 1.299990415573120117e+00 nan 1.100555896759033203e+00 8.620734214782714844e-01
5.223823785781860352e-01 5.225644111633300781e-01 5.166678428649902344e-01 5.156232118606567383e-01 5.556355714797973633e-01 5.346248149871826172e-01 5.425971746444702148e-01 5.709091424942016602e-01 6.230468750000000000e-01 6.769151687622070312e-01 7.389181852340698242e-01 8.615044355392456055e-01 1.012799501419067383e+00 1.216703891754150391e+00 nan 1.018515586853027344e+00
4.754687547683715820e-01 4.848923683166503906e-01 4.821745157241821289e-01 4.797531366348266602e-01 4.798445701599121094e-01 4.819916486740112305e-01 4.930366277694702148e-01 5.041637420654296875e-01 5.165797472000122070e-01 5.694712400436401367e-01 6.284875869750976562e-01 6.958405971527099609e-01 7.895163297653198242e-01 9.226361513137817383e-01 1.103848218917846680e+00 nan
