nan 1.149909496307373047e+00 1.059836387634277344e+00 1.024447679519653320e+00 9.941760301589965820e-01 9.551573991775512695e-01 9.338897466659545898e-01 9.200069904327392578e-01 9.062242507934570312e-01 8.923224210739135742e-01 8.703024387359619141e-01 8.606590032577514648e-01 8.535060882568359375e-01 8.643298149108886719e-01 8.485037088394165039e-01 8.321435451507568359e-01 0.000000000000000000e+00 0.000000000000000000e+00 0.000000000000000000e+00 0.000000000000000000e+00 0.000000000000000000e+00 0.000000000000000000e+00
1.095455408096313477e+00 nan 1.179075241088867188e+00 1.097062349319458008e+00 1.065705060958862305e+00 1.020492076873779297e+00 9.703238010406494141e-01 9.371157884597778320e-01 9.232099056243896484e-01 9.064857959747314453e-01 8.967307806015014648e-01 8.892880678176879883e-01 8.818745613098144531e-01 8.602908849716186523e-01 8.444989919662475586e-01 8.225582838058471680e-01 0.000000000000000000e+00 0.000000000000000000e+00 0.000000000000000000e+00 0.000000000000000000e+00 0.000000000000000000e+00 0.000000000000000000e+00
9.898638725280761719e-01 1.131675243377685547e+00 nan 1.208636283874511719e+00 1.138175010681152344e+00 1.087346792221069336e+00 1.035389661788940430e+00 9.847259521484375000e-01 9.403471946716308594e-01 9.335019588470458984e-01 9.259150028228759766e-01 9.183577299118041992e-01 9.108300209045410156e-01 8.818006515502929688e-01 8.384072780609130859e-01 7.997266054153442383e-01 0.000000000000000000e+00 0.000000000000000000e+00 0.000000000000000000e+00 0.000000000000000000e+00 0.000000000000000000e+00 0.000000000000000000e+00
9.359408617019653320e-01 1.034804821014404297e+00 1.168520689010620117e+00 nan 1.232289075851440430e+00 1.156277418136596680e+00 1.102604389190673828e+00 1.050267696380615234e+00 1.012581110000610352e+00 9.691972732543945312e-01 9.555482864379882812e-01 9.478747844696044922e-01 9.402312040328979492e-01 9.094569683074951172e-01 8.266309499740600586e-01 7.791301012039184570e-01 0.000000000000000000e+00 0.000000000000000000e+00 0.000000000000000000e+00 0.000000000000000000e+00 0.000000000000000000e+00 0.000000000000000000e+00
8.847038745880126953e-01 9.808211326599121094e-01 1.081840276718139648e+00 1.206232309341430664e+00 nan 1.255286931991577148e+00 1.172596454620361328e+00 1.131412029266357422e+00 1.091795206069946289e+00 1.046866178512573242e+00 1.002866983413696289e+00 9.778455495834350586e-01 9.663443565368652344e-01 9.116556644439697266e-01 8.272677659988403320e-01 7.727395296096801758e-01 0.000000000000000000e+00 0.000000000000000000e+00 0.000000000000000000e+00 0.000000000000000000e+00 0.000000000000000000e+00 0.000000000000000000e+00
8.375399112701416016e-01 9.312518835067749023e-01 1.029743194580078125e+00 1.133257150650024414e+00 1.232471704483032227e+00 nan 1.296415328979492188e+00 1.212555885314941406e+00 1.159177303314208984e+00 1.112800836563110352e+00 1.067420482635498047e+00 1.023015260696411133e+00 9.600453376770019531e-01 9.042969942092895508e-01 8.207495212554931641e-01 7.691286802291870117e-01 0.000000000000000000e+00 0.000000000000000000e+00 0.000000000000000000e+00 0.000000000000000000e+00 0.000000000000000000e+00 0.000000000000000000e+00
7.915561199188232422e-01 8.829230070114135742e-01 9.789496660232543945e-01 1.076619863510131836e+00 1.162858247756958008e+00 1.282874584197998047e+00 nan 1.345917940139770508e+00 1.247436285018920898e+00 1.188916683197021484e+00 1.134017229080200195e+00 1.062222719192504883e+00 9.687429666519165039e-01 8.961318731307983398e-01 8.146456480026245117e-01 7.631834745407104492e-01 0.000000000000000000e+00 0.000000000000000000e+00 0.000000000000000000e+00 0.000000000000000000e+00 0.000000000000000000e+00 0.000000000000000000e+00
7.743890285491943359e-01 8.364219665527343750e-01 9.294269084930419922e-01 1.019859790802001953e+00 1.102939605712890625e+00 1.187363147735595703e+00 1.326186895370483398e+00 nan 1.390238523483276367e+00 1.284937381744384766e+00 1.205308675765991211e+00 1.109305143356323242e+00 1.011749744415283203e+00 9.187060594558715820e-01 8.291602134704589844e-01 7.727365493774414062e-01 0.000000000000000000e+00 0.000000000000000000e+00 0.000000000000000000e+00 0.000000000000000000e+00 0.000000000000000000e+00 0.000000000000000000e+00
7.536690235137939453e-01 8.221153020858764648e-01 8.817778825759887695e-01 9.619131088256835938e-01 1.035818815231323242e+00 1.110132217407226562e+00 1.217129945755004883e+00 1.380119085311889648e+00 nan 1.418920516967773438e+00 1.267613410949707031e+00 1.164967536926269531e+00 1.064837217330932617e+00 9.693378210067749023e-01 8.630276918411254883e-01 7.900273799896240234e-01 0.000000000000000000e+00 0.000000000000000000e+00 0.000000000000000000e+00 0.000000000000000000e+00 0.000000000000000000e+00 0.000000000000000000e+00
7.331908941268920898e-01 8.045870065689086914e-01 8.658984899520874023e-01 9.082276821136474609e-01 9.689027070999145508e-01 1.040773391723632812e+00 1.137434244155883789e+00 1.258170843124389648e+00 1.424531221389770508e+00 nan 1.375759124755859375e+00 1.223007440567016602e+00 1.119325876235961914e+00 1.021306514739990234e+00 9.165943861007690430e-01 8.164577484130859375e-01 0.000000000000000000e+00 0.000000000000000000e+00 0.000000000000000000e+00 0.000000000000000000e+00 0.000000000000000000e+00 0.000000000000000000e+00
7.060447931289672852e-01 7.835142612457275391e-01 8.454179763793945312e-01 8.819532394409179688e-01 9.045966863632202148e-01 9.752041101455688477e-01 1.063301324844360352e+00 1.172960996627807617e+00 1.255928039550781250e+00 1.391300439834594727e+00 nan 1.327610492706298828e+00 1.175252676010131836e+00 1.074646711349487305e+00 9.717015027999877930e-01 8.796814680099487305e-01 0.000000000000000000e+00 0.000000000000000000e+00 0.000000000000000000e+00 0.000000000000000000e+00 0.000000000000000000e+00 0.000000000000000000e+00
7.009028196334838867e-01 7.626875638961791992e-01 8.240693807601928711e-01 8.560404777526855469e-01 8.783721923828125000e-01 9.138424396514892578e-01 9.966626167297363281e-01 1.059559106826782227e+00 1.137526035308837891e+00 1.218444347381591797e+00 1.355937719345092773e+00 nan 1.276724100112915039e+00 1.129393577575683594e+00 1.028392314910888672e+00 9.451057910919189453e-01 0.000000000000000000e+00 0.000000000000000000e+00 0.000000000000000000e+00 0.000000000000000000e+00 0.000000000000000000e+00 0.000000000000000000e+00
7.149138450622558594e-01 7.445983886718750000e-01 7.972466945648193359e-01 8.304846286773681641e-01 8.493257761001586914e-01 8.747217655181884766e-01 8.920910358428955078e-01 9.476805925369262695e-01 1.021412134170532227e+00 1.097934961318969727e+00 1.177354574203491211e+00 1.334871530532836914e+00 nan 1.240866661071777344e+00 1.097779750823974609e+00 1.012807130813598633e+00 0.000000000000000000e+00 0.000000000000000000e+00 0.000000000000000000e+00 0.000000000000000000e+00 0.000000000000000000e+00 0.000000000000000000e+00
7.285331487655639648e-01 7.510770559310913086e-01 7.652891874313354492e-01 7.899755239486694336e-01 8.128216266632080078e-01 8.195081949234008789e-01 8.227956295013427734e-01 8.462501764297485352e-01 9.181891679763793945e-01 9.929310083389282227e-01 1.070585250854492188e+00 1.151265382766723633e+00 1.328541278839111328e+00 nan 1.238639354705810547e+00 1.082865238189697266e+00 0.000000000000000000e+00 0.000000000000000000e+00 0.000000000000000000e+00 0.000000000000000000e+00 0.000000000000000000e+00 0.000000000000000000e+00
7.422606945037841797e-01 7.591780424118041992e-01 7.577384710311889648e-01 7.503997087478637695e-01 7.605464458465576172e-01 7.671030759811401367e-01 7.736841440200805664e-01 7.842913866043090820e-01 8.247611522674560547e-01 8.958624601364135742e-01 9.704200029373168945e-01 1.049420356750488281e+00 1.143723726272583008e+00 1.330613374710083008e+00 nan 1.218490362167358398e+00 0.000000000000000000e+00 0.000000000000000000e+00 0.000000000000000000e+00 0.000000000000000000e+00 0.000000000000000000e+00 0.000000000000000000e+00
7.560971975326538086e-01 7.611091136932373047e-01 7.530213594436645508e-01 7.358182668685913086e-01 7.132149934768676758e-01 7.149370908737182617e-01 7.231930494308471680e-01 7.339999675750732422e-01 7.687143087387084961e-01 8.136295080184936523e-01 8.898401260375976562e-01 9.656099081039428711e-01 1.044417381286621094e+00 1.156284570693969727e+00 1.347242593765258789e+00 nan 0.000000000000000000e+00 0.000000000000000000e+00 0.000000000000000000e+00 0.000000000000000000e+00 0.000000000000000000e+00 0.000000000000000000e+00
7.411698102951049805e-01 7.449147701263427734e-01 7.384614944458007812e-01 7.222812175750732422e-01 7.048747539520263672e-01 6.826745271682739258e-01 6.808389425277709961e-01 6.889311075210571289e-01 7.221559286117553711e-01 7.566331624984741211e-01 8.006148338317871094e-01 8.763915300369262695e-01 9.553574323654174805e-01 1.040918827056884766e+00 1.168151855468750000e+00 1.338465690612792969e+00 nan 0.000000000000000000e+00 0.000000000000000000e+00 0.000000000000000000e+00 0.000000000000000000e+00 0.000000000000000000e+00
6.048101186752319336e-01 7.124540805816650391e-01 6.988509893417358398e-01 6.837012767791748047e-01 6.679250001907348633e-01 6.522966623306274414e-01 6.368145942687988281e-01 6.385005712509155273e-01 6.739714145660400391e-01 7.103927135467529297e-01 7.446345090866088867e-01 7.876931428909301758e-01 8.629262447357177734e-01 9.413254261016845703e-01 1.041957855224609375e+00 1.162640333175659180e+00 0.000000000000000000e+00 nan 0.000000000000000000e+00 0.000000000000000000e+00 0.000000000000000000e+00 0.000000000000000000e+00
5.529741048812866211e-01 5.526263713836669922e-01 6.454739570617675781e-01 6.459858417510986328e-01 6.305629014968872070e-01 6.152845621109008789e-01 6.001492738723754883e-01 5.851559638977050781e-01 6.082252264022827148e-01 6.449921131134033203e-01 6.825994253158569336e-01 7.210667133331298828e-01 7.642438411712646484e-01 8.462500572204589844e-01 9.271501302719116211e-01 1.032808780670166016e+00 0.000000000000000000e+00 0.000000000000000000e+00 nan 0.000000000000000000e+00 0.000000000000000000e+00 0.000000000000000000e+00
5.308291912078857422e-01 5.298638343811035156e-01 5.269048213958740234e-01 5.648140907287597656e-01 5.940376520156860352e-01 5.791015625000000000e-01 5.643054246902465820e-01 5.509970188140869141e-01 5.588018894195556641e-01 5.803841352462768555e-01 6.165145635604858398e-01 6.534708738327026367e-01 6.912721395492553711e-01 7.299375534057617188e-01 8.035274744033813477e-01 8.883190155029296875e-01 0.000000000000000000e+00 0.000000000000000000e+00 0.000000000000000000e+00 nan 0.000000000000000000e+00 0.000000000000000000e+00
5.081775188446044922e-01 5.074350833892822266e-01 5.049813985824584961e-01 5.009140968322753906e-01 4.998967647552490234e-01 5.437290668487548828e-01 5.292643308639526367e-01 5.178146362304687500e-01 5.254524946212768555e-01 5.331288576126098633e-01 5.530250072479248047e-01 5.885299444198608398e-01 6.248465776443481445e-01 6.619932651519775391e-01 7.001899480819702148e-01 7.621577978134155273e-01 0.000000000000000000e+00 0.000000000000000000e+00 0.000000000000000000e+00 0.000000000000000000e+00 nan 0.000000000000000000e+00
4.776294231414794922e-01 4.841564893722534180e-01 4.827519655227661133e-01 4.789234399795532227e-01 4.769535064697265625e-01 4.770166873931884766e-01 4.950082302093505859e-01 4.853420257568359375e-01 4.928165674209594727e-01 5.003286600112915039e-01 5.078785419464111328e-01 5.261396169662475586e-01 5.610297918319702148e-01 5.967177152633666992e-01 6.334390640258789062e-01 6.757910251617431641e-01 0.000000000000000000e+00 0.000000000000000000e+00 0.000000000000000000e+00 0.000000000000000000e+00 0.000000000000000000e+00 nan
