nan 1.061281204223632812e+00 1.011185646057128906e+00 9.655096530914306641e-01 9.276251792907714844e-01 9.076695442199707031e-01 8.874783515930175781e-01 8.558354377746582031e-01 8.286479711532592773e-01 8.417382240295410156e-01 8.187600374221801758e-01 7.995893955230712891e-01 7.631781101226806641e-01 7.065795660018920898e-01 6.486504077911376953e-01 5.902134180068969727e-01
1.039812803268432617e+00 nan 1.116211891174316406e+00 1.061081886291503906e+00 9.883238077163696289e-01 9.322718381881713867e-01 9.079179763793945312e-01 8.800750970840454102e-01 8.694282770156860352e-01 8.369891643524169922e-01 7.921497821807861328e-01 7.692406177520751953e-01 7.405761480331420898e-01 6.847031116485595703e-01 6.306235790252685547e-01 5.782799720764160156e-01
9.499760866165161133e-01 1.095431566238403320e+00 nan 1.161128282546997070e+00 1.083858251571655273e+00 1.009351015090942383e+00 9.335260391235351562e-01 9.220025539398193359e-01 9.111179113388061523e-01 8.563185930252075195e-01 7.625998258590698242e-01 7.394039630889892578e-01 7.182638645172119141e-01 6.631070375442504883e-01 6.097208261489868164e-01 5.580482482910156250e-01
8.771594762802124023e-01 1.016992568969726562e+00 1.167242050170898438e+00 nan 1.186707973480224609e+00 1.105103015899658203e+00 1.037958860397338867e+00 9.750344753265380859e-01 9.320640563964843750e-01 8.541218042373657227e-01 7.642956972122192383e-01 7.094613313674926758e-01 6.967333555221557617e-01 6.421750783920288086e-01 5.893708467483520508e-01 5.382647514343261719e-01
8.096853494644165039e-01 9.444921016693115234e-01 1.084384679794311523e+00 1.213439226150512695e+00 nan 1.217041492462158203e+00 1.134141445159912109e+00 1.054200410842895508e+00 9.284301996231079102e-01 8.426492214202880859e-01 7.557381391525268555e-01 7.047686576843261719e-01 6.780593395233154297e-01 6.241014003753662109e-01 5.718784332275390625e-01 5.213347673416137695e-01
7.785491943359375000e-01 8.730620145797729492e-01 1.002593994140625000e+00 1.112441062927246094e+00 1.249297380447387695e+00 nan 1.262462377548217773e+00 1.123567819595336914e+00 9.890263080596923828e-01 8.575252294540405273e-01 7.708411216735839844e-01 7.245292663574218750e-01 6.794285774230957031e-01 6.062266826629638672e-01 5.545785427093505859e-01 5.045911073684692383e-01
7.486280202865600586e-01 8.437631130218505859e-01 9.112956523895263672e-01 1.012883663177490234e+00 1.127716302871704102e+00 1.294257879257202148e+00 nan 1.206921815872192383e+00 1.065284967422485352e+00 9.287420511245727539e-01 8.138496875762939453e-01 7.640261650085449219e-01 7.178925275802612305e-01 6.316977739334106445e-01 5.595258474349975586e-01 5.031528472900390625e-01
7.165758609771728516e-01 8.211079835891723633e-01 8.722110986709594727e-01 9.180181026458740234e-01 1.019963264465332031e+00 1.131894111633300781e+00 1.258009195327758789e+00 nan 1.158774614334106445e+00 1.019755601882934570e+00 9.057425260543823242e-01 8.044276237487792969e-01 7.572371959686279297e-01 6.821649074554443359e-01 5.789562463760375977e-01 5.149472951889038086e-01
7.180681228637695312e-01 7.835869789123535156e-01 8.350896835327148438e-01 8.641502857208251953e-01 8.942258358001708984e-01 9.878211021423339844e-01 1.100662469863891602e+00 1.226193666458129883e+00 nan 1.121978759765625000e+00 1.002291202545166016e+00 8.861876726150512695e-01 7.974833250045776367e-01 7.341928482055664062e-01 6.277921199798583984e-01 5.279194116592407227e-01
7.386662960052490234e-01 7.578868865966796875e-01 7.818076610565185547e-01 7.995671033859252930e-01 8.042653799057006836e-01 8.494980335235595703e-01 9.544873237609863281e-01 1.066399097442626953e+00 1.220708131790161133e+00 nan 1.103730916976928711e+00 9.817453622817993164e-01 8.668333292007446289e-01 7.878299951553344727e-01 6.781384944915771484e-01 5.751767158508300781e-01
7.586463689804077148e-01 7.587848901748657227e-01 7.341477870941162109e-01 7.280373573303222656e-01 7.400670051574707031e-01 7.689738273620605469e-01 8.377789258956909180e-01 9.454543590545654297e-01 1.059116601943969727e+00 1.241813898086547852e+00 nan 1.082144498825073242e+00 9.614105224609375000e-01 8.476775884628295898e-01 7.300417423248291016e-01 6.238957643508911133e-01
7.426233291625976562e-01 7.376716136932373047e-01 7.150382995605468750e-01 6.896722316741943359e-01 6.786285638809204102e-01 7.021083831787109375e-01 7.515473365783691406e-01 8.187597990036010742e-01 9.303442239761352539e-01 1.060089111328125000e+00 1.242411613464355469e+00 nan 1.060779094696044922e+00 9.412845373153686523e-01 7.876485586166381836e-01 6.741214990615844727e-01
5.626916885375976562e-01 6.807732582092285156e-01 6.598237752914428711e-01 6.374057531356811523e-01 6.152907609939575195e-01 6.209484338760375977e-01 6.747469902038574219e-01 7.303311824798583984e-01 7.999376058578491211e-01 9.103672504425048828e-01 1.048798561096191406e+00 1.230309963226318359e+00 nan 1.039633512496948242e+00 8.929517269134521484e-01 7.226145267486572266e-01
5.306067466735839844e-01 5.279153585433959961e-01 5.800548791885375977e-01 5.846905708312988281e-01 5.632873773574829102e-01 5.546016693115234375e-01 5.805717706680297852e-01 6.330302953720092773e-01 6.872299909591674805e-01 7.450301647186279297e-01 8.611016273498535156e-01 1.003642320632934570e+00 1.206619501113891602e+00 nan 9.911974668502807617e-01 8.022565841674804688e-01
4.961471557617187500e-01 4.960532188415527344e-01 4.904907941818237305e-01 4.895368814468383789e-01 5.129584074020385742e-01 5.067894458770751953e-01 5.177539587020874023e-01 5.412009954452514648e-01 5.923528671264648438e-01 6.452023983001708984e-01 7.019904851913452148e-01 8.029247522354125977e-01 9.300233125686645508e-01 1.088905572891235352e+00 nan 9.033036231994628906e-01
4.494625329971313477e-01 4.587200880050659180e-01 4.560108184814453125e-01 4.537030458450317383e-01 4.537929296493530273e-01 4.575419425964355469e-01 4.684046506881713867e-01 4.793481826782226562e-01 4.903733730316162109e-01 5.340552330017089844e-01 5.896319150924682617e-01 6.546447277069091797e-01 7.229883670806884766e-01 8.464285135269165039e-01 9.714599847793579102e-01 nan
