nan 1.281021833419799805e+00 1.184715986251831055e+00 1.104045391082763672e+00 1.072583675384521484e+00 1.044760942459106445e+00 1.013214111328125000e+00 1.014315843582153320e+00 1.006411790847778320e+00 9.985386133193969727e-01 9.906961917877197266e-01 9.828848838806152344e-01 9.751040935516357422e-01 9.653842449188232422e-01 9.483392238616943359e-01 9.310053586959838867e-01 0.000000000000000000e+00 0.000000000000000000e+00 0.000000000000000000e+00 0.000000000000000000e+00 0.000000000000000000e+00 0.000000000000000000e+00
1.210193634033203125e+00 nan 1.315563201904296875e+00 1.214353084564208984e+00 1.164960861206054688e+00 1.129310846328735352e+00 1.092560529708862305e+00 1.053445100784301758e+00 1.037283182144165039e+00 1.029288768768310547e+00 1.021326303482055664e+00 1.013394594192504883e+00 1.005268096923828125e+00 9.614241123199462891e-01 9.441109895706176758e-01 9.268145561218261719e-01 0.000000000000000000e+00 0.000000000000000000e+00 0.000000000000000000e+00 0.000000000000000000e+00 0.000000000000000000e+00 0.000000000000000000e+00
1.088259935379028320e+00 1.248396635055541992e+00 nan 1.366380453109741211e+00 1.275757789611816406e+00 1.216931343078613281e+00 1.178617477416992188e+00 1.134871482849121094e+00 1.088555812835693359e+00 1.060512542724609375e+00 1.052427053451538086e+00 1.044373512268066406e+00 1.030745983123779297e+00 9.902501106262207031e-01 9.398913383483886719e-01 8.981987237930297852e-01 0.000000000000000000e+00 0.000000000000000000e+00 0.000000000000000000e+00 0.000000000000000000e+00 0.000000000000000000e+00 0.000000000000000000e+00
1.003957748413085938e+00 1.124355316162109375e+00 1.296942472457885742e+00 nan 1.437391996383666992e+00 1.327810049057006836e+00 1.268213987350463867e+00 1.219527006149291992e+00 1.171374559402465820e+00 1.124266862869262695e+00 1.084007024765014648e+00 1.075829505920410156e+00 1.056548118591308594e+00 1.019500255584716797e+00 9.421434402465820312e-01 8.675622940063476562e-01 0.000000000000000000e+00 0.000000000000000000e+00 0.000000000000000000e+00 0.000000000000000000e+00 0.000000000000000000e+00 0.000000000000000000e+00
9.509245157241821289e-01 1.052037954330444336e+00 1.185252904891967773e+00 1.383885622024536133e+00 nan 1.525562524795532227e+00 1.405272722244262695e+00 1.307397842407226562e+00 1.256503343582153320e+00 1.208036422729492188e+00 1.160588264465332031e+00 1.109389305114746094e+00 1.082678079605102539e+00 1.030794620513916016e+00 9.428535699844360352e-01 8.604393005371093750e-01 0.000000000000000000e+00 0.000000000000000000e+00 0.000000000000000000e+00 0.000000000000000000e+00 0.000000000000000000e+00 0.000000000000000000e+00
9.019114971160888672e-01 1.005767822265625000e+00 1.129709005355834961e+00 1.258764982223510742e+00 1.455543756484985352e+00 nan 1.593556642532348633e+00 1.462994337081909180e+00 1.346830368041992188e+00 1.282744884490966797e+00 1.230208635330200195e+00 1.171751976013183594e+00 1.095275163650512695e+00 1.022967100143432617e+00 9.356739521026611328e-01 8.538296222686767578e-01 0.000000000000000000e+00 0.000000000000000000e+00 0.000000000000000000e+00 0.000000000000000000e+00 0.000000000000000000e+00 0.000000000000000000e+00
8.464107513427734375e-01 9.557335376739501953e-01 1.079841375350952148e+00 1.200759887695312500e+00 1.312944889068603516e+00 1.537699222564697266e+00 nan 1.655797243118286133e+00 1.522102117538452148e+00 1.395771980285644531e+00 1.314878940582275391e+00 1.230575561523437500e+00 1.127410888671875000e+00 1.025701999664306641e+00 9.323384761810302734e-01 8.459111452102661133e-01 0.000000000000000000e+00 0.000000000000000000e+00 0.000000000000000000e+00 0.000000000000000000e+00 0.000000000000000000e+00 0.000000000000000000e+00
8.040087223052978516e-01 9.041520357131958008e-01 1.024986505508422852e+00 1.134926080703735352e+00 1.234758615493774414e+00 1.364721059799194336e+00 1.611536026000976562e+00 nan 1.719532012939453125e+00 1.582628011703491211e+00 1.429101467132568359e+00 1.289438247680664062e+00 1.183551073074340820e+00 1.081990480422973633e+00 9.510933160781860352e-01 8.622257709503173828e-01 0.000000000000000000e+00 0.000000000000000000e+00 0.000000000000000000e+00 0.000000000000000000e+00 0.000000000000000000e+00 0.000000000000000000e+00
7.842236757278442383e-01 8.744522333145141602e-01 9.715781211853027344e-01 1.070976972579956055e+00 1.165333509445190430e+00 1.271081447601318359e+00 1.427026987075805664e+00 1.687520980834960938e+00 nan 1.775761842727661133e+00 1.551691770553588867e+00 1.353644132614135742e+00 1.241172313690185547e+00 1.137517213821411133e+00 1.005150556564331055e+00 8.803896903991699219e-01 0.000000000000000000e+00 0.000000000000000000e+00 0.000000000000000000e+00 0.000000000000000000e+00 0.000000000000000000e+00 0.000000000000000000e+00
7.678751945495605469e-01 8.595964908599853516e-01 9.395698308944702148e-01 1.008483886718750000e+00 1.098065853118896484e+00 1.191642761230468750e+00 1.316492319107055664e+00 1.497642278671264648e+00 1.765715599060058594e+00 nan 1.680468320846557617e+00 1.464393377304077148e+00 1.302188396453857422e+00 1.193923473358154297e+00 1.060705423355102539e+00 9.272960424423217773e-01 0.000000000000000000e+00 0.000000000000000000e+00 0.000000000000000000e+00 0.000000000000000000e+00 0.000000000000000000e+00 0.000000000000000000e+00
7.526515722274780273e-01 8.425495624542236328e-01 9.215403795242309570e-01 9.737117290496826172e-01 1.032887697219848633e+00 1.123557806015014648e+00 1.229881525039672852e+00 1.366241216659545898e+00 1.499943494796752930e+00 1.688229084014892578e+00 nan 1.588447809219360352e+00 1.410517454147338867e+00 1.251858949661254883e+00 1.117799758911132812e+00 9.825059175491333008e-01 0.000000000000000000e+00 0.000000000000000000e+00 0.000000000000000000e+00 0.000000000000000000e+00 0.000000000000000000e+00 0.000000000000000000e+00
7.498579025268554688e-01 8.256591558456420898e-01 9.003040790557861328e-01 9.501657485961914062e-01 9.880765676498413086e-01 1.050805330276489258e+00 1.136714220046997070e+00 1.227178573608398438e+00 1.311491012573242188e+00 1.425924062728881836e+00 1.614794015884399414e+00 nan 1.526486396789550781e+00 1.357819080352783203e+00 1.176476001739501953e+00 1.039297103881835938e+00 0.000000000000000000e+00 0.000000000000000000e+00 0.000000000000000000e+00 0.000000000000000000e+00 0.000000000000000000e+00 0.000000000000000000e+00
7.673481702804565430e-01 8.087055683135986328e-01 8.752174377441406250e-01 9.186340570449829102e-01 9.524675607681274414e-01 9.858067035675048828e-01 1.034740686416625977e+00 1.106194019317626953e+00 1.185926437377929688e+00 1.268677711486816406e+00 1.380028963088989258e+00 1.575377702713012695e+00 nan 1.488281965255737305e+00 1.277584314346313477e+00 1.097715139389038086e+00 0.000000000000000000e+00 0.000000000000000000e+00 0.000000000000000000e+00 0.000000000000000000e+00 0.000000000000000000e+00 0.000000000000000000e+00
7.843768596649169922e-01 8.178937435150146484e-01 8.361769914627075195e-01 8.764022588729858398e-01 9.174966812133789062e-01 9.354161024093627930e-01 9.368437528610229492e-01 9.917824268341064453e-01 1.067183732986450195e+00 1.145438671112060547e+00 1.226656913757324219e+00 1.337596416473388672e+00 1.550509214401245117e+00 nan 1.412726163864135742e+00 1.191096544265747070e+00 0.000000000000000000e+00 0.000000000000000000e+00 0.000000000000000000e+00 0.000000000000000000e+00 0.000000000000000000e+00 0.000000000000000000e+00
8.073852062225341797e-01 8.210114240646362305e-01 8.271747827529907227e-01 8.350999355316162109e-01 8.628398180007934570e-01 8.677819967269897461e-01 8.727374076843261719e-01 8.932206630706787109e-01 9.548907279968261719e-01 1.028895378112792969e+00 1.105701446533203125e+00 1.185415029525756836e+00 1.311060190200805664e+00 1.525882244110107422e+00 nan 1.325248718261718750e+00 0.000000000000000000e+00 0.000000000000000000e+00 0.000000000000000000e+00 0.000000000000000000e+00 0.000000000000000000e+00 0.000000000000000000e+00
8.321343660354614258e-01 8.232882022857666016e-01 8.228069543838500977e-01 8.214639425277709961e-01 7.938787937164306641e-01 7.963688373565673828e-01 8.011349439620971680e-01 8.186109066009521484e-01 8.510295152664184570e-01 9.143170118331909180e-01 9.905883073806762695e-01 1.066699743270874023e+00 1.144937038421630859e+00 1.288744688034057617e+00 1.463866233825683594e+00 nan 0.000000000000000000e+00 0.000000000000000000e+00 0.000000000000000000e+00 0.000000000000000000e+00 0.000000000000000000e+00 0.000000000000000000e+00
7.931566238403320312e-01 7.905368804931640625e-01 7.795646190643310547e-01 7.684646844863891602e-01 7.583568096160888672e-01 7.334980964660644531e-01 7.322695255279541016e-01 7.459496259689331055e-01 7.770726680755615234e-01 8.087506294250488281e-01 8.719373941421508789e-01 9.486339092254638672e-01 1.028472900390625000e+00 1.116868495941162109e+00 1.243537664413452148e+00 1.402014493942260742e+00 nan 0.000000000000000000e+00 0.000000000000000000e+00 0.000000000000000000e+00 0.000000000000000000e+00 0.000000000000000000e+00
6.502904891967773438e-01 7.421814203262329102e-01 7.047927379608154297e-01 6.835591793060302734e-01 6.717989444732666016e-01 6.601208448410034180e-01 6.485244035720825195e-01 6.661269664764404297e-01 7.083200216293334961e-01 7.507101297378540039e-01 7.838531732559204102e-01 8.455621004104614258e-01 9.211784601211547852e-01 9.998925924301147461e-01 1.075640916824340820e+00 1.198900699615478516e+00 0.000000000000000000e+00 nan 0.000000000000000000e+00 0.000000000000000000e+00 0.000000000000000000e+00 0.000000000000000000e+00
6.053355932235717773e-01 5.750705003738403320e-01 6.374056339263916016e-01 6.343026161193847656e-01 6.189892292022705078e-01 6.038192510604858398e-01 5.887914896011352539e-01 5.827113389968872070e-01 6.102384328842163086e-01 6.470512151718139648e-01 6.867917776107788086e-01 7.295080423355102539e-01 7.954810857772827148e-01 8.834624290466308594e-01 9.574800729751586914e-01 1.046925067901611328e+00 0.000000000000000000e+00 0.000000000000000000e+00 nan 0.000000000000000000e+00 0.000000000000000000e+00 0.000000000000000000e+00
5.731766223907470703e-01 5.407702922821044922e-01 5.246446132659912109e-01 5.571848154067993164e-01 5.827231407165527344e-01 5.678931474685668945e-01 5.532019138336181641e-01 5.488502979278564453e-01 5.566444396972656250e-01 5.823624134063720703e-01 6.185380220413208008e-01 6.555405855178833008e-01 6.933891773223876953e-01 7.436203956604003906e-01 8.219091892242431641e-01 9.081664085388183594e-01 0.000000000000000000e+00 0.000000000000000000e+00 0.000000000000000000e+00 nan 0.000000000000000000e+00 0.000000000000000000e+00
5.391426086425781250e-01 5.072170495986938477e-01 5.027536153793334961e-01 4.986922740936279297e-01 4.975937604904174805e-01 5.327717065811157227e-01 5.184096097946166992e-01 5.157138109207153320e-01 5.233411788940429688e-01 5.310068130493164062e-01 5.549691915512084961e-01 5.905183553695678711e-01 6.268804073333740234e-01 6.640738248825073242e-01 7.039173841476440430e-01 7.806791067123413086e-01 0.000000000000000000e+00 0.000000000000000000e+00 0.000000000000000000e+00 0.000000000000000000e+00 nan 0.000000000000000000e+00
5.088948011398315430e-01 4.812344312667846680e-01 4.802432060241699219e-01 4.764212369918823242e-01 4.743731021881103516e-01 4.744361639022827148e-01 4.826309680938720703e-01 4.832473993301391602e-01 4.907503128051757812e-01 4.982520341873168945e-01 5.057915449142456055e-01 5.280499458312988281e-01 5.629838705062866211e-01 5.987164974212646484e-01 6.370202302932739258e-01 6.798046827316284180e-01 0.000000000000000000e+00 0.000000000000000000e+00 0.000000000000000000e+00 0.000000000000000000e+00 0.000000000000000000e+00 nan
