nan 1.237288475036621094e+00 1.113957166671752930e+00 1.057354688644409180e+00 9.852577447891235352e-01 9.588055610656738281e-01 9.477126598358154297e-01 9.366825819015502930e-01 9.257152080535888672e-01 8.822728395462036133e-01 8.583500385284423828e-01 8.459731340408325195e-01 7.906286716461181641e-01 6.937395334243774414e-01 6.249539852142333984e-01 5.673570632934570312e-01
1.117413759231567383e+00 nan 1.284109592437744141e+00 1.157392978668212891e+00 1.091892004013061523e+00 1.032576799392700195e+00 9.911485910415649414e-01 9.798721075057983398e-01 9.660444259643554688e-01 8.938283920288085938e-01 8.525270223617553711e-01 8.396303653717041016e-01 7.774595022201538086e-01 6.871130466461181641e-01 6.185479164123535156e-01 5.611779689788818359e-01
9.951374530792236328e-01 1.170481681823730469e+00 nan 1.330181121826171875e+00 1.217283964157104492e+00 1.150015830993652344e+00 1.082967042922973633e+00 1.024025201797485352e+00 1.002228021621704102e+00 9.341623783111572266e-01 8.575228452682495117e-01 8.092976808547973633e-01 7.553451061248779297e-01 6.661227941513061523e-01 6.027767658233642578e-01 5.513271093368530273e-01
9.211846590042114258e-01 1.064297199249267578e+00 1.219505548477172852e+00 nan 1.424133300781250000e+00 1.277311325073242188e+00 1.193351030349731445e+00 1.124775171279907227e+00 1.041429519653320312e+00 9.707919359207153320e-01 8.561908006668090820e-01 7.805057764053344727e-01 7.303709983825683594e-01 6.427807807922363281e-01 5.827851295471191406e-01 5.318907499313354492e-01
8.504619598388671875e-01 9.900964498519897461e-01 1.128414630889892578e+00 1.303135395050048828e+00 nan 1.491612672805786133e+00 1.333643436431884766e+00 1.232287168502807617e+00 1.130303382873535156e+00 9.784080982208251953e-01 8.471875190734863281e-01 7.718696594238281250e-01 6.966315507888793945e-01 6.173716783523559570e-01 5.653651952743530273e-01 5.150308609008789062e-01
8.047780990600585938e-01 9.103293418884277344e-01 1.041677713394165039e+00 1.176486015319824219e+00 1.380661249160766602e+00 nan 1.578440904617309570e+00 1.377288579940795898e+00 1.222018957138061523e+00 1.058302640914916992e+00 8.728809356689453125e-01 7.876958847045898438e-01 7.077295780181884766e-01 6.083719730377197266e-01 5.502333641052246094e-01 4.983566999435424805e-01
7.744157314300537109e-01 8.686661720275878906e-01 9.512956142425537109e-01 1.078243017196655273e+00 1.234919548034667969e+00 1.466494083404541016e+00 nan 1.580101490020751953e+00 1.321358442306518555e+00 1.141423940658569336e+00 9.508674144744873047e-01 8.129371404647827148e-01 7.354632616043090820e-01 6.514221429824829102e-01 5.623972415924072266e-01 5.059204101562500000e-01
7.405029535293579102e-01 8.390877246856689453e-01 9.050964117050170898e-01 9.856337308883666992e-01 1.114948272705078125e+00 1.280374526977539062e+00 1.502703905105590820e+00 nan 1.488204240798950195e+00 1.241327524185180664e+00 1.032101154327392578e+00 8.777490854263305664e-01 7.752106189727783203e-01 7.024990320205688477e-01 5.980428457260131836e-01 5.177365541458129883e-01
7.270526885986328125e-01 8.026300668716430664e-01 8.668497800827026367e-01 9.130684137344360352e-01 9.983354806900024414e-01 1.129785537719726562e+00 1.247217416763305664e+00 1.441496372222900391e+00 nan 1.432260036468505859e+00 1.122956991195678711e+00 9.560844898223876953e-01 8.426603078842163086e-01 7.551560401916503906e-01 6.474690437316894531e-01 5.463891029357910156e-01
7.583879232406616211e-01 7.727842330932617188e-01 8.113733530044555664e-01 8.637722730636596680e-01 9.015486240386962891e-01 9.647105932235717773e-01 1.073040723800659180e+00 1.187344074249267578e+00 1.407516956329345703e+00 nan 1.313839197158813477e+00 1.055183410644531250e+00 9.360129833221435547e-01 8.237526416778564453e-01 6.984239816665649414e-01 5.942175388336181641e-01
7.885645627975463867e-01 7.667741775512695312e-01 7.759833335876464844e-01 8.065063953399658203e-01 8.134332895278930664e-01 8.311538696289062500e-01 9.123641252517700195e-01 1.017807960510253906e+00 1.129274368286132812e+00 1.374010562896728516e+00 nan 1.259819507598876953e+00 1.034094810485839844e+00 9.161473512649536133e-01 7.539870738983154297e-01 6.435254812240600586e-01
7.569586038589477539e-01 7.458606958389282227e-01 7.558573484420776367e-01 7.344342470169067383e-01 7.174621820449829102e-01 7.359347343444824219e-01 7.836030721664428711e-01 8.698465824127197266e-01 9.802335500717163086e-01 1.118103981018066406e+00 1.316021442413330078e+00 nan 1.230498075485229492e+00 1.013223171234130859e+00 8.573071956634521484e-01 6.943584680557250977e-01
5.847634077072143555e-01 6.825395822525024414e-01 6.714475154876708984e-01 6.488726139068603516e-01 6.266026496887207031e-01 6.266176700592041016e-01 6.806043386459350586e-01 7.405673265457153320e-01 8.319114446640014648e-01 9.413065910339355469e-01 1.089570522308349609e+00 1.303522348403930664e+00 nan 1.201557636260986328e+00 9.667136669158935547e-01 7.857034206390380859e-01
5.585745573043823242e-01 5.377795696258544922e-01 5.671336650848388672e-01 5.957881212234497070e-01 5.742352008819580078e-01 5.628038644790649414e-01 5.860997438430786133e-01 6.387417316436767578e-01 6.931309700012207031e-01 7.709803581237792969e-01 8.918176889419555664e-01 1.046562910079956055e+00 1.280721902847290039e+00 nan 1.159196376800537109e+00 8.828325271606445312e-01
5.169655084609985352e-01 5.059889554977416992e-01 5.001134872436523438e-01 4.989385604858398438e-01 5.235536098480224609e-01 5.147392749786376953e-01 5.257618427276611328e-01 5.465912818908691406e-01 5.979220867156982422e-01 6.509563922882080078e-01 7.128499746322631836e-01 8.326805830001831055e-01 9.618767499923706055e-01 1.139161348342895508e+00 nan 1.022572278976440430e+00
4.819887876510620117e-01 4.676187038421630859e-01 4.651592969894409180e-01 4.626274108886718750e-01 4.627177715301513672e-01 4.649806022644042969e-01 4.758987426757812500e-01 4.868981838226318359e-01 4.979796409606933594e-01 5.369552373886108398e-01 5.965794324874877930e-01 6.626127958297729492e-01 7.410073280334472656e-01 8.705186843872070312e-01 1.025591611862182617e+00 nan
