nan 1.272610425949096680e+00 1.177321910858154297e+00 1.088765382766723633e+00 1.018502712249755859e+00 9.832943677902221680e-01 9.344880580902099609e-01 9.182870388031005859e-01 9.160070419311523438e-01 9.170966148376464844e-01 9.181866645812988281e-01 9.192776679992675781e-01 8.971363306045532227e-01 8.895276784896850586e-01 8.734875917434692383e-01 8.573068380355834961e-01 0.000000000000000000e+00 0.000000000000000000e+00 0.000000000000000000e+00 0.000000000000000000e+00 0.000000000000000000e+00 0.000000000000000000e+00
1.194946765899658203e+00 nan 1.313621997833251953e+00 1.209679126739501953e+00 1.117101669311523438e+00 1.049382448196411133e+00 9.983704090118408203e-01 9.604626893997192383e-01 9.482418298721313477e-01 9.493497610092163086e-01 9.504582881927490234e-01 9.515674114227294922e-01 9.292783737182617188e-01 8.854341506958007812e-01 8.694288730621337891e-01 8.532761335372924805e-01 0.000000000000000000e+00 0.000000000000000000e+00 0.000000000000000000e+00 0.000000000000000000e+00 0.000000000000000000e+00 0.000000000000000000e+00
1.078037738800048828e+00 1.254714488983154297e+00 nan 1.348657369613647461e+00 1.239655494689941406e+00 1.136400461196899414e+00 1.076982259750366211e+00 1.041087150573730469e+00 1.005812168121337891e+00 9.821454286575317383e-01 9.832725524902343750e-01 9.830447435379028320e-01 9.613784551620483398e-01 9.093601703643798828e-01 8.653788566589355469e-01 8.492541313171386719e-01 0.000000000000000000e+00 0.000000000000000000e+00 0.000000000000000000e+00 0.000000000000000000e+00 0.000000000000000000e+00 0.000000000000000000e+00
9.649931192398071289e-01 1.130324125289916992e+00 1.293686389923095703e+00 nan 1.396261930465698242e+00 1.278220415115356445e+00 1.192360401153564453e+00 1.125027179718017578e+00 1.088301658630371094e+00 1.052211523056030273e+00 1.016744136810302734e+00 1.013557195663452148e+00 9.940128326416015625e-01 9.374215602874755859e-01 8.821299076080322266e-01 8.336431980133056641e-01 0.000000000000000000e+00 0.000000000000000000e+00 0.000000000000000000e+00 0.000000000000000000e+00 0.000000000000000000e+00 0.000000000000000000e+00
8.893228769302368164e-01 1.012996912002563477e+00 1.167329549789428711e+00 1.338731050491333008e+00 nan 1.481543779373168945e+00 1.367025613784790039e+00 1.257792234420776367e+00 1.174183368682861328e+00 1.136608600616455078e+00 1.099682807922363281e+00 1.056160449981689453e+00 1.023647308349609375e+00 9.658948183059692383e-01 9.015152454376220703e-01 8.243086338043212891e-01 0.000000000000000000e+00 0.000000000000000000e+00 0.000000000000000000e+00 0.000000000000000000e+00 0.000000000000000000e+00 0.000000000000000000e+00
8.482837677001953125e-01 9.466295242309570312e-01 1.048759698867797852e+00 1.205834150314331055e+00 1.409819602966308594e+00 nan 1.563807964324951172e+00 1.445493459701538086e+00 1.332638740539550781e+00 1.226890802383422852e+00 1.170600891113281250e+00 1.123979330062866211e+00 1.064398050308227539e+00 9.821807146072387695e-01 8.979068994522094727e-01 8.243891000747680664e-01 0.000000000000000000e+00 0.000000000000000000e+00 0.000000000000000000e+00 0.000000000000000000e+00 0.000000000000000000e+00 0.000000000000000000e+00
8.058212995529174805e-01 8.979158401489257812e-01 9.947069883346557617e-01 1.096434354782104492e+00 1.251525163650512695e+00 1.502543687820434570e+00 nan 1.648798704147338867e+00 1.526561737060546875e+00 1.401868104934692383e+00 1.280955553054809570e+00 1.199415683746337891e+00 1.127527952194213867e+00 1.001378297805786133e+00 9.037103652954101562e-01 8.329979181289672852e-01 0.000000000000000000e+00 0.000000000000000000e+00 0.000000000000000000e+00 0.000000000000000000e+00 0.000000000000000000e+00 0.000000000000000000e+00
7.696394920349121094e-01 8.504210710525512695e-01 9.447900056838989258e-01 1.040352344512939453e+00 1.139587879180908203e+00 1.338157415390014648e+00 1.598834991455078125e+00 nan 1.727173566818237305e+00 1.589884996414184570e+00 1.459507703781127930e+00 1.332366943359375000e+00 1.185371398925781250e+00 1.056990623474121094e+00 9.436686038970947266e-01 8.529200553894042969e-01 0.000000000000000000e+00 0.000000000000000000e+00 0.000000000000000000e+00 0.000000000000000000e+00 0.000000000000000000e+00 0.000000000000000000e+00
7.558484077453613281e-01 8.180222511291503906e-01 8.961223363876342773e-01 9.875468015670776367e-01 1.084193944931030273e+00 1.191544294357299805e+00 1.428124666213989258e+00 1.698832035064697266e+00 nan 1.792621374130249023e+00 1.652037858963012695e+00 1.455876827239990234e+00 1.264050006866455078e+00 1.115857362747192383e+00 9.999916553497314453e-01 8.893316984176635742e-01 0.000000000000000000e+00 0.000000000000000000e+00 0.000000000000000000e+00 0.000000000000000000e+00 0.000000000000000000e+00 0.000000000000000000e+00
7.421647310256958008e-01 8.097676038742065430e-01 8.660978078842163086e-01 9.362779855728149414e-01 1.030233860015869141e+00 1.128748655319213867e+00 1.268627643585205078e+00 1.512796163558959961e+00 1.782495975494384766e+00 nan 1.813677549362182617e+00 1.579818964004516602e+00 1.371566057205200195e+00 1.199908256530761719e+00 1.057947158813476562e+00 9.455994367599487305e-01 0.000000000000000000e+00 0.000000000000000000e+00 0.000000000000000000e+00 0.000000000000000000e+00 0.000000000000000000e+00 0.000000000000000000e+00
7.245204448699951172e-01 7.969745397567749023e-01 8.572844266891479492e-01 9.047005176544189453e-01 9.776709079742431641e-01 1.070919275283813477e+00 1.172079563140869141e+00 1.335263490676879883e+00 1.585908651351928711e+00 1.833946704864501953e+00 nan 1.737525939941406250e+00 1.491253137588500977e+00 1.308452844619750977e+00 1.144296646118164062e+00 1.003542900085449219e+00 0.000000000000000000e+00 0.000000000000000000e+00 0.000000000000000000e+00 0.000000000000000000e+00 0.000000000000000000e+00 0.000000000000000000e+00
7.128568887710571289e-01 7.829703092575073242e-01 8.449908494949340820e-01 8.920302391052246094e-01 9.314118623733520508e-01 1.006584167480468750e+00 1.096081018447875977e+00 1.216121196746826172e+00 1.373509407043457031e+00 1.553072690963745117e+00 1.784557104110717773e+00 nan 1.661761283874511719e+00 1.433651208877563477e+00 1.250095605850219727e+00 1.089006423950195312e+00 0.000000000000000000e+00 0.000000000000000000e+00 0.000000000000000000e+00 0.000000000000000000e+00 0.000000000000000000e+00 0.000000000000000000e+00
7.177162170410156250e-01 7.662848234176635742e-01 8.293797969818115234e-01 8.710628747940063477e-01 9.083706140518188477e-01 9.464221000671386719e-01 1.030964612960815430e+00 1.119495391845703125e+00 1.199731588363647461e+00 1.310704708099365234e+00 1.487141609191894531e+00 1.730251789093017578e+00 nan 1.611329317092895508e+00 1.400486230850219727e+00 1.195785284042358398e+00 0.000000000000000000e+00 0.000000000000000000e+00 0.000000000000000000e+00 0.000000000000000000e+00 0.000000000000000000e+00 0.000000000000000000e+00
7.251331806182861328e-01 7.689222097396850586e-01 8.016566038131713867e-01 8.463097810745239258e-01 8.856041431427001953e-01 9.192099571228027344e-01 9.514329433441162109e-01 1.004361152648925781e+00 1.080238580703735352e+00 1.158988237380981445e+00 1.269509553909301758e+00 1.453691005706787109e+00 1.681770801544189453e+00 nan 1.575742483139038086e+00 1.357594728469848633e+00 0.000000000000000000e+00 0.000000000000000000e+00 0.000000000000000000e+00 0.000000000000000000e+00 0.000000000000000000e+00 0.000000000000000000e+00
7.417546510696411133e-01 7.783895730972290039e-01 7.966034412384033203e-01 8.120836019515991211e-01 8.517810106277465820e-01 8.828016519546508789e-01 8.841904401779174805e-01 8.954812288284301758e-01 9.672367572784423828e-01 1.041708707809448242e+00 1.119000196456909180e+00 1.229048013687133789e+00 1.429998636245727539e+00 1.651845216751098633e+00 nan 1.531327962875366211e+00 0.000000000000000000e+00 0.000000000000000000e+00 0.000000000000000000e+00 0.000000000000000000e+00 0.000000000000000000e+00 0.000000000000000000e+00
7.623822689056396484e-01 7.920548915863037109e-01 7.928211688995361328e-01 7.992856502532958984e-01 8.110207319259643555e-01 8.176902532577514648e-01 8.225128650665283203e-01 8.275296688079833984e-01 8.603729009628295898e-01 9.307996034622192383e-01 1.003891944885253906e+00 1.079751491546630859e+00 1.201862573623657227e+00 1.403951168060302734e+00 1.616102695465087891e+00 nan 0.000000000000000000e+00 0.000000000000000000e+00 0.000000000000000000e+00 0.000000000000000000e+00 0.000000000000000000e+00 0.000000000000000000e+00
7.353546619415283203e-01 7.510764598846435547e-01 7.570294141769409180e-01 7.802470922470092773e-01 7.736299037933349609e-01 7.481924295425415039e-01 7.528305053710937500e-01 7.574809789657592773e-01 7.874754667282104492e-01 8.224469423294067383e-01 8.950374126434326172e-01 9.667762517929077148e-01 1.041230678558349609e+00 1.179230928421020508e+00 1.386129856109619141e+00 1.606590747833251953e+00 nan 0.000000000000000000e+00 0.000000000000000000e+00 0.000000000000000000e+00 0.000000000000000000e+00 0.000000000000000000e+00
6.139401197433471680e-01 7.096887826919555664e-01 7.073330879211425781e-01 6.951551437377929688e-01 6.792715787887573242e-01 6.635367870330810547e-01 6.479494571685791016e-01 6.643763780593872070e-01 7.060550451278686523e-01 7.466486692428588867e-01 7.802016735076904297e-01 8.512502908706665039e-01 9.270994663238525391e-01 1.009927988052368164e+00 1.185320615768432617e+00 1.391751289367675781e+00 0.000000000000000000e+00 nan 0.000000000000000000e+00 0.000000000000000000e+00 0.000000000000000000e+00 0.000000000000000000e+00
5.655293464660644531e-01 5.596904754638671875e-01 6.654771566390991211e-01 6.571829319000244141e-01 6.416552066802978516e-01 6.262729167938232422e-01 6.110348701477050781e-01 5.959395170211791992e-01 6.295028924942016602e-01 6.667560338973999023e-01 7.048610448837280273e-01 7.438371181488037109e-01 8.202445507049560547e-01 9.048539400100708008e-01 1.027449369430541992e+00 1.195717096328735352e+00 0.000000000000000000e+00 0.000000000000000000e+00 nan 0.000000000000000000e+00 0.000000000000000000e+00 0.000000000000000000e+00
5.476189851760864258e-01 5.386319160461425781e-01 5.357991456985473633e-01 5.836323499679565430e-01 6.048815250396728516e-01 5.898438692092895508e-01 5.749469995498657227e-01 5.609763860702514648e-01 5.688314437866210938e-01 6.012934446334838867e-01 6.379017829895019531e-01 6.753470897674560547e-01 7.136484384536743164e-01 7.783886194229125977e-01 8.675146102905273438e-01 9.763237237930297852e-01 0.000000000000000000e+00 0.000000000000000000e+00 0.000000000000000000e+00 nan 0.000000000000000000e+00 0.000000000000000000e+00
5.237933397293090820e-01 5.160745382308959961e-01 5.137480497360229492e-01 5.096570253372192383e-01 5.090178251266479492e-01 5.542306900024414062e-01 5.396676063537597656e-01 5.275803804397583008e-01 5.352674722671508789e-01 5.429930686950683594e-01 5.735722780227661133e-01 6.095468997955322266e-01 6.463440656661987305e-01 6.839823722839355469e-01 7.427823543548583984e-01 8.289474248886108398e-01 0.000000000000000000e+00 0.000000000000000000e+00 0.000000000000000000e+00 0.000000000000000000e+00 nan 0.000000000000000000e+00
4.926854372024536133e-01 4.930845499038696289e-01 4.914314746856689453e-01 4.875805377960205078e-01 4.859771728515625000e-01 4.860407114028930664e-01 5.051783323287963867e-01 4.948989152908325195e-01 5.024214982986450195e-01 5.099819898605346680e-01 5.175803899765014648e-01 5.463310480117797852e-01 5.816829204559326172e-01 6.178430318832397461e-01 6.576027870178222656e-01 7.067530155181884766e-01 0.000000000000000000e+00 0.000000000000000000e+00 0.000000000000000000e+00 0.000000000000000000e+00 0.000000000000000000e+00 nan
