nan 1.317477464675903320e+00 1.212320089340209961e+00 1.119632005691528320e+00 1.074158191680908203e+00 1.029151916503906250e+00 9.871603250503540039e-01 9.797238111495971680e-01 9.799609184265136719e-01 9.721914529800415039e-01 9.644526243209838867e-01 9.567440748214721680e-01 9.412170648574829102e-01 9.151927232742309570e-01 8.987066745758056641e-01 8.818142414093017578e-01 0.000000000000000000e+00 0.000000000000000000e+00 0.000000000000000000e+00 0.000000000000000000e+00 0.000000000000000000e+00 0.000000000000000000e+00
1.216980218887329102e+00 nan 1.353144884109497070e+00 1.242332220077514648e+00 1.147338867187500000e+00 1.105266332626342773e+00 1.068882226943969727e+00 1.033127069473266602e+00 1.010425329208374023e+00 1.002536296844482422e+00 9.946784973144531250e-01 9.868513345718383789e-01 9.712159633636474609e-01 9.149597883224487305e-01 8.945857286453247070e-01 8.777300119400024414e-01 0.000000000000000000e+00 0.000000000000000000e+00 0.000000000000000000e+00 0.000000000000000000e+00 0.000000000000000000e+00 0.000000000000000000e+00
1.094672441482543945e+00 1.255300760269165039e+00 nan 1.388778924942016602e+00 1.278364896774291992e+00 1.191845893859863281e+00 1.153965473175048828e+00 1.116739749908447266e+00 1.073349952697753906e+00 1.033348560333251953e+00 1.025369644165039062e+00 1.017422199249267578e+00 1.000186443328857422e+00 9.431034326553344727e-01 8.904739618301391602e-01 8.736548423767089844e-01 0.000000000000000000e+00 0.000000000000000000e+00 0.000000000000000000e+00 0.000000000000000000e+00 0.000000000000000000e+00 0.000000000000000000e+00
9.915210008621215820e-01 1.130878448486328125e+00 1.296890020370483398e+00 nan 1.450799226760864258e+00 1.339363336563110352e+00 1.246338367462158203e+00 1.203367948532104492e+00 1.155566215515136719e+00 1.108801364898681641e+00 1.063050985336303711e+00 1.048463582992553711e+00 1.029582500457763672e+00 9.716607332229614258e-01 9.164958000183105469e-01 8.681088685989379883e-01 0.000000000000000000e+00 0.000000000000000000e+00 0.000000000000000000e+00 0.000000000000000000e+00 0.000000000000000000e+00 0.000000000000000000e+00
9.385201930999755859e-01 1.037382125854492188e+00 1.167892932891845703e+00 1.363043069839477539e+00 nan 1.541551589965820312e+00 1.424264192581176758e+00 1.314676284790039062e+00 1.241041660308837891e+00 1.192422628402709961e+00 1.144858121871948242e+00 1.095314025878906250e+00 1.056480169296264648e+00 1.000637531280517578e+00 9.446942806243896484e-01 8.643507957458496094e-01 0.000000000000000000e+00 0.000000000000000000e+00 0.000000000000000000e+00 0.000000000000000000e+00 0.000000000000000000e+00 0.000000000000000000e+00
8.900095224380493164e-01 9.863975048065185547e-01 1.090109586715698242e+00 1.227796316146850586e+00 1.428926706314086914e+00 nan 1.621209144592285156e+00 1.489254951477050781e+00 1.363943338394165039e+00 1.275511264801025391e+00 1.216260433197021484e+00 1.158399820327758789e+00 1.099425792694091797e+00 1.022185802459716797e+00 9.403915405273437500e-01 8.583472967147827148e-01 0.000000000000000000e+00 0.000000000000000000e+00 0.000000000000000000e+00 0.000000000000000000e+00 0.000000000000000000e+00 0.000000000000000000e+00
8.427126407623291016e-01 9.366886615753173828e-01 1.042981386184692383e+00 1.158257722854614258e+00 1.279067516326904297e+00 1.522386074066162109e+00 nan 1.684113502502441406e+00 1.548992633819580078e+00 1.420674085617065430e+00 1.310703039169311523e+00 1.235429525375366211e+00 1.164218664169311523e+00 1.054243087768554688e+00 9.393025636672973633e-01 8.532959222793579102e-01 0.000000000000000000e+00 0.000000000000000000e+00 0.000000000000000000e+00 0.000000000000000000e+00 0.000000000000000000e+00 0.000000000000000000e+00
8.059067726135253906e-01 8.882237672805786133e-01 9.969160556793212891e-01 1.102833747863769531e+00 1.205555438995361328e+00 1.349226236343383789e+00 1.601369619369506836e+00 nan 1.748527526855468750e+00 1.610164165496826172e+00 1.469254732131958008e+00 1.338234901428222656e+00 1.231750488281250000e+00 1.111324548721313477e+00 9.812593460083007812e-01 8.713728189468383789e-01 0.000000000000000000e+00 0.000000000000000000e+00 0.000000000000000000e+00 0.000000000000000000e+00 0.000000000000000000e+00 0.000000000000000000e+00
7.848186492919921875e-01 8.524128198623657227e-01 9.493783712387084961e-01 1.045937061309814453e+00 1.138261556625366211e+00 1.244357585906982422e+00 1.417577981948852539e+00 1.677057743072509766e+00 nan 1.812632322311401367e+00 1.655088424682617188e+00 1.476868152618408203e+00 1.290643692016601562e+00 1.169992208480834961e+00 1.036152362823486328e+00 9.050714969635009766e-01 0.000000000000000000e+00 0.000000000000000000e+00 0.000000000000000000e+00 0.000000000000000000e+00 0.000000000000000000e+00 0.000000000000000000e+00
7.639766931533813477e-01 8.386300802230834961e-01 9.124929904937744141e-01 9.833730459213256836e-01 1.071834802627563477e+00 1.164242029190063477e+00 1.285902738571166992e+00 1.487919569015502930e+00 1.754949092864990234e+00 nan 1.838405609130859375e+00 1.601869583129882812e+00 1.391836881637573242e+00 1.230289220809936523e+00 1.092566013336181641e+00 9.596444368362426758e-01 0.000000000000000000e+00 0.000000000000000000e+00 0.000000000000000000e+00 0.000000000000000000e+00 0.000000000000000000e+00 0.000000000000000000e+00
7.361695766448974609e-01 8.217753171920776367e-01 8.947153091430664062e-01 9.442766904830932617e-01 1.007471799850463867e+00 1.097007989883422852e+00 1.203735113143920898e+00 1.339699983596801758e+00 1.553444147109985352e+00 1.812477350234985352e+00 nan 1.759850502014160156e+00 1.512547254562377930e+00 1.331829547882080078e+00 1.150543212890625000e+00 1.015780925750732422e+00 0.000000000000000000e+00 0.000000000000000000e+00 0.000000000000000000e+00 0.000000000000000000e+00 0.000000000000000000e+00 0.000000000000000000e+00
7.262347936630249023e-01 8.050750494003295898e-01 8.771028518676757812e-01 9.210819005966186523e-01 9.593871831893920898e-01 1.031211137771606445e+00 1.117875814437866211e+00 1.231225252151489258e+00 1.370970964431762695e+00 1.530636787414550781e+00 1.751913309097290039e+00 nan 1.683469295501708984e+00 1.448198556900024414e+00 1.248794555664062500e+00 1.073525428771972656e+00 0.000000000000000000e+00 0.000000000000000000e+00 0.000000000000000000e+00 0.000000000000000000e+00 0.000000000000000000e+00 0.000000000000000000e+00
7.436459064483642578e-01 7.867187261581420898e-01 8.527425527572631836e-01 8.967041969299316406e-01 9.290913343429565430e-01 9.620313644409179688e-01 1.037707090377807617e+00 1.138001203536987305e+00 1.220135688781738281e+00 1.304181575775146484e+00 1.455707311630249023e+00 1.692652225494384766e+00 nan 1.623898029327392578e+00 1.378472328186035156e+00 1.164239406585693359e+00 0.000000000000000000e+00 0.000000000000000000e+00 0.000000000000000000e+00 0.000000000000000000e+00 0.000000000000000000e+00 0.000000000000000000e+00
7.604460716247558594e-01 7.923504114151000977e-01 8.172440528869628906e-01 8.570544719696044922e-01 8.945391178131103516e-01 9.268893003463745117e-01 9.624520540237426758e-01 1.022953271865844727e+00 1.099534511566162109e+00 1.179014444351196289e+00 1.261503696441650391e+00 1.423898935317993164e+00 1.649209260940551758e+00 nan 1.548596620559692383e+00 1.293125629425048828e+00 0.000000000000000000e+00 0.000000000000000000e+00 0.000000000000000000e+00 0.000000000000000000e+00 0.000000000000000000e+00 0.000000000000000000e+00
7.830688953399658203e-01 7.999373674392700195e-01 8.053165674209594727e-01 8.161780834197998047e-01 8.559651374816894531e-01 8.923765420913696289e-01 9.022939205169677734e-01 9.130631685256958008e-01 9.854843616485595703e-01 1.060647249221801758e+00 1.138655185699462891e+00 1.219616413116455078e+00 1.400493860244750977e+00 1.623629093170166016e+00 nan 1.459393024444580078e+00 0.000000000000000000e+00 0.000000000000000000e+00 0.000000000000000000e+00 0.000000000000000000e+00 0.000000000000000000e+00 0.000000000000000000e+00
8.094754219055175781e-01 8.021875619888305664e-01 8.010005950927734375e-01 8.074945211410522461e-01 8.151123523712158203e-01 8.337521553039550781e-01 8.386175632476806641e-01 8.463351726531982422e-01 8.776298761367797852e-01 9.487094879150390625e-01 1.022480010986328125e+00 1.099043369293212891e+00 1.185194492340087891e+00 1.377315282821655273e+00 1.562512397766113281e+00 nan 0.000000000000000000e+00 0.000000000000000000e+00 0.000000000000000000e+00 0.000000000000000000e+00 0.000000000000000000e+00 0.000000000000000000e+00
7.808986902236938477e-01 7.780389785766601562e-01 7.725895643234252930e-01 7.952624559402465820e-01 7.933146953582763672e-01 7.661557197570800781e-01 7.683192491531372070e-01 7.730107307434082031e-01 8.044884204864501953e-01 8.379459381103515625e-01 9.111746549606323242e-01 9.850194454193115234e-01 1.060164451599121094e+00 1.162565708160400391e+00 1.335500717163085938e+00 1.500473022460937500e+00 nan 0.000000000000000000e+00 0.000000000000000000e+00 0.000000000000000000e+00 0.000000000000000000e+00 0.000000000000000000e+00
6.284093856811523438e-01 7.299828529357910156e-01 7.185519933700561523e-01 7.142775058746337891e-01 7.023026943206787109e-01 6.904116868972778320e-01 6.786034107208251953e-01 6.917361021041870117e-01 7.326457500457763672e-01 7.684824466705322266e-01 8.026010990142822266e-01 8.764568567276000977e-01 9.533388614654541016e-01 1.033370733261108398e+00 1.139344453811645508e+00 1.286597728729248047e+00 0.000000000000000000e+00 nan 0.000000000000000000e+00 0.000000000000000000e+00 0.000000000000000000e+00 0.000000000000000000e+00
5.969409942626953125e-01 5.826603174209594727e-01 6.482741832733154297e-01 6.572680473327636719e-01 6.417393684387207031e-01 6.263562440872192383e-01 6.111174821853637695e-01 5.960211753845214844e-01 6.273455619812011719e-01 6.685565710067749023e-01 7.108111381530761719e-01 7.541358470916748047e-01 8.346183300018310547e-01 9.245175123214721680e-01 1.004878997802734375e+00 1.109157323837280273e+00 0.000000000000000000e+00 0.000000000000000000e+00 nan 0.000000000000000000e+00 0.000000000000000000e+00 0.000000000000000000e+00
5.786710977554321289e-01 5.619900226593017578e-01 5.380449295043945312e-01 5.674918889999389648e-01 6.049638986587524414e-01 5.899252891540527344e-01 5.750277042388916016e-01 5.617417097091674805e-01 5.696007013320922852e-01 5.982846021652221680e-01 6.348240375518798828e-01 6.721991300582885742e-01 7.104284763336181641e-01 7.742891311645507812e-01 8.575645685195922852e-01 9.472682476043701172e-01 0.000000000000000000e+00 0.000000000000000000e+00 0.000000000000000000e+00 nan 0.000000000000000000e+00 0.000000000000000000e+00
5.604816675186157227e-01 5.279748439788818359e-01 5.159616470336914062e-01 5.118645429611206055e-01 5.108118057250976562e-01 5.543103218078613281e-01 5.397465229034423828e-01 5.283293724060058594e-01 5.360202789306640625e-01 5.437496900558471680e-01 5.706155300140380859e-01 6.065225601196289062e-01 6.432504653930664062e-01 6.808180809020996094e-01 7.334581613540649414e-01 8.171687126159667969e-01 0.000000000000000000e+00 0.000000000000000000e+00 0.000000000000000000e+00 0.000000000000000000e+00 nan 0.000000000000000000e+00
5.289345979690551758e-01 4.973171949386596680e-01 4.934993982315063477e-01 4.896432161331176758e-01 4.876313209533691406e-01 4.876950979232788086e-01 5.052555799484252930e-01 4.956319332122802734e-01 5.031582117080688477e-01 5.107222795486450195e-01 5.183244943618774414e-01 5.434255599975585938e-01 5.787109136581420898e-01 6.148030757904052734e-01 6.538050174713134766e-01 6.989439725875854492e-01 0.000000000000000000e+00 0.000000000000000000e+00 0.000000000000000000e+00 0.000000000000000000e+00 0.000000000000000000e+00 nan
