nan 1.099792480468750000e+00 1.035202026367187500e+00 9.861886501312255859e-01 9.344816207885742188e-01 9.144546985626220703e-01 8.935748338699340820e-01 8.618297576904296875e-01 8.472701311111450195e-01 8.462266921997070312e-01 8.231877088546752930e-01 7.946962118148803711e-01 7.521870136260986328e-01 6.959412097930908203e-01 6.399648189544677734e-01 5.818357467651367188e-01
1.010743141174316406e+00 nan 1.141482353210449219e+00 1.082766532897949219e+00 1.008919000625610352e+00 9.391446113586425781e-01 9.140803813934326172e-01 8.992208242416381836e-01 8.884655237197875977e-01 8.488050699234008789e-01 7.926108837127685547e-01 7.651044130325317383e-01 7.297259569168090820e-01 6.742012500762939453e-01 6.204587221145629883e-01 5.684415102005004883e-01
9.325137138366699219e-01 1.076666593551635742e+00 nan 1.183513402938842773e+00 1.105443000793457031e+00 1.030164003372192383e+00 9.664529561996459961e-01 9.415748119354248047e-01 9.305797815322875977e-01 8.610974550247192383e-01 7.634365558624267578e-01 7.360006570816040039e-01 7.075527906417846680e-01 6.527398824691772461e-01 5.996861457824707031e-01 5.483357906341552734e-01
8.616801500320434570e-01 1.000360012054443359e+00 1.148605585098266602e+00 nan 1.214978218078613281e+00 1.133545637130737305e+00 1.067670106887817383e+00 1.003828525543212891e+00 9.397895336151123047e-01 8.559967279434204102e-01 7.666923999786376953e-01 7.018831968307495117e-01 6.868759393692016602e-01 6.326345205307006836e-01 5.801372528076171875e-01 5.293279886245727539e-01
7.989814281463623047e-01 9.284576177597045898e-01 1.064294815063476562e+00 1.187711477279663086e+00 nan 1.260612010955810547e+00 1.171586751937866211e+00 1.073704004287719727e+00 9.463461637496948242e-01 8.445124626159667969e-01 7.581231594085693359e-01 7.033838033676147461e-01 6.683104038238525391e-01 6.146659851074218750e-01 5.627465248107910156e-01 5.124963521957397461e-01
7.727108001708984375e-01 8.632047176361083984e-01 9.797302484512329102e-01 1.086565732955932617e+00 1.217649698257446289e+00 nan 1.305853128433227539e+00 1.151889085769653320e+00 1.015146017074584961e+00 8.806660175323486328e-01 7.784175872802734375e-01 7.308008670806884766e-01 6.855361461639404297e-01 6.031961441040039062e-01 5.455470085144042969e-01 4.958499670028686523e-01
7.428878545761108398e-01 8.405402898788452148e-01 9.015722274780273438e-01 9.882276058197021484e-01 1.099167823791503906e+00 1.264825582504272461e+00 nan 1.246659517288208008e+00 1.092406034469604492e+00 9.540703296661376953e-01 8.304220438003540039e-01 7.704412937164306641e-01 7.241400480270385742e-01 6.353673934936523438e-01 5.573693513870239258e-01 5.010743141174316406e-01
7.100385427474975586e-01 8.128827810287475586e-01 8.638684749603271484e-01 8.963476419448852539e-01 1.001025676727294922e+00 1.101010799407958984e+00 1.216957569122314453e+00 nan 1.188725233078002930e+00 1.039597988128662109e+00 9.231544733047485352e-01 8.116400241851806641e-01 7.636278867721557617e-01 6.859477758407592773e-01 5.825071334838867188e-01 5.128524303436279297e-01
7.244204282760620117e-01 7.745028734207153320e-01 8.265442848205566406e-01 8.508405685424804688e-01 8.616317510604858398e-01 9.517298936843872070e-01 1.062522649765014648e+00 1.179604530334472656e+00 nan 1.146474599838256836e+00 1.020585060119628906e+00 9.034210443496704102e-01 8.040201663970947266e-01 7.380928993225097656e-01 6.314527988433837891e-01 5.313556194305419922e-01
7.453445196151733398e-01 7.579915523529052734e-01 7.655344009399414062e-01 7.809579372406005859e-01 7.882660627365112305e-01 8.159183263778686523e-01 9.192956686019897461e-01 1.031429767608642578e+00 1.162419557571411133e+00 nan 1.124362707138061523e+00 9.998518228530883789e-01 8.838897943496704102e-01 7.918505668640136719e-01 6.819123029708862305e-01 5.787190198898315430e-01
7.654012441635131836e-01 7.584958076477050781e-01 7.311785221099853516e-01 7.102757692337036133e-01 7.221816778182983398e-01 7.491006851196289062e-01 8.018430471420288086e-01 9.123897552490234375e-01 1.024270534515380859e+00 1.180744647979736328e+00 nan 1.103875398635864258e+00 9.793310165405273438e-01 8.645590543746948242e-01 7.339323759078979492e-01 6.275475025177001953e-01
7.381132841110229492e-01 7.299305200576782227e-01 7.074801921844482422e-01 6.844186782836914062e-01 6.613748073577880859e-01 6.829864978790283203e-01 7.318698167800903320e-01 7.831958532333374023e-01 8.925983905792236328e-01 1.008713006973266602e+00 1.185274839401245117e+00 nan 1.084899663925170898e+00 9.590212106704711914e-01 8.014869689941406250e-01 6.778863668441772461e-01
5.564724206924438477e-01 6.732857227325439453e-01 6.525089740753173828e-01 6.301898956298828125e-01 6.081721782684326172e-01 5.994777679443359375e-01 6.525636911392211914e-01 7.074116468429565430e-01 7.640798091888427734e-01 8.730120658874511719e-01 1.000240087509155273e+00 1.175894260406494141e+00 nan 1.066095352172851562e+00 9.061853885650634766e-01 7.253111600875854492e-01
5.245150327682495117e-01 5.214401483535766602e-01 5.589412450790405273e-01 5.777068138122558594e-01 5.563980340957641602e-01 5.469187498092651367e-01 5.596358776092529297e-01 6.113995313644409180e-01 6.648812294006347656e-01 7.201379537582397461e-01 8.202481269836425781e-01 9.485677480697631836e-01 1.140911102294921875e+00 nan 1.012771844863891602e+00 8.126083612442016602e-01
4.898924827575683594e-01 4.898424148559570312e-01 4.841743707656860352e-01 4.830837249755859375e-01 5.062907934188842773e-01 4.993427991867065430e-01 5.102531909942626953e-01 5.212430953979492188e-01 5.712609291076660156e-01 6.234103441238403320e-01 6.801463365554809570e-01 7.633482217788696289e-01 8.876566886901855469e-01 1.027205705642700195e+00 nan 9.161082506179809570e-01
4.430568218231201172e-01 4.522733688354492188e-01 4.494924545288085938e-01 4.470578432083129883e-01 4.471473693847656250e-01 4.499907493591308594e-01 4.607970714569091797e-01 4.716839790344238281e-01 4.826520681381225586e-01 5.103473663330078125e-01 5.650889873504638672e-01 6.297336816787719727e-01 6.970484256744384766e-01 7.968671321868896484e-01 9.156415462493896484e-01 nan
