nan 1.487400293350219727e+00 1.380522727966308594e+00 1.293689966201782227e+00 1.232003688812255859e+00 1.190762996673583984e+00 1.140754699707031250e+00 1.102727651596069336e+00 1.094476699829101562e+00 1.086257934570312500e+00 1.078071355819702148e+00 1.069916963577270508e+00 1.047582626342773438e+00 1.013386487960815430e+00 9.956445693969726562e-01 9.778896570205688477e-01 0.000000000000000000e+00 0.000000000000000000e+00 0.000000000000000000e+00 0.000000000000000000e+00 0.000000000000000000e+00 0.000000000000000000e+00
1.337440013885498047e+00 nan 1.597135782241821289e+00 1.484353780746459961e+00 1.376786947250366211e+00 1.291664838790893555e+00 1.224194049835205078e+00 1.175940275192260742e+00 1.128733634948730469e+00 1.118358373641967773e+00 1.110045671463012695e+00 1.101766109466552734e+00 1.077675342559814453e+00 1.018380880355834961e+00 9.913132190704345703e-01 9.735968112945556641e-01 0.000000000000000000e+00 0.000000000000000000e+00 0.000000000000000000e+00 0.000000000000000000e+00 0.000000000000000000e+00 0.000000000000000000e+00
1.200530052185058594e+00 1.420917987823486328e+00 nan 1.710927248001098633e+00 1.580637931823730469e+00 1.444609165191650391e+00 1.339750289916992188e+00 1.273820400238037109e+00 1.213145494461059570e+00 1.165131568908691406e+00 1.142512083053588867e+00 1.131179332733154297e+00 1.108210325241088867e+00 1.048044443130493164e+00 9.925048351287841797e-01 9.753751754760742188e-01 0.000000000000000000e+00 0.000000000000000000e+00 0.000000000000000000e+00 0.000000000000000000e+00 0.000000000000000000e+00 0.000000000000000000e+00
1.087453603744506836e+00 1.276754617691040039e+00 1.540229797363281250e+00 nan 1.808444261550903320e+00 1.660557270050048828e+00 1.518402338027954102e+00 1.398102283477783203e+00 1.328055381774902344e+00 1.262455224990844727e+00 1.202151775360107422e+00 1.158257484436035156e+00 1.136938095092773438e+00 1.078144073486328125e+00 1.034930467605590820e+00 9.800317287445068359e-01 0.000000000000000000e+00 0.000000000000000000e+00 0.000000000000000000e+00 0.000000000000000000e+00 0.000000000000000000e+00 0.000000000000000000e+00
1.036297798156738281e+00 1.162125825881958008e+00 1.373113870620727539e+00 1.661211967468261719e+00 nan 1.889106273651123047e+00 1.737790346145629883e+00 1.599967241287231445e+00 1.469082117080688477e+00 1.385173559188842773e+00 1.314880132675170898e+00 1.236203908920288086e+00 1.164088964462280273e+00 1.127403259277343750e+00 1.077897310256958008e+00 9.862581491470336914e-01 0.000000000000000000e+00 0.000000000000000000e+00 0.000000000000000000e+00 0.000000000000000000e+00 0.000000000000000000e+00 0.000000000000000000e+00
9.891371726989746094e-01 1.113373756408691406e+00 1.247314214706420898e+00 1.467953681945800781e+00 1.742384910583496094e+00 nan 1.952104568481445312e+00 1.803493022918701172e+00 1.662362337112426758e+00 1.528336524963378906e+00 1.426486492156982422e+00 1.333741903305053711e+00 1.250928878784179688e+00 1.175343275070190430e+00 1.073050022125244141e+00 9.820094108581542969e-01 0.000000000000000000e+00 0.000000000000000000e+00 0.000000000000000000e+00 0.000000000000000000e+00 0.000000000000000000e+00 0.000000000000000000e+00
9.366748332977294922e-01 1.059573411941528320e+00 1.190270900726318359e+00 1.338919878005981445e+00 1.547601938247680664e+00 1.821037054061889648e+00 nan 2.022950172424316406e+00 1.870771884918212891e+00 1.725485801696777344e+00 1.572822809219360352e+00 1.455397844314575195e+00 1.361547470092773438e+00 1.229333162307739258e+00 1.081584453582763672e+00 9.842562675476074219e-01 0.000000000000000000e+00 0.000000000000000000e+00 0.000000000000000000e+00 0.000000000000000000e+00 0.000000000000000000e+00 0.000000000000000000e+00
8.812860250473022461e-01 1.005252599716186523e+00 1.132503032684326172e+00 1.252947092056274414e+00 1.401985406875610352e+00 1.621725559234619141e+00 1.903116941452026367e+00 nan 2.095495700836181641e+00 1.930604457855224609e+00 1.766452550888061523e+00 1.611495733261108398e+00 1.434935808181762695e+00 1.293934345245361328e+00 1.141618967056274414e+00 1.003989219665527344e+00 0.000000000000000000e+00 0.000000000000000000e+00 0.000000000000000000e+00 0.000000000000000000e+00 0.000000000000000000e+00 0.000000000000000000e+00
8.640403747558593750e-01 9.572405815124511719e-01 1.072520494461059570e+00 1.174530506134033203e+00 1.300793647766113281e+00 1.460582017898559570e+00 1.698007106781005859e+00 1.987585783004760742e+00 nan 2.151158809661865234e+00 1.974652767181396484e+00 1.755969047546386719e+00 1.533496379852294922e+00 1.360406637191772461e+00 1.203383922576904297e+00 1.052820444107055664e+00 0.000000000000000000e+00 0.000000000000000000e+00 0.000000000000000000e+00 0.000000000000000000e+00 0.000000000000000000e+00 0.000000000000000000e+00
8.470010757446289062e-01 9.427850246429443359e-01 1.019737958908081055e+00 1.108036279678344727e+00 1.211332082748413086e+00 1.352997303009033203e+00 1.520607948303222656e+00 1.776507854461669922e+00 2.069313764572143555e+00 nan 2.158727169036865234e+00 1.895056009292602539e+00 1.661356210708618164e+00 1.454811573028564453e+00 1.266931056976318359e+00 1.112025260925292969e+00 0.000000000000000000e+00 0.000000000000000000e+00 0.000000000000000000e+00 0.000000000000000000e+00 0.000000000000000000e+00 0.000000000000000000e+00
8.310960531234741211e-01 9.249756336212158203e-01 1.000963211059570312e+00 1.053308725357055664e+00 1.133649587631225586e+00 1.251130580902099609e+00 1.405245304107666016e+00 1.569343090057373047e+00 1.835194826126098633e+00 2.093831539154052734e+00 nan 2.071307420730590820e+00 1.795668363571166992e+00 1.575932741165161133e+00 1.352195739746093750e+00 1.172937393188476562e+00 0.000000000000000000e+00 0.000000000000000000e+00 0.000000000000000000e+00 0.000000000000000000e+00 0.000000000000000000e+00 0.000000000000000000e+00
8.218958377838134766e-01 9.073292016983032227e-01 9.791283607482910156e-01 1.028812885284423828e+00 1.063916444778442383e+00 1.151946306228637695e+00 1.286155939102172852e+00 1.442128658294677734e+00 1.595160007476806641e+00 1.790617227554321289e+00 2.027207612991333008e+00 nan 1.986305713653564453e+00 1.706759929656982422e+00 1.467813014984130859e+00 1.248432159423828125e+00 0.000000000000000000e+00 0.000000000000000000e+00 0.000000000000000000e+00 0.000000000000000000e+00 0.000000000000000000e+00 0.000000000000000000e+00
8.403474092483520508e-01 8.837307691574096680e-01 9.480711221694946289e-01 9.918133020401000977e-01 1.026949405670166016e+00 1.068615913391113281e+00 1.172963380813598633e+00 1.308574914932250977e+00 1.406475543975830078e+00 1.518321514129638672e+00 1.707991123199462891e+00 1.962018966674804688e+00 nan 1.904376506805419922e+00 1.597955703735351562e+00 1.358948230743408203e+00 0.000000000000000000e+00 0.000000000000000000e+00 0.000000000000000000e+00 0.000000000000000000e+00 0.000000000000000000e+00 0.000000000000000000e+00
8.580794334411621094e-01 8.852031230926513672e-01 9.062111377716064453e-01 9.479706287384033203e-01 9.906445741653442383e-01 1.024635553359985352e+00 1.071258783340454102e+00 1.147566795349121094e+00 1.238639593124389648e+00 1.333574056625366211e+00 1.443758010864257812e+00 1.640166997909545898e+00 1.898234367370605469e+00 nan 1.786851882934570312e+00 1.485507011413574219e+00 0.000000000000000000e+00 0.000000000000000000e+00 0.000000000000000000e+00 0.000000000000000000e+00 0.000000000000000000e+00 0.000000000000000000e+00
8.759818077087402344e-01 8.875598907470703125e-01 8.928337097167968750e-01 9.050929546356201172e-01 9.468278884887695312e-01 9.883723258972167969e-01 9.904204607009887695e-01 1.024976015090942383e+00 1.101633787155151367e+00 1.181193113327026367e+00 1.263764619827270508e+00 1.371402263641357422e+00 1.583312988281250000e+00 1.835824012756347656e+00 nan 1.666228055953979492e+00 0.000000000000000000e+00 0.000000000000000000e+00 0.000000000000000000e+00 0.000000000000000000e+00 0.000000000000000000e+00 0.000000000000000000e+00
8.863012790679931641e-01 8.899198770523071289e-01 8.883087635040283203e-01 8.951174020767211914e-01 9.039750099182128906e-01 9.140676259994506836e-01 9.191458225250244141e-01 9.387935400009155273e-01 9.868190288543701172e-01 1.062706708908081055e+00 1.140792846679687500e+00 1.221834897994995117e+00 1.321294546127319336e+00 1.537067890167236328e+00 1.728386878967285156e+00 nan 0.000000000000000000e+00 0.000000000000000000e+00 0.000000000000000000e+00 0.000000000000000000e+00 0.000000000000000000e+00 0.000000000000000000e+00
8.391366004943847656e-01 8.392963409423828125e-01 8.497102260589599609e-01 8.730036020278930664e-01 8.710812330245971680e-01 8.427448272705078125e-01 8.457688093185424805e-01 8.613306283950805664e-01 8.945106267929077148e-01 9.407634735107421875e-01 1.018088579177856445e+00 1.098494291305541992e+00 1.180682420730590820e+00 1.298880577087402344e+00 1.449442386627197266e+00 1.628006696701049805e+00 nan 0.000000000000000000e+00 0.000000000000000000e+00 0.000000000000000000e+00 0.000000000000000000e+00 0.000000000000000000e+00
6.856369972229003906e-01 7.865562438964843750e-01 7.746336460113525391e-01 7.640148401260375977e-01 7.539327144622802734e-01 7.439079284667968750e-01 7.339406013488769531e-01 7.595509290695190430e-01 8.064167499542236328e-01 8.512389659881591797e-01 8.957756757736206055e-01 9.713081121444702148e-01 1.049849987030029297e+00 1.131521224975585938e+00 1.219079971313476562e+00 1.375911474227905273e+00 0.000000000000000000e+00 nan 0.000000000000000000e+00 0.000000000000000000e+00 0.000000000000000000e+00 0.000000000000000000e+00
6.570509672164916992e-01 6.422331333160400391e-01 6.966429948806762695e-01 6.844549179077148438e-01 6.726886034011840820e-01 6.610043048858642578e-01 6.494017839431762695e-01 6.477954387664794922e-01 6.843723058700561523e-01 7.270274162292480469e-01 7.707626819610595703e-01 8.192921876907348633e-01 9.084405899047851562e-01 1.001957178115844727e+00 1.071123600006103516e+00 1.165432453155517578e+00 0.000000000000000000e+00 0.000000000000000000e+00 nan 0.000000000000000000e+00 0.000000000000000000e+00 0.000000000000000000e+00
6.380935907363891602e-01 6.158866882324218750e-01 5.780203342437744141e-01 5.673404932022094727e-01 5.986273288726806641e-01 5.874605178833007812e-01 5.763715505599975586e-01 5.764569044113159180e-01 5.882040262222290039e-01 6.220684051513671875e-01 6.631456613540649414e-01 7.052632570266723633e-01 7.484472990036010742e-01 8.272198438644409180e-01 8.956587314605712891e-01 9.673404693603515625e-01 0.000000000000000000e+00 0.000000000000000000e+00 0.000000000000000000e+00 nan 0.000000000000000000e+00 0.000000000000000000e+00
6.142876148223876953e-01 5.806976556777954102e-01 5.450911521911621094e-01 5.058861970901489258e-01 5.044586658477783203e-01 5.386084318161010742e-01 5.241917371749877930e-01 5.221788883209228516e-01 5.298386812210083008e-01 5.375370979309082031e-01 5.652091503143310547e-01 6.016271114349365234e-01 6.421866416931152344e-01 6.837733983993530273e-01 7.334612607955932617e-01 8.171718120574951172e-01 0.000000000000000000e+00 0.000000000000000000e+00 0.000000000000000000e+00 0.000000000000000000e+00 nan 0.000000000000000000e+00
5.828306674957275391e-01 5.500986576080322266e-01 5.161474943161010742e-01 4.831123352050781250e-01 4.810100793838500977e-01 4.810733795166015625e-01 4.872894287109375000e-01 4.894517660140991211e-01 4.971089363098144531e-01 5.046426057815551758e-01 5.122143030166625977e-01 5.381127595901489258e-01 5.732766389846801758e-01 6.092444658279418945e-01 6.491173505783081055e-01 6.957641839981079102e-01 0.000000000000000000e+00 0.000000000000000000e+00 0.000000000000000000e+00 0.000000000000000000e+00 0.000000000000000000e+00 nan
