nan 1.032137155532836914e+00 1.000861644744873047e+00 9.709423780441284180e-01 9.414708614349365234e-01 9.166522026062011719e-01 9.078570604324340820e-01 8.941612243652343750e-01 8.805638551712036133e-01 8.670641183853149414e-01 8.459366559982299805e-01 8.244564533233642578e-01 8.094621896743774414e-01 8.196792602539062500e-01 8.027069568634033203e-01 8.048039674758911133e-01 0.000000000000000000e+00 0.000000000000000000e+00 0.000000000000000000e+00 0.000000000000000000e+00 0.000000000000000000e+00 0.000000000000000000e+00
1.000165700912475586e+00 nan 1.072630167007446289e+00 1.041637897491455078e+00 1.011109352111816406e+00 9.672529697418212891e-01 9.248574972152709961e-01 9.110397100448608398e-01 8.973211050033569336e-01 8.816485404968261719e-01 8.597526550292968750e-01 8.381117582321166992e-01 8.167226314544677734e-01 8.044741153717041016e-01 7.842292785644531250e-01 7.836773395538330078e-01 0.000000000000000000e+00 0.000000000000000000e+00 0.000000000000000000e+00 0.000000000000000000e+00 0.000000000000000000e+00 0.000000000000000000e+00
9.459639787673950195e-01 1.045339584350585938e+00 nan 1.114869356155395508e+00 1.081834793090820312e+00 1.032506704330444336e+00 9.819148778915405273e-01 9.325822591781616211e-01 9.142274856567382812e-01 8.957318067550659180e-01 8.736721277236938477e-01 8.518692255020141602e-01 8.303200006484985352e-01 8.113715648651123047e-01 7.600181102752685547e-01 7.627981901168823242e-01 0.000000000000000000e+00 0.000000000000000000e+00 0.000000000000000000e+00 0.000000000000000000e+00 0.000000000000000000e+00 0.000000000000000000e+00
8.932307958602905273e-01 9.899134635925292969e-01 1.091533184051513672e+00 nan 1.151402950286865234e+00 1.099626302719116211e+00 1.047363758087158203e+00 9.964020252227783203e-01 9.467087984085083008e-01 9.099206924438476562e-01 8.876959085464477539e-01 8.657298088073730469e-01 8.470684289932250977e-01 8.128852844238281250e-01 7.521259784698486328e-01 7.421633005142211914e-01 0.000000000000000000e+00 0.000000000000000000e+00 0.000000000000000000e+00 0.000000000000000000e+00 0.000000000000000000e+00 0.000000000000000000e+00
8.431979417800903320e-01 9.371987581253051758e-01 1.035993099212646484e+00 1.139825820922851562e+00 nan 1.169748544692993164e+00 1.115601778030395508e+00 1.062806367874145508e+00 1.009170532226562500e+00 9.504194259643554688e-01 9.018790721893310547e-01 8.828769922256469727e-01 8.543126583099365234e-01 8.099595308303833008e-01 7.605284452438354492e-01 7.307101488113403320e-01 0.000000000000000000e+00 0.000000000000000000e+00 0.000000000000000000e+00 0.000000000000000000e+00 0.000000000000000000e+00 0.000000000000000000e+00
7.970724105834960938e-01 8.887208700180053711e-01 9.850430488586425781e-01 1.086277484893798828e+00 1.175663948059082031e+00 nan 1.190124273300170898e+00 1.132993221282958984e+00 1.070621490478515625e+00 1.010073423385620117e+00 9.512959718704223633e-01 8.879649639129638672e-01 8.476220369338989258e-01 8.042014837265014648e-01 7.654068470001220703e-01 7.357618808746337891e-01 0.000000000000000000e+00 0.000000000000000000e+00 0.000000000000000000e+00 0.000000000000000000e+00 0.000000000000000000e+00 0.000000000000000000e+00
7.687455415725708008e-01 8.414562940597534180e-01 9.353680610656738281e-01 1.031054258346557617e+00 1.115567922592163086e+00 1.204358100891113281e+00 nan 1.208774089813232422e+00 1.134195089340209961e+00 1.071552038192749023e+00 1.001912832260131836e+00 9.195526838302612305e-01 8.486433029174804688e-01 8.075486421585083008e-01 7.698725461959838867e-01 7.402883768081665039e-01 0.000000000000000000e+00 0.000000000000000000e+00 0.000000000000000000e+00 0.000000000000000000e+00 0.000000000000000000e+00 0.000000000000000000e+00
7.499951124191284180e-01 8.112485408782958984e-01 8.853803873062133789e-01 9.754863977432250977e-01 1.053155422210693359e+00 1.128101587295532227e+00 1.223609685897827148e+00 nan 1.222287654876708984e+00 1.142705678939819336e+00 1.052571296691894531e+00 9.662288427352905273e-01 8.835182189941406250e-01 8.160421848297119141e-01 7.810491323471069336e-01 7.480791807174682617e-01 0.000000000000000000e+00 0.000000000000000000e+00 0.000000000000000000e+00 0.000000000000000000e+00 0.000000000000000000e+00 0.000000000000000000e+00
7.356312274932861328e-01 7.959666252136230469e-01 8.547730445861816406e-01 9.130624532699584961e-01 9.856694936752319336e-01 1.058152198791503906e+00 1.139690637588500977e+00 1.243029356002807617e+00 nan 1.214285373687744141e+00 1.121140003204345703e+00 1.031913280487060547e+00 9.454410076141357422e-01 8.678474426269531250e-01 8.091539144515991211e-01 7.756998538970947266e-01 0.000000000000000000e+00 0.000000000000000000e+00 0.000000000000000000e+00 0.000000000000000000e+00 0.000000000000000000e+00 0.000000000000000000e+00
7.212934494018554688e-01 7.782020568847656250e-01 8.391237258911132812e-01 8.817682266235351562e-01 9.204014539718627930e-01 9.905017614364624023e-01 1.063160896301269531e+00 1.158293962478637695e+00 1.243094682693481445e+00 nan 1.191999435424804688e+00 1.099791526794433594e+00 1.009659290313720703e+00 9.327958822250366211e-01 8.586599826812744141e-01 8.037569522857666016e-01 0.000000000000000000e+00 0.000000000000000000e+00 0.000000000000000000e+00 0.000000000000000000e+00 0.000000000000000000e+00 0.000000000000000000e+00
7.035942077636718750e-01 7.625726461410522461e-01 8.190964460372924805e-01 8.562008142471313477e-01 8.785344362258911133e-01 9.250750541687011719e-01 9.953459501266479492e-01 1.061142206192016602e+00 1.142125606536865234e+00 1.226290702819824219e+00 nan 1.169937849044799805e+00 1.079539060592651367e+00 1.000002861022949219e+00 9.233857393264770508e-01 8.458992242813110352e-01 0.000000000000000000e+00 0.000000000000000000e+00 0.000000000000000000e+00 0.000000000000000000e+00 0.000000000000000000e+00 0.000000000000000000e+00
7.107290029525756836e-01 7.481055259704589844e-01 7.975907325744628906e-01 8.306427001953125000e-01 8.526687622070312500e-01 8.749598264694213867e-01 9.116276502609252930e-01 9.676939249038696289e-01 1.044364929199218750e+00 1.124022960662841797e+00 1.206785202026367188e+00 nan 1.151848316192626953e+00 1.069546699523925781e+00 9.903656244277954102e-01 9.101477861404418945e-01 0.000000000000000000e+00 0.000000000000000000e+00 0.000000000000000000e+00 0.000000000000000000e+00 0.000000000000000000e+00 0.000000000000000000e+00
7.248653173446655273e-01 7.430583238601684570e-01 7.773841619491577148e-01 8.059413433074951172e-01 8.228117227554321289e-01 8.309031724929809570e-01 8.342113494873046875e-01 8.718544244766235352e-01 9.467151165008544922e-01 1.024765014648437500e+00 1.105944395065307617e+00 1.200008392333984375e+00 nan 1.141508817672729492e+00 1.059602499008178711e+00 9.766324758529663086e-01 0.000000000000000000e+00 0.000000000000000000e+00 0.000000000000000000e+00 0.000000000000000000e+00 0.000000000000000000e+00 0.000000000000000000e+00
7.385636568069458008e-01 7.580908536911010742e-01 7.598479986190795898e-01 7.735617160797119141e-01 7.878111600875854492e-01 7.937815189361572266e-01 7.989741563796997070e-01 8.080137968063354492e-01 8.671046495437622070e-01 9.419628381729125977e-01 1.019822359085083008e+00 1.100803375244140625e+00 1.212898731231689453e+00 nan 1.131169557571411133e+00 1.045283555984497070e+00 0.000000000000000000e+00 0.000000000000000000e+00 0.000000000000000000e+00 0.000000000000000000e+00 0.000000000000000000e+00 0.000000000000000000e+00
7.523707151412963867e-01 7.687942981719970703e-01 7.613707780838012695e-01 7.452458143234252930e-01 7.438688278198242188e-01 7.522641420364379883e-01 7.607001066207885742e-01 7.697637081146240234e-01 8.042280673980712891e-01 8.625469207763671875e-01 9.371345043182373047e-01 1.014700889587402344e+00 1.096495628356933594e+00 1.226095199584960938e+00 nan 1.116560459136962891e+00 0.000000000000000000e+00 0.000000000000000000e+00 0.000000000000000000e+00 0.000000000000000000e+00 0.000000000000000000e+00 0.000000000000000000e+00
7.662876844406127930e-01 7.707358598709106445e-01 7.596633434295654297e-01 7.367496490478515625e-01 7.141343355178833008e-01 7.091619968414306641e-01 7.172995805740356445e-01 7.254760265350341797e-01 7.574585676193237305e-01 7.925769090652465820e-01 8.532996177673339844e-01 9.312136173248291016e-01 1.009241342544555664e+00 1.109083652496337891e+00 1.239461183547973633e+00 nan 0.000000000000000000e+00 0.000000000000000000e+00 0.000000000000000000e+00 0.000000000000000000e+00 0.000000000000000000e+00 0.000000000000000000e+00
7.522113323211669922e-01 7.540193796157836914e-01 7.407102584838867188e-01 7.245552539825439453e-01 7.057355642318725586e-01 6.835101842880249023e-01 6.746962070465087891e-01 6.826698780059814453e-01 7.109175920486450195e-01 7.451061010360717773e-01 7.799775600433349609e-01 8.395843505859375000e-01 9.169216156005859375e-01 9.975105524063110352e-01 1.119155883789062500e+00 1.232104301452636719e+00 nan 0.000000000000000000e+00 0.000000000000000000e+00 0.000000000000000000e+00 0.000000000000000000e+00 0.000000000000000000e+00
6.094714403152465820e-01 7.146383523941040039e-01 7.009856700897216797e-01 6.858624219894409180e-01 6.700519323348999023e-01 6.543898582458496094e-01 6.388746500015258789e-01 6.332430839538574219e-01 6.637871265411376953e-01 6.988921165466308594e-01 7.328402996063232422e-01 7.674667835235595703e-01 8.259705305099487305e-01 9.027355909347534180e-01 9.944887161254882812e-01 1.103799581527709961e+00 0.000000000000000000e+00 nan 0.000000000000000000e+00 0.000000000000000000e+00 0.000000000000000000e+00 0.000000000000000000e+00
5.507795810699462891e-01 5.505757331848144531e-01 6.424248218536376953e-01 6.480374336242675781e-01 6.325818300247192383e-01 6.172711849212646484e-01 6.021040678024291992e-01 5.870792865753173828e-01 5.981805324554443359e-01 6.346579790115356445e-01 6.719678640365600586e-01 7.101293802261352539e-01 7.491620779037475586e-01 8.108810186386108398e-01 8.886543512344360352e-01 9.778032302856445312e-01 0.000000000000000000e+00 0.000000000000000000e+00 nan 0.000000000000000000e+00 0.000000000000000000e+00 0.000000000000000000e+00
5.287201404571533203e-01 5.278974771499633789e-01 5.249304771423339844e-01 5.618985891342163086e-01 5.959525108337402344e-01 5.809854269027709961e-01 5.661585330963134766e-01 5.514708757400512695e-01 5.564284324645996094e-01 5.701999664306640625e-01 6.060386896133422852e-01 6.426955461502075195e-01 6.801888942718505859e-01 7.185381650924682617e-01 7.688405513763427734e-01 8.482491970062255859e-01 0.000000000000000000e+00 0.000000000000000000e+00 0.000000000000000000e+00 nan 0.000000000000000000e+00 0.000000000000000000e+00
5.058770179748535156e-01 5.055507421493530273e-01 5.030885934829711914e-01 4.990382194519042969e-01 4.979305267333984375e-01 5.455137491226196289e-01 5.310195684432983398e-01 5.166614055633544922e-01 5.231837034225463867e-01 5.308607816696166992e-01 5.427093505859375000e-01 5.779206752777099609e-01 6.139355897903442383e-01 6.507725715637207031e-01 6.884503364562988281e-01 7.302258014678955078e-01 0.000000000000000000e+00 0.000000000000000000e+00 0.000000000000000000e+00 0.000000000000000000e+00 nan 0.000000000000000000e+00
4.757198095321655273e-01 4.822502136230468750e-01 4.811075925827026367e-01 4.772950410842895508e-01 4.752368927001953125e-01 4.752268791198730469e-01 4.966689348220825195e-01 4.831737279891967773e-01 4.906491041183471680e-01 4.981621503829956055e-01 5.057132244110107422e-01 5.156998634338378906e-01 5.502947568893432617e-01 5.856791734695434570e-01 6.218712329864501953e-01 6.615878343582153320e-01 0.000000000000000000e+00 0.000000000000000000e+00 0.000000000000000000e+00 0.000000000000000000e+00 0.000000000000000000e+00 nan
