nan 1.057954311370849609e+00 1.027181625366210938e+00 9.968692064285278320e-01 9.670100212097167969e-01 9.366286993026733398e-01 9.281812906265258789e-01 9.143396615982055664e-01 8.937562704086303711e-01 8.717168569564819336e-01 8.498388528823852539e-01 8.282166719436645508e-01 8.124423027038574219e-01 8.247025012969970703e-01 8.081443309783935547e-01 8.097639083862304688e-01 0.000000000000000000e+00 0.000000000000000000e+00 0.000000000000000000e+00 0.000000000000000000e+00 0.000000000000000000e+00 0.000000000000000000e+00
1.033515214920043945e+00 nan 1.099894762039184570e+00 1.068494796752929688e+00 1.037328720092773438e+00 9.894148111343383789e-01 9.450310468673706055e-01 9.301400184631347656e-01 9.075791835784912109e-01 8.852820396423339844e-01 8.632454872131347656e-01 8.414666652679443359e-01 8.199422359466552734e-01 8.075128793716430664e-01 7.972035408020019531e-01 7.904558181762695312e-01 0.000000000000000000e+00 0.000000000000000000e+00 0.000000000000000000e+00 0.000000000000000000e+00 0.000000000000000000e+00 0.000000000000000000e+00
9.784096479415893555e-01 1.079208612442016602e+00 nan 1.141935348510742188e+00 1.104416131973266602e+00 1.054400920867919922e+00 1.003023862838745117e+00 9.499975442886352539e-01 9.214043617248535156e-01 8.989455699920654297e-01 8.767493963241577148e-01 8.548126220703125000e-01 8.361030817031860352e-01 8.200645446777343750e-01 7.797467708587646484e-01 7.693693637847900391e-01 0.000000000000000000e+00 0.000000000000000000e+00 0.000000000000000000e+00 0.000000000000000000e+00 0.000000000000000000e+00 0.000000000000000000e+00
9.237843751907348633e-01 1.021785020828247070e+00 1.124777793884277344e+00 nan 1.173578023910522461e+00 1.121110677719116211e+00 1.068065166473388672e+00 1.011027812957763672e+00 9.520529508590698242e-01 9.127081632614135742e-01 8.903510570526123047e-01 8.709989786148071289e-01 8.608987331390380859e-01 8.323333263397216797e-01 7.720928192138671875e-01 7.485312223434448242e-01 0.000000000000000000e+00 0.000000000000000000e+00 0.000000000000000000e+00 0.000000000000000000e+00 0.000000000000000000e+00 0.000000000000000000e+00
8.714275360107421875e-01 9.666321277618408203e-01 1.066679954528808594e+00 1.171001911163330078e+00 nan 1.190175294876098633e+00 1.135262727737426758e+00 1.073968172073364258e+00 1.013147354125976562e+00 9.541103839874267578e-01 9.065581560134887695e-01 8.988711833953857422e-01 8.771053552627563477e-01 8.285152912139892578e-01 7.802796363830566406e-01 7.387757301330566406e-01 0.000000000000000000e+00 0.000000000000000000e+00 0.000000000000000000e+00 0.000000000000000000e+00 0.000000000000000000e+00 0.000000000000000000e+00
8.178478479385375977e-01 9.134430885314941406e-01 1.013886690139770508e+00 1.114388942718505859e+00 1.194818973541259766e+00 nan 1.203444480895996094e+00 1.136894464492797852e+00 1.074289083480834961e+00 1.013517618179321289e+00 9.610908031463623047e-01 9.153399467468261719e-01 8.660266399383544922e-01 8.179827928543090820e-01 7.769422531127929688e-01 7.438896894454956055e-01 0.000000000000000000e+00 0.000000000000000000e+00 0.000000000000000000e+00 0.000000000000000000e+00 0.000000000000000000e+00 0.000000000000000000e+00
7.754584550857543945e-01 8.577793836593627930e-01 9.554743766784667969e-01 1.050193548202514648e+00 1.133811950683593750e+00 1.221658229827880859e+00 nan 1.216423511505126953e+00 1.141497373580932617e+00 1.074568271636962891e+00 1.023242473602294922e+00 9.369237422943115234e-01 8.535070419311523438e-01 8.091281652450561523e-01 7.753493785858154297e-01 7.479641437530517578e-01 0.000000000000000000e+00 0.000000000000000000e+00 0.000000000000000000e+00 0.000000000000000000e+00 0.000000000000000000e+00 0.000000000000000000e+00
7.581175565719604492e-01 8.175989389419555664e-01 8.985880613327026367e-01 9.848989248275756836e-01 1.063144445419311523e+00 1.138331890106201172e+00 1.240554094314575195e+00 nan 1.229479551315307617e+00 1.154111623764038086e+00 1.066025257110595703e+00 9.755953550338745117e-01 8.858205080032348633e-01 8.144361972808837891e-01 7.815990447998046875e-01 7.520482540130615234e-01 0.000000000000000000e+00 0.000000000000000000e+00 0.000000000000000000e+00 0.000000000000000000e+00 0.000000000000000000e+00 0.000000000000000000e+00
7.432569265365600586e-01 8.018392324447631836e-01 8.607394695281982422e-01 9.216836690902709961e-01 9.948173761367797852e-01 1.067514896392822266e+00 1.155597448348999023e+00 1.259610414505004883e+00 nan 1.228480339050292969e+00 1.134649038314819336e+00 1.039998531341552734e+00 9.472968578338623047e-01 8.692704439163208008e-01 8.093904256820678711e-01 7.764178514480590820e-01 0.000000000000000000e+00 0.000000000000000000e+00 0.000000000000000000e+00 0.000000000000000000e+00 0.000000000000000000e+00 0.000000000000000000e+00
7.279558181762695312e-01 7.844384908676147461e-01 8.411622047424316406e-01 8.835892677307128906e-01 9.287531375885009766e-01 9.990429878234863281e-01 1.073862314224243164e+00 1.173931360244750977e+00 1.266826152801513672e+00 nan 1.205552339553833008e+00 1.106501102447509766e+00 1.010847330093383789e+00 9.338430166244506836e-01 8.585096597671508789e-01 8.041285276412963867e-01 0.000000000000000000e+00 0.000000000000000000e+00 0.000000000000000000e+00 0.000000000000000000e+00 0.000000000000000000e+00 0.000000000000000000e+00
7.097660303115844727e-01 7.693451642990112305e-01 8.205244541168212891e-01 8.581911325454711914e-01 8.804492950439453125e-01 9.328386783599853516e-01 1.002980947494506836e+00 1.079052209854125977e+00 1.159978151321411133e+00 1.244054079055786133e+00 nan 1.175171375274658203e+00 1.080310583114624023e+00 1.000646352767944336e+00 9.226773977279663086e-01 8.447901010513305664e-01 0.000000000000000000e+00 0.000000000000000000e+00 0.000000000000000000e+00 0.000000000000000000e+00 0.000000000000000000e+00 0.000000000000000000e+00
7.137436866760253906e-01 7.543895244598388672e-01 7.994472980499267578e-01 8.321744203567504883e-01 8.530275821685791016e-01 8.699631690979003906e-01 9.179358482360839844e-01 9.774464368820190430e-01 1.054417371749877930e+00 1.134384393692016602e+00 1.220549821853637695e+00 nan 1.152173519134521484e+00 1.069756984710693359e+00 9.890605211257934570e-01 9.085801839828491211e-01 0.000000000000000000e+00 0.000000000000000000e+00 0.000000000000000000e+00 0.000000000000000000e+00 0.000000000000000000e+00 0.000000000000000000e+00
7.280026674270629883e-01 7.462011575698852539e-01 7.800099849700927734e-01 8.016117811203002930e-01 8.160436153411865234e-01 8.292760848999023438e-01 8.324890136718750000e-01 8.808063268661499023e-01 9.548214673995971680e-01 1.033096075057983398e+00 1.114505052566528320e+00 1.221476078033447266e+00 nan 1.141255378723144531e+00 1.057735919952392578e+00 9.745758771896362305e-01 0.000000000000000000e+00 0.000000000000000000e+00 0.000000000000000000e+00 0.000000000000000000e+00 0.000000000000000000e+00 0.000000000000000000e+00
7.416416406631469727e-01 7.597719430923461914e-01 7.546535730361938477e-01 7.685903310775756836e-01 7.856658697128295898e-01 7.907260656356811523e-01 7.958005666732788086e-01 8.080551624298095703e-01 8.744672536849975586e-01 9.495242834091186523e-01 1.027586936950683594e+00 1.108775138854980469e+00 1.234814405441284180e+00 nan 1.128782033920288086e+00 1.042853832244873047e+00 0.000000000000000000e+00 0.000000000000000000e+00 0.000000000000000000e+00 0.000000000000000000e+00 0.000000000000000000e+00 0.000000000000000000e+00
7.553882598876953125e-01 7.633341550827026367e-01 7.561413049697875977e-01 7.445158958435058594e-01 7.430518865585327148e-01 7.513509988784790039e-01 7.596895694732666016e-01 7.718912363052368164e-01 8.038312196731567383e-01 8.693877458572387695e-01 9.442415237426757812e-01 1.022092580795288086e+00 1.117344617843627930e+00 1.248232841491699219e+00 nan 1.113492727279663086e+00 0.000000000000000000e+00 0.000000000000000000e+00 0.000000000000000000e+00 0.000000000000000000e+00 0.000000000000000000e+00 0.000000000000000000e+00
7.681359052658081055e-01 7.652046680450439453e-01 7.575961351394653320e-01 7.359591722488403320e-01 7.133400440216064453e-01 7.079029083251953125e-01 7.160344123840332031e-01 7.251287698745727539e-01 7.596011161804199219e-01 7.947622537612915039e-01 8.628662824630737305e-01 9.389729499816894531e-01 1.016613006591796875e+00 1.130057811737060547e+00 1.249534130096435547e+00 nan 0.000000000000000000e+00 0.000000000000000000e+00 0.000000000000000000e+00 0.000000000000000000e+00 0.000000000000000000e+00 0.000000000000000000e+00
7.504030466079711914e-01 7.534157037734985352e-01 7.428827285766601562e-01 7.267965078353881836e-01 7.049361467361450195e-01 6.827211380004882812e-01 6.734625101089477539e-01 6.814302206039428711e-01 7.130035161972045898e-01 7.472333908081054688e-01 7.821475267410278320e-01 8.490802049636840820e-01 9.268168210983276367e-01 1.014755964279174805e+00 1.131039619445800781e+00 1.237187385559082031e+00 nan 0.000000000000000000e+00 0.000000000000000000e+00 0.000000000000000000e+00 0.000000000000000000e+00 0.000000000000000000e+00
6.046594381332397461e-01 7.168530225753784180e-01 7.031087875366210938e-01 6.880533695220947266e-01 6.722223758697509766e-01 6.565399169921875000e-01 6.410045623779296875e-01 6.346727609634399414e-01 6.676398515701293945e-01 7.009632587432861328e-01 7.349528074264526367e-01 7.696213722229003906e-01 8.353960514068603516e-01 9.125573635101318359e-01 1.005481004714965820e+00 1.108843564987182617e+00 0.000000000000000000e+00 nan 0.000000000000000000e+00 0.000000000000000000e+00 0.000000000000000000e+00 0.000000000000000000e+00
5.557802915573120117e-01 5.556519031524658203e-01 6.413438320159912109e-01 6.501793861389160156e-01 6.347036361694335938e-01 6.193730831146240234e-01 6.041862964630126953e-01 5.891419649124145508e-01 6.022611856460571289e-01 6.388317346572875977e-01 6.762369871139526367e-01 7.144957780838012695e-01 7.536281347274780273e-01 8.218131065368652344e-01 8.963352441787719727e-01 9.825452566146850586e-01 0.000000000000000000e+00 0.000000000000000000e+00 nan 0.000000000000000000e+00 0.000000000000000000e+00 0.000000000000000000e+00
5.336496829986572266e-01 5.328992605209350586e-01 5.298250913619995117e-01 5.609511137008666992e-01 5.980266332626342773e-01 5.830401182174682617e-01 5.681940317153930664e-01 5.534871816635131836e-01 5.610638856887817383e-01 5.742092132568359375e-01 6.101393699645996094e-01 6.468898057937622070e-01 6.844788789749145508e-01 7.229260206222534180e-01 7.795785665512084961e-01 8.577218055725097656e-01 0.000000000000000000e+00 0.000000000000000000e+00 0.000000000000000000e+00 nan 0.000000000000000000e+00 0.000000000000000000e+00
5.099569559097290039e-01 5.104794502258300781e-01 5.079131126403808594e-01 5.038498640060424805e-01 5.025857686996459961e-01 5.475223064422607422e-01 5.330092906951904297e-01 5.200588703155517578e-01 5.277202129364013672e-01 5.354201793670654297e-01 5.466482639312744141e-01 5.819495916366577148e-01 6.180564165115356445e-01 6.549874544143676758e-01 6.940840482711791992e-01 7.356376647949218750e-01 0.000000000000000000e+00 0.000000000000000000e+00 0.000000000000000000e+00 0.000000000000000000e+00 nan 0.000000000000000000e+00
4.798500537872314453e-01 4.863989353179931641e-01 4.859216213226318359e-01 4.820966720581054688e-01 4.798814058303833008e-01 4.798116683959960938e-01 4.986140727996826172e-01 4.875910282135009766e-01 4.950886964797973633e-01 5.026241540908813477e-01 5.101975202560424805e-01 5.195698738098144531e-01 5.542531013488769531e-01 5.897278785705566406e-01 6.273077726364135742e-01 6.672234535217285156e-01 0.000000000000000000e+00 0.000000000000000000e+00 0.000000000000000000e+00 0.000000000000000000e+00 0.000000000000000000e+00 nan
