nan 1.170516490936279297e+00 1.070399999618530273e+00 1.019612073898315430e+00 9.512271881103515625e-01 9.310269355773925781e-01 9.215211868286132812e-01 9.106396436691284180e-01 8.998196125030517578e-01 8.819258213043212891e-01 8.583607673645019531e-01 8.286521434783935547e-01 7.473552227020263672e-01 6.832735538482666016e-01 6.236095428466796875e-01 5.660600662231445312e-01
1.050772905349731445e+00 nan 1.213176727294921875e+00 1.117815017700195312e+00 1.042595386505126953e+00 9.837839603424072266e-01 9.643726348876953125e-01 9.532483816146850586e-01 9.421870708465576172e-01 8.882887363433837891e-01 8.338989019393920898e-01 7.985004186630249023e-01 7.256153821945190430e-01 6.624060869216918945e-01 6.090421676635742188e-01 5.573914051055908203e-01
9.555810689926147461e-01 1.102170467376708984e+00 nan 1.239687919616699219e+00 1.156317949295043945e+00 1.102696180343627930e+00 1.038647651672363281e+00 9.968070983886718750e-01 9.851719141006469727e-01 9.142993688583374023e-01 8.009090423583984375e-01 7.688459157943725586e-01 7.041459083557128906e-01 6.410958766937255859e-01 5.884160995483398438e-01 5.374274253845214844e-01
8.840101957321166992e-01 1.024353504180908203e+00 1.173379659652709961e+00 nan 1.324393510818481445e+00 1.211513280868530273e+00 1.143166303634643555e+00 1.076993227005004883e+00 1.005293130874633789e+00 9.088138341903686523e-01 8.038212060928344727e-01 7.313493490219116211e-01 6.779974699020385742e-01 6.211878061294555664e-01 5.690585374832153320e-01 5.186054706573486328e-01
8.162897825241088867e-01 9.515886306762695312e-01 1.088096857070922852e+00 1.227308750152587891e+00 nan 1.393559694290161133e+00 1.262048482894897461e+00 1.173353672027587891e+00 1.031215190887451172e+00 8.990997076034545898e-01 7.974288463592529297e-01 7.218790054321289062e-01 6.566134691238403320e-01 6.033451557159423828e-01 5.517896413803100586e-01 5.018918514251708984e-01
7.863998413085937500e-01 8.776670694351196289e-01 1.003557682037353516e+00 1.124426364898681641e+00 1.290256977081298828e+00 nan 1.459152698516845703e+00 1.258401870727539062e+00 1.109091758728027344e+00 9.613277912139892578e-01 8.228073120117187500e-01 7.412706613540649414e-01 6.884347200393676758e-01 5.981054306030273438e-01 5.403379201889038086e-01 4.853622913360595703e-01
7.563465833663940430e-01 8.548266887664794922e-01 9.144812822341918945e-01 1.029759407043457031e+00 1.172300815582275391e+00 1.361232757568359375e+00 nan 1.396737575531005859e+00 1.189953565597534180e+00 1.040533542633056641e+00 8.779958486557006836e-01 7.744433879852294922e-01 7.280372381210327148e-01 6.338592767715454102e-01 5.524241924285888672e-01 4.963077306747436523e-01
7.233513593673706055e-01 8.257973194122314453e-01 8.772288560867309570e-01 9.393105506896972656e-01 1.065391540527343750e+00 1.187474727630615234e+00 1.320913314819335938e+00 nan 1.321422338485717773e+00 1.122936964035034180e+00 9.561954736709594727e-01 8.321315050125122070e-01 7.676144838333129883e-01 6.843932867050170898e-01 5.810477733612060547e-01 5.080485343933105469e-01
7.220802307128906250e-01 7.871438264846801758e-01 8.436952829360961914e-01 8.893412351608276367e-01 9.250921010971069336e-01 1.017929077148437500e+00 1.129193067550659180e+00 1.261383295059204102e+00 nan 1.248473644256591797e+00 1.043440341949462891e+00 9.249505996704101562e-01 8.133317232131958008e-01 7.364901304244995117e-01 6.299483776092529297e-01 5.299433469772338867e-01
7.415231466293334961e-01 7.675205469131469727e-01 7.865489721298217773e-01 8.196127414703369141e-01 8.223921060562133789e-01 8.615239858627319336e-01 9.641646146774291992e-01 1.072463989257812500e+00 1.220903873443603516e+00 nan 1.202231884002685547e+00 1.022472381591796875e+00 9.051984548568725586e-01 7.901983261108398438e-01 6.803612709045410156e-01 5.772632360458374023e-01
7.766245603561401367e-01 7.572278976440429688e-01 7.446886301040649414e-01 7.199804782867431641e-01 7.265757322311401367e-01 7.526398897171020508e-01 8.164733648300170898e-01 9.260824918746948242e-01 1.038613080978393555e+00 1.220084667205810547e+00 nan 1.173658132553100586e+00 1.001719474792480469e+00 8.856492042541503906e-01 7.323335409164428711e-01 6.260467767715454102e-01
7.329952716827392578e-01 7.282803058624267578e-01 7.058416604995727539e-01 6.828022003173828125e-01 6.624450683593750000e-01 6.863918304443359375e-01 7.353742122650146484e-01 7.976747751235961914e-01 9.079656600952148438e-01 1.029157161712646484e+00 1.224266290664672852e+00 nan 1.145454645156860352e+00 9.811798334121704102e-01 8.160786628723144531e-01 6.763390302658081055e-01
5.573920011520385742e-01 6.716895103454589844e-01 6.509230136871337891e-01 6.286253929138183594e-01 6.066288948059082031e-01 6.019786596298217773e-01 6.551476716995239258e-01 7.100812196731567383e-01 7.770162820816040039e-01 8.882203102111816406e-01 1.023440122604370117e+00 1.212262630462646484e+00 nan 1.117617607116699219e+00 9.230563640594482422e-01 7.430375814437866211e-01
5.254012346267700195e-01 5.222166776657104492e-01 5.572715997695922852e-01 5.761928558349609375e-01 5.549044609069824219e-01 5.477139949798583984e-01 5.620745420455932617e-01 6.139191389083862305e-01 6.674844026565551758e-01 7.228275537490844727e-01 8.353435993194580078e-01 9.647275209426879883e-01 1.162696361541748047e+00 nan 1.052623271942138672e+00 8.312315940856933594e-01
4.907304048538208008e-01 4.906219244003295898e-01 4.849318265914916992e-01 4.838573932647705078e-01 5.048452615737915039e-01 5.001136064529418945e-01 5.110296010971069336e-01 5.231643915176391602e-01 5.737177133560180664e-01 6.259486675262451172e-01 6.842808723449707031e-01 7.779717445373535156e-01 9.033111333847045898e-01 1.052611827850341797e+00 nan 9.403767585754394531e-01
4.437400102615356445e-01 4.529608488082885742e-01 4.501032829284667969e-01 4.476839303970336914e-01 4.477733373641967773e-01 4.506070613861083984e-01 4.614180326461791992e-01 4.723095893859863281e-01 4.832823276519775391e-01 5.114531517028808594e-01 5.676457881927490234e-01 6.324824094772338867e-01 7.000006437301635742e-01 8.087569475173950195e-01 9.357290267944335938e-01 nan
