nan 1.086976289749145508e+00 1.043847799301147461e+00 1.013285875320434570e+00 9.831812381744384766e-01 9.373792409896850586e-01 9.215534925460815430e-01 9.077595472335815430e-01 8.930274248123168945e-01 8.709992170333862305e-01 8.492273092269897461e-01 8.277089595794677734e-01 8.064407110214233398e-01 8.019073009490966797e-01 7.851265668869018555e-01 7.968174219131469727e-01 0.000000000000000000e+00 0.000000000000000000e+00 0.000000000000000000e+00 0.000000000000000000e+00 0.000000000000000000e+00 0.000000000000000000e+00
9.954379796981811523e-01 nan 1.117158412933349609e+00 1.085500478744506836e+00 1.050221204757690430e+00 1.001961708068847656e+00 9.521300792694091797e-01 9.247590303421020508e-01 9.071959257125854492e-01 8.850029706954956055e-01 8.630681037902832031e-01 8.413885831832885742e-01 8.199613094329833984e-01 7.848312854766845703e-01 7.699892520904541016e-01 7.815809249877929688e-01 0.000000000000000000e+00 0.000000000000000000e+00 0.000000000000000000e+00 0.000000000000000000e+00 0.000000000000000000e+00 0.000000000000000000e+00
9.413640499114990234e-01 1.040504693984985352e+00 nan 1.160305261611938477e+00 1.118732690811157227e+00 1.068072319030761719e+00 1.016595125198364258e+00 9.663993120193481445e-01 9.214705228805541992e-01 8.991113901138305664e-01 8.770123720169067383e-01 8.551706075668334961e-01 8.335829973220825195e-01 7.981460094451904297e-01 7.623012065887451172e-01 7.625769376754760742e-01 0.000000000000000000e+00 0.000000000000000000e+00 0.000000000000000000e+00 0.000000000000000000e+00 0.000000000000000000e+00 0.000000000000000000e+00
8.887554407119750977e-01 9.852095842361450195e-01 1.086589336395263672e+00 nan 1.189533710479736328e+00 1.136366367340087891e+00 1.083189249038696289e+00 1.030744314193725586e+00 9.713048934936523438e-01 9.136053323745727539e-01 8.910611867904663086e-01 8.690558671951293945e-01 8.484336137771606445e-01 8.245728015899658203e-01 7.759701013565063477e-01 7.419447898864746094e-01 0.000000000000000000e+00 0.000000000000000000e+00 0.000000000000000000e+00 0.000000000000000000e+00 0.000000000000000000e+00 0.000000000000000000e+00
8.395504951477050781e-01 9.333651065826416016e-01 1.031964063644409180e+00 1.134671688079833984e+00 nan 1.208567380905151367e+00 1.153451919555664062e+00 1.094264507293701172e+00 1.033025264739990234e+00 9.735764265060424805e-01 9.158662557601928711e-01 8.851752281188964844e-01 8.707364797592163086e-01 8.398840427398681641e-01 7.839691638946533203e-01 7.429027557373046875e-01 0.000000000000000000e+00 0.000000000000000000e+00 0.000000000000000000e+00 0.000000000000000000e+00 0.000000000000000000e+00 0.000000000000000000e+00
7.925223112106323242e-01 8.849834203720092773e-01 9.811149835586547852e-01 1.076325178146362305e+00 1.163067817687988281e+00 nan 1.234542608261108398e+00 1.159093379974365234e+00 1.095205783843994141e+00 1.033938884735107422e+00 9.744634628295898438e-01 9.200018644332885742e-01 8.785893917083740234e-01 8.304156064987182617e-01 7.779742479324340820e-01 7.474478483200073242e-01 0.000000000000000000e+00 0.000000000000000000e+00 0.000000000000000000e+00 0.000000000000000000e+00 0.000000000000000000e+00 0.000000000000000000e+00
7.693088054656982422e-01 8.324742317199707031e-01 9.289498329162597656e-01 1.017945289611816406e+00 1.098436832427978516e+00 1.178673982620239258e+00 nan 1.248213529586791992e+00 1.172302722930908203e+00 1.098954916000366211e+00 1.034852981567382812e+00 9.721117019653320312e-01 8.827167749404907227e-01 8.199766874313354492e-01 7.793451547622680664e-01 7.520048618316650391e-01 0.000000000000000000e+00 0.000000000000000000e+00 0.000000000000000000e+00 0.000000000000000000e+00 0.000000000000000000e+00 0.000000000000000000e+00
7.551767826080322266e-01 8.101944923400878906e-01 8.733164072036743164e-01 9.541795253753662109e-01 1.029462337493896484e+00 1.103543758392333984e+00 1.197700977325439453e+00 nan 1.261968135833740234e+00 1.185592889785766602e+00 1.111100912094116211e+00 1.015334606170654297e+00 9.238287210464477539e-01 8.410197496414184570e-01 7.930796146392822266e-01 7.604827880859375000e-01 0.000000000000000000e+00 0.000000000000000000e+00 0.000000000000000000e+00 0.000000000000000000e+00 0.000000000000000000e+00 0.000000000000000000e+00
7.407704591751098633e-01 7.949213981628417969e-01 8.512154817581176758e-01 8.939744234085083008e-01 9.627552032470703125e-01 1.034401416778564453e+00 1.114759922027587891e+00 1.216894388198852539e+00 nan 1.275807142257690430e+00 1.180393934249877930e+00 1.081393718719482422e+00 9.868881702423095703e-01 9.050352573394775391e-01 8.308482170104980469e-01 7.882025241851806641e-01 0.000000000000000000e+00 0.000000000000000000e+00 0.000000000000000000e+00 0.000000000000000000e+00 0.000000000000000000e+00 0.000000000000000000e+00
7.255254983901977539e-01 7.824214696884155273e-01 8.308960199356079102e-01 8.704552650451660156e-01 8.982405662536621094e-01 9.675318002700805664e-01 1.039352416992187500e+00 1.133228778839111328e+00 1.235301017761230469e+00 nan 1.251804828643798828e+00 1.149478673934936523e+00 1.051801919937133789e+00 9.709197282791137695e-01 8.941562175750732422e-01 8.173321485519409180e-01 0.000000000000000000e+00 0.000000000000000000e+00 0.000000000000000000e+00 0.000000000000000000e+00 0.000000000000000000e+00 0.000000000000000000e+00
7.077826261520385742e-01 7.677915096282958984e-01 8.107994794845581055e-01 8.447008132934570312e-01 8.668960332870483398e-01 9.028468132019042969e-01 9.704731702804565430e-01 1.044997930526733398e+00 1.129407882690429688e+00 1.212293863296508789e+00 nan 1.219550132751464844e+00 1.120195627212524414e+00 1.039003849029541016e+00 9.596533775329589844e-01 8.801727294921875000e-01 0.000000000000000000e+00 0.000000000000000000e+00 0.000000000000000000e+00 0.000000000000000000e+00 0.000000000000000000e+00 0.000000000000000000e+00
7.215423583984375000e-01 7.532255649566650391e-01 7.948745489120483398e-01 8.195414543151855469e-01 8.384253978729248047e-01 8.552274703979492188e-01 8.937036991119384766e-01 9.494595527648925781e-01 1.025341033935546875e+00 1.104176521301269531e+00 1.186080217361450195e+00 nan 1.195818901062011719e+00 1.109439611434936523e+00 1.027415275573730469e+00 9.451863765716552734e-01 0.000000000000000000e+00 0.000000000000000000e+00 0.000000000000000000e+00 0.000000000000000000e+00 0.000000000000000000e+00 0.000000000000000000e+00
7.360160350799560547e-01 7.531210184097290039e-01 7.730643749237060547e-01 7.941403388977050781e-01 8.070414066314697266e-01 8.191838264465332031e-01 8.295716047286987305e-01 8.564788103103637695e-01 9.295322895050048828e-01 1.006794214248657227e+00 1.087150096893310547e+00 1.185509204864501953e+00 nan 1.200643539428710938e+00 1.097520112991333008e+00 1.012447834014892578e+00 0.000000000000000000e+00 0.000000000000000000e+00 0.000000000000000000e+00 0.000000000000000000e+00 0.000000000000000000e+00 0.000000000000000000e+00
7.499688863754272461e-01 7.656238079071044922e-01 7.581335306167602539e-01 7.599611282348632812e-01 7.799853086471557617e-01 7.900809049606323242e-01 7.951536178588867188e-01 8.002406358718872070e-01 8.502177000045776367e-01 9.243036508560180664e-01 1.001356363296508789e+00 1.081494092941284180e+00 1.198631525039672852e+00 nan 1.199627876281738281e+00 1.082035303115844727e+00 0.000000000000000000e+00 0.000000000000000000e+00 0.000000000000000000e+00 0.000000000000000000e+00 0.000000000000000000e+00 0.000000000000000000e+00
7.637811899185180664e-01 7.674967050552368164e-01 7.595899105072021484e-01 7.480453252792358398e-01 7.445670366287231445e-01 7.528731822967529297e-01 7.612189054489135742e-01 7.672661542892456055e-01 7.917609214782714844e-01 8.452038764953613281e-01 9.190891981124877930e-01 9.959329366683959961e-01 1.083063602447509766e+00 1.211833000183105469e+00 nan 1.186189413070678711e+00 0.000000000000000000e+00 0.000000000000000000e+00 0.000000000000000000e+00 0.000000000000000000e+00 0.000000000000000000e+00 0.000000000000000000e+00
7.734030485153198242e-01 7.693716287612915039e-01 7.610474824905395508e-01 7.491725683212280273e-01 7.263811826705932617e-01 7.093873023986816406e-01 7.175260782241821289e-01 7.257034778594970703e-01 7.499765157699584961e-01 7.849453687667846680e-01 8.402037620544433594e-01 9.138888120651245117e-01 9.905244112014770508e-01 1.095571041107177734e+00 1.217228651046752930e+00 nan 0.000000000000000000e+00 0.000000000000000000e+00 0.000000000000000000e+00 0.000000000000000000e+00 0.000000000000000000e+00 0.000000000000000000e+00
7.530559301376342773e-01 7.559095621109008789e-01 7.533700466156005859e-01 7.383114099502563477e-01 7.179135084152221680e-01 6.955294609069824219e-01 6.749171018600463867e-01 6.828917264938354492e-01 7.036337852478027344e-01 7.376765012741088867e-01 7.723996639251708984e-01 8.274037837982177734e-01 9.042290449142456055e-01 9.845739603042602539e-01 1.100435495376586914e+00 1.211177587509155273e+00 nan 0.000000000000000000e+00 0.000000000000000000e+00 0.000000000000000000e+00 0.000000000000000000e+00 0.000000000000000000e+00
5.816619396209716797e-01 7.074383497238159180e-01 7.143926620483398438e-01 6.993098258972167969e-01 6.833734512329101562e-01 6.675863265991210938e-01 6.519473791122436523e-01 6.364551782608032227e-01 6.577414274215698242e-01 6.916594505310058594e-01 7.254629135131835938e-01 7.599420547485351562e-01 8.138800859451293945e-01 8.901368379592895508e-01 9.792692661285400391e-01 1.092311143875122070e+00 0.000000000000000000e+00 nan 0.000000000000000000e+00 0.000000000000000000e+00 0.000000000000000000e+00 0.000000000000000000e+00
5.574688911437988281e-01 5.583657026290893555e-01 6.260750293731689453e-01 6.611833572387695312e-01 6.456044912338256836e-01 6.301716566085815430e-01 6.148835420608520508e-01 5.997389554977416992e-01 5.958392620086669922e-01 6.287181377410888672e-01 6.658923625946044922e-01 7.039152383804321289e-01 7.428060770034790039e-01 8.004565238952636719e-01 8.747637271881103516e-01 9.670027494430541992e-01 0.000000000000000000e+00 0.000000000000000000e+00 nan 0.000000000000000000e+00 0.000000000000000000e+00 0.000000000000000000e+00
5.367635488510131836e-01 5.355733633041381836e-01 5.322846174240112305e-01 5.464341640472412109e-01 6.086829900741577148e-01 5.935963392257690430e-01 5.786514282226562500e-01 5.638464689254760742e-01 5.617526769638061523e-01 5.696241855621337891e-01 6.002027988433837891e-01 6.367264986038208008e-01 6.740835905075073242e-01 7.122933864593505859e-01 7.574571371078491211e-01 8.385078907012939453e-01 0.000000000000000000e+00 0.000000000000000000e+00 0.000000000000000000e+00 nan 0.000000000000000000e+00 0.000000000000000000e+00
5.131421089172363281e-01 5.131144523620605469e-01 5.103373527526855469e-01 5.062675476074218750e-01 5.048750638961791992e-01 5.578417778015136719e-01 5.432319641113281250e-01 5.287592411041259766e-01 5.283943414688110352e-01 5.360976457595825195e-01 5.438396930694580078e-01 5.721868276596069336e-01 6.080709695816040039e-01 6.447740793228149414e-01 6.832220554351806641e-01 7.263731956481933594e-01 0.000000000000000000e+00 0.000000000000000000e+00 0.000000000000000000e+00 0.000000000000000000e+00 nan 0.000000000000000000e+00
4.823861122131347656e-01 4.889460802078247070e-01 4.881472587585449219e-01 4.843165874481201172e-01 4.819735288619995117e-01 4.820487499237060547e-01 4.910103082656860352e-01 4.944592714309692383e-01 4.957482814788818359e-01 5.032871961593627930e-01 5.108639001846313477e-01 5.184788703918457031e-01 5.446614027023315430e-01 5.799173116683959961e-01 6.168739795684814453e-01 6.578691005706787109e-01 0.000000000000000000e+00 0.000000000000000000e+00 0.000000000000000000e+00 0.000000000000000000e+00 0.000000000000000000e+00 nan
