nan 1.163434505462646484e+00 1.072028636932373047e+00 1.023078918457031250e+00 9.648323059082031250e-01 9.577292203903198242e-01 9.466426372528076172e-01 9.356187582015991211e-01 9.246574640274047852e-01 9.208213090896606445e-01 8.965270519256591797e-01 8.583207130432128906e-01 7.852177619934082031e-01 7.009868621826171875e-01 6.429114341735839844e-01 5.846779346466064453e-01
1.148460388183593750e+00 nan 1.205955505371093750e+00 1.121450662612915039e+00 1.060754299163818359e+00 1.005271196365356445e+00 9.900541305541992188e-01 9.787844419479370117e-01 9.675787687301635742e-01 9.196165800094604492e-01 8.798090219497680664e-01 8.276799917221069336e-01 7.630065679550170898e-01 6.791820526123046875e-01 6.252797842025756836e-01 5.731078386306762695e-01
1.010428428649902344e+00 1.202306270599365234e+00 nan 1.247556209564208984e+00 1.184279680252075195e+00 1.121132135391235352e+00 1.054984092712402344e+00 1.022912740707397461e+00 1.006765127182006836e+00 9.547195434570312500e-01 8.361424207687377930e-01 7.975445985794067383e-01 7.410720586776733398e-01 6.576569080352783203e-01 6.044454574584960938e-01 5.529422760009765625e-01
9.350087642669677734e-01 1.079151153564453125e+00 1.265255689620971680e+00 nan 1.342537403106689453e+00 1.236331462860107422e+00 1.167282581329345703e+00 1.100365161895751953e+00 1.040356636047363281e+00 9.531675577163696289e-01 8.340440988540649414e-01 7.653695344924926758e-01 7.181634902954101562e-01 6.366189718246459961e-01 5.839935541152954102e-01 5.330603122711181641e-01
8.630294799804687500e-01 1.004416227340698242e+00 1.158740997314453125e+00 1.351669073104858398e+00 nan 1.406733036041259766e+00 1.285139560699462891e+00 1.196164608001708984e+00 1.059365749359130859e+00 9.410820007324218750e-01 8.251482248306274414e-01 7.507290840148925781e-01 6.846618652343750000e-01 6.186064481735229492e-01 5.665602684020996094e-01 5.161875486373901367e-01
8.058679103851318359e-01 9.233034849166870117e-01 1.071274995803833008e+00 1.210431575775146484e+00 1.430828809738159180e+00 nan 1.477719783782958984e+00 1.286044836044311523e+00 1.134907007217407227e+00 9.931052923202514648e-01 8.435925245285034180e-01 7.611259222030639648e-01 6.845504045486450195e-01 6.048246622085571289e-01 5.493189096450805664e-01 4.995006322860717773e-01
7.754870653152465820e-01 8.722651004791259766e-01 9.812791347503662109e-01 1.110177040100097656e+00 1.269776344299316406e+00 1.527871370315551758e+00 nan 1.416140317916870117e+00 1.216758489608764648e+00 1.070201158523559570e+00 8.902655839920043945e-01 7.859920263290405273e-01 7.231317758560180664e-01 6.360709667205810547e-01 5.589512586593627930e-01 5.025990009307861328e-01
7.428778409957885742e-01 8.523252010345458984e-01 9.246745109558105469e-01 1.016144752502441406e+00 1.152874708175659180e+00 1.296198129653930664e+00 1.482568025588989258e+00 nan 1.340215444564819336e+00 1.149572134017944336e+00 9.689760208129882812e-01 8.194185495376586914e-01 7.625964879989624023e-01 6.866734027862548828e-01 5.831880569458007812e-01 5.143890380859375000e-01
7.232539653778076172e-01 8.180782794952392578e-01 8.912475109100341797e-01 9.380706548690795898e-01 1.012659549713134766e+00 1.118225097656250000e+00 1.235019683837890625e+00 1.425506353378295898e+00 nan 1.266676187515258789e+00 1.050963878631591797e+00 9.102445840835571289e-01 8.029652833938598633e-01 7.388408184051513672e-01 6.321549415588378906e-01 5.320143699645996094e-01
7.521910667419433594e-01 7.834712266921997070e-01 8.361481428146362305e-01 8.757154941558837891e-01 8.777146339416503906e-01 9.540463685989379883e-01 1.061788320541381836e+00 1.175470829010009766e+00 1.391749620437622070e+00 nan 1.161399126052856445e+00 1.007021188735961914e+00 8.906434774398803711e-01 7.926217317581176758e-01 6.826361417770385742e-01 5.793983936309814453e-01
7.897964715957641602e-01 7.792590856552124023e-01 7.806864976882934570e-01 7.769757509231567383e-01 7.837897539138793945e-01 8.158270120620727539e-01 9.019839763641357422e-01 1.006855249404907227e+00 1.117508649826049805e+00 1.359430313110351562e+00 nan 1.124894142150878906e+00 9.864268302917480469e-01 8.712433576583862305e-01 7.346786260604858398e-01 6.282479763031005859e-01
7.589975595474243164e-01 7.478102445602416992e-01 7.205463647842407227e-01 6.995421648025512695e-01 6.935269832611083984e-01 7.221895456314086914e-01 7.694808244705200195e-01 8.570564985275268555e-01 9.679530858993530273e-01 1.104017496109008789e+00 1.325242280960083008e+00 nan 1.094695329666137695e+00 9.660441875457763672e-01 8.097815513610839844e-01 6.786082983016967773e-01
5.813806056976318359e-01 6.747543811798095703e-01 6.538856029510498047e-01 6.315479278564453125e-01 6.095118522644042969e-01 6.298098564147949219e-01 6.839026212692260742e-01 7.397906780242919922e-01 8.322430849075317383e-01 9.446548223495483398e-01 1.083409786224365234e+00 1.312693595886230469e+00 nan 1.065647363662719727e+00 9.126843214035034180e-01 7.311934232711791992e-01
5.344780683517456055e-01 5.288858413696289062e-01 5.802823305130004883e-01 5.790212154388427734e-01 5.576946735382080078e-01 5.559718608856201172e-01 5.892125368118286133e-01 6.419578790664672852e-01 6.964536905288696289e-01 7.759642601013183594e-01 8.931907415390014648e-01 1.036594390869140625e+00 1.283860683441162109e+00 nan 1.009591341018676758e+00 8.187882900238037109e-01
4.968277215957641602e-01 4.970138072967529297e-01 4.914376735687255859e-01 4.904730319976806641e-01 5.075455904006958008e-01 5.081175565719604492e-01 5.190917253494262695e-01 5.496264696121215820e-01 6.010580062866210938e-01 6.541963815689086914e-01 7.132349014282226562e-01 8.340106010437011719e-01 9.633007049560546875e-01 1.115835666656494141e+00 nan 9.222198724746704102e-01
4.517424106597900391e-01 4.592258930206298828e-01 4.567781686782836914e-01 4.544594287872314453e-01 4.545494318008422852e-01 4.586689472198486328e-01 4.695399999618530273e-01 4.804921150207519531e-01 4.915258884429931641e-01 5.408855676651000977e-01 5.978313684463500977e-01 6.638205051422119141e-01 7.445739507675170898e-01 8.722801208496093750e-01 9.960268735885620117e-01 nan
