nan 1.424596309661865234e+00 1.312371492385864258e+00 1.204602003097534180e+00 1.135504961013793945e+00 1.102950811386108398e+00 1.066948890686035156e+00 1.043529748916625977e+00 1.039022207260131836e+00 1.031021118164062500e+00 1.023051500320434570e+00 1.015113115310668945e+00 9.815007448196411133e-01 9.525245428085327148e-01 9.355370998382568359e-01 9.183169603347778320e-01 0.000000000000000000e+00 0.000000000000000000e+00 0.000000000000000000e+00 0.000000000000000000e+00 0.000000000000000000e+00 0.000000000000000000e+00
1.362588405609130859e+00 nan 1.481174230575561523e+00 1.369438648223876953e+00 1.269851207733154297e+00 1.189797401428222656e+00 1.151952505111694336e+00 1.114761590957641602e+00 1.070395469665527344e+00 1.062271356582641602e+00 1.054178714752197266e+00 1.046118497848510742e+00 1.010621786117553711e+00 9.532411098480224609e-01 9.313361644744873047e-01 9.141533374786376953e-01 0.000000000000000000e+00 0.000000000000000000e+00 0.000000000000000000e+00 0.000000000000000000e+00 0.000000000000000000e+00 0.000000000000000000e+00
1.210858821868896484e+00 1.406335830688476562e+00 nan 1.585531949996948242e+00 1.464482545852661133e+00 1.342773199081420898e+00 1.248093366622924805e+00 1.199298620223999023e+00 1.151585102081298828e+00 1.104906797409057617e+00 1.085785627365112305e+00 1.077601194381713867e+00 1.040171146392822266e+00 9.819471836090087891e-01 9.272483587265014648e-01 9.200646877288818359e-01 0.000000000000000000e+00 0.000000000000000000e+00 0.000000000000000000e+00 0.000000000000000000e+00 0.000000000000000000e+00 0.000000000000000000e+00
1.088516473770141602e+00 1.249940872192382812e+00 1.496059179306030273e+00 nan 1.682034969329833984e+00 1.553118228912353516e+00 1.434838533401489258e+00 1.316193580627441406e+00 1.244462728500366211e+00 1.188374042510986328e+00 1.140897274017333984e+00 1.106122493743896484e+00 1.070155143737792969e+00 1.011075258255004883e+00 9.725855588912963867e-01 9.373137950897216797e-01 0.000000000000000000e+00 0.000000000000000000e+00 0.000000000000000000e+00 0.000000000000000000e+00 0.000000000000000000e+00 0.000000000000000000e+00
9.874141216278076172e-01 1.144543170928955078e+00 1.341181993484497070e+00 1.619074583053588867e+00 nan 1.782346963882446289e+00 1.653447628021240234e+00 1.520582199096679688e+00 1.393016338348388672e+00 1.300756216049194336e+00 1.233242750167846680e+00 1.168206453323364258e+00 1.100579023361206055e+00 1.059895038604736328e+00 1.023983240127563477e+00 9.850473403930664062e-01 0.000000000000000000e+00 0.000000000000000000e+00 0.000000000000000000e+00 0.000000000000000000e+00 0.000000000000000000e+00 0.000000000000000000e+00
9.415458440780639648e-01 1.061518907546997070e+00 1.211505413055419922e+00 1.444105386734008789e+00 1.706629991531372070e+00 nan 1.868585109710693359e+00 1.724178075790405273e+00 1.587040424346923828e+00 1.456806182861328125e+00 1.351861715316772461e+00 1.261969327926635742e+00 1.182892799377441406e+00 1.115132570266723633e+00 1.069731712341308594e+00 1.005676746368408203e+00 0.000000000000000000e+00 0.000000000000000000e+00 0.000000000000000000e+00 0.000000000000000000e+00 0.000000000000000000e+00 0.000000000000000000e+00
8.977676630020141602e-01 1.015035390853881836e+00 1.139549493789672852e+00 1.283245563507080078e+00 1.528838872909545898e+00 1.810616970062255859e+00 nan 1.937426567077636719e+00 1.789553403854370117e+00 1.649124860763549805e+00 1.506128311157226562e+00 1.379884004592895508e+00 1.290124177932739258e+00 1.218329668045043945e+00 1.112620115280151367e+00 1.003273010253906250e+00 0.000000000000000000e+00 0.000000000000000000e+00 0.000000000000000000e+00 0.000000000000000000e+00 0.000000000000000000e+00 0.000000000000000000e+00
8.549760580062866211e-01 9.695997238159179688e-01 1.091306209564208984e+00 1.201634883880615234e+00 1.362726449966430664e+00 1.623469591140747070e+00 1.902841329574584961e+00 nan 2.007919788360595703e+00 1.854635000228881836e+00 1.694738626480102539e+00 1.543798685073852539e+00 1.408239841461181641e+00 1.318931818008422852e+00 1.173549413681030273e+00 1.025024414062500000e+00 0.000000000000000000e+00 0.000000000000000000e+00 0.000000000000000000e+00 0.000000000000000000e+00 0.000000000000000000e+00 0.000000000000000000e+00
8.284617662429809570e-01 9.238841533660888672e-01 1.044128417968750000e+00 1.145096302032470703e+00 1.258839368820190430e+00 1.438116550445556641e+00 1.699800252914428711e+00 1.985213756561279297e+00 nan 2.074929475784301758e+00 1.897541999816894531e+00 1.735242843627929688e+00 1.574267625808715820e+00 1.387913703918457031e+00 1.236234903335571289e+00 1.083426952362060547e+00 0.000000000000000000e+00 0.000000000000000000e+00 0.000000000000000000e+00 0.000000000000000000e+00 0.000000000000000000e+00 0.000000000000000000e+00
8.117003440856933594e-01 9.025979042053222656e-01 9.846616983413696289e-01 1.081054210662841797e+00 1.173872470855712891e+00 1.313372611999511719e+00 1.509055137634277344e+00 1.778353452682495117e+00 2.071668863296508789e+00 nan 2.150312662124633789e+00 1.941096067428588867e+00 1.704185009002685547e+00 1.505733966827392578e+00 1.300729751586914062e+00 1.143514156341552734e+00 0.000000000000000000e+00 0.000000000000000000e+00 0.000000000000000000e+00 0.000000000000000000e+00 0.000000000000000000e+00 0.000000000000000000e+00
7.959685325622558594e-01 8.882340192794799805e-01 9.599194526672363281e-01 1.016404628753662109e+00 1.106339693069458008e+00 1.212224483489990234e+00 1.369807481765747070e+00 1.582058668136596680e+00 1.854512929916381836e+00 2.177569866180419922e+00 nan 2.150157213211059570e+00 1.849855899810791016e+00 1.629367589950561523e+00 1.413737058639526367e+00 1.205334424972534180e+00 0.000000000000000000e+00 0.000000000000000000e+00 0.000000000000000000e+00 0.000000000000000000e+00 0.000000000000000000e+00 0.000000000000000000e+00
7.805027961730957031e-01 8.709242343902587891e-01 9.417004585266113281e-01 9.873054027557373047e-01 1.040904045104980469e+00 1.131931781768798828e+00 1.261468172073364258e+00 1.415757656097412109e+00 1.636778354644775391e+00 1.912782907485961914e+00 2.205439805984497070e+00 nan 2.062973499298095703e+00 1.795815229415893555e+00 1.532379627227783203e+00 1.307258844375610352e+00 0.000000000000000000e+00 0.000000000000000000e+00 0.000000000000000000e+00 0.000000000000000000e+00 0.000000000000000000e+00 0.000000000000000000e+00
7.909343242645263672e-01 8.512879610061645508e-01 9.196978807449340820e-01 9.635974168777465820e-01 9.976807832717895508e-01 1.054687261581420898e+00 1.149497985839843750e+00 1.296147346496582031e+00 1.452801942825317383e+00 1.644845008850097656e+00 1.869809389114379883e+00 2.133683919906616211e+00 nan 1.999933481216430664e+00 1.705754995346069336e+00 1.420666456222534180e+00 0.000000000000000000e+00 0.000000000000000000e+00 0.000000000000000000e+00 0.000000000000000000e+00 0.000000000000000000e+00 0.000000000000000000e+00
8.081901073455810547e-01 8.406276702880859375e-01 8.850108385086059570e-01 9.263058900833129883e-01 9.619001150131225586e-01 9.954004287719726562e-01 1.061258792877197266e+00 1.182460546493530273e+00 1.302419424057006836e+00 1.400058269500732422e+00 1.566535234451293945e+00 1.808010339736938477e+00 2.063535928726196289e+00 nan 1.902489185333251953e+00 1.588640689849853516e+00 0.000000000000000000e+00 0.000000000000000000e+00 0.000000000000000000e+00 0.000000000000000000e+00 0.000000000000000000e+00 0.000000000000000000e+00
8.256124258041381836e-01 8.502591848373413086e-01 8.562210798263549805e-01 8.839050531387329102e-01 9.251759052276611328e-01 9.596607685089111328e-01 9.931226968765258789e-01 1.062810659408569336e+00 1.141840696334838867e+00 1.232670068740844727e+00 1.327351808547973633e+00 1.502892971038818359e+00 1.747542142868041992e+00 2.006866931915283203e+00 nan 1.776859998703002930e+00 0.000000000000000000e+00 0.000000000000000000e+00 0.000000000000000000e+00 0.000000000000000000e+00 0.000000000000000000e+00 0.000000000000000000e+00
8.432019948959350586e-01 8.525723218917846680e-01 8.517833948135375977e-01 8.584605455398559570e-01 8.827996253967285156e-01 9.240461587905883789e-01 9.489042758941650391e-01 9.563112258911132812e-01 1.024603366851806641e+00 1.101246833801269531e+00 1.180792093276977539e+00 1.263348579406738281e+00 1.448995828628540039e+00 1.694612503051757812e+00 1.923395872116088867e+00 nan 0.000000000000000000e+00 0.000000000000000000e+00 0.000000000000000000e+00 0.000000000000000000e+00 0.000000000000000000e+00 0.000000000000000000e+00
8.182816505432128906e-01 8.228951692581176758e-01 8.332676887512207031e-01 8.540178537368774414e-01 8.607028722763061523e-01 8.763788938522338867e-01 8.813573122024536133e-01 8.887382745742797852e-01 9.207451343536376953e-01 9.871037006378173828e-01 1.062327861785888672e+00 1.140399456024169922e+00 1.223367929458618164e+00 1.421280622482299805e+00 1.621358633041381836e+00 1.815178394317626953e+00 nan 0.000000000000000000e+00 0.000000000000000000e+00 0.000000000000000000e+00 0.000000000000000000e+00 0.000000000000000000e+00
6.685128211975097656e-01 7.663142681121826172e-01 7.547177076339721680e-01 7.696081399917602539e-01 7.920405864715576172e-01 7.817982435226440430e-01 7.823334932327270508e-01 8.035849332809448242e-01 8.455985784530639648e-01 8.784979581832885742e-01 9.464389085769653320e-01 1.023990154266357422e+00 1.100755214691162109e+00 1.200344085693359375e+00 1.349764585494995117e+00 1.543505430221557617e+00 0.000000000000000000e+00 nan 0.000000000000000000e+00 0.000000000000000000e+00 0.000000000000000000e+00 0.000000000000000000e+00
6.387149095535278320e-01 6.240692138671875000e-01 6.925632953643798828e-01 7.057679891586303711e-01 6.962639093399047852e-01 6.844148635864257812e-01 6.726487874984741211e-01 6.710523366928100586e-01 7.133702039718627930e-01 7.567594051361083984e-01 8.012478351593017578e-01 8.755910396575927734e-01 9.681079387664794922e-01 1.055844545364379883e+00 1.150126695632934570e+00 1.296006917953491211e+00 0.000000000000000000e+00 0.000000000000000000e+00 nan 0.000000000000000000e+00 0.000000000000000000e+00 0.000000000000000000e+00
6.199673414230346680e-01 6.051012277603149414e-01 5.860929489135742188e-01 5.913288593292236328e-01 6.211587190628051758e-01 6.098343133926391602e-01 5.985890626907348633e-01 5.904536247253417969e-01 6.092408895492553711e-01 6.499935388565063477e-01 6.917779445648193359e-01 7.346205711364746094e-01 7.957686185836791992e-01 8.837640285491943359e-01 9.615118503570556641e-01 1.050297498703002930e+00 0.000000000000000000e+00 0.000000000000000000e+00 0.000000000000000000e+00 nan 0.000000000000000000e+00 0.000000000000000000e+00
6.013082265853881836e-01 5.863548517227172852e-01 5.568640232086181641e-01 5.225976705551147461e-01 5.216437578201293945e-01 5.643721818923950195e-01 5.497140884399414062e-01 5.397076606750488281e-01 5.474557876586914062e-01 5.606380701065063477e-01 5.963170528411865234e-01 6.328117847442626953e-01 6.704581975936889648e-01 7.193431854248046875e-01 7.962287664413452148e-01 8.829704523086547852e-01 0.000000000000000000e+00 0.000000000000000000e+00 0.000000000000000000e+00 0.000000000000000000e+00 nan 0.000000000000000000e+00
5.845483541488647461e-01 5.600346326828002930e-01 5.260020494461059570e-01 5.003942251205444336e-01 4.984724521636962891e-01 4.985158443450927734e-01 5.149998664855957031e-01 5.067666769027709961e-01 5.143489837646484375e-01 5.219694375991821289e-01 5.336208343505859375e-01 5.686820745468139648e-01 6.045449972152709961e-01 6.412276029586791992e-01 6.830897331237792969e-01 7.571667432785034180e-01 0.000000000000000000e+00 0.000000000000000000e+00 0.000000000000000000e+00 0.000000000000000000e+00 0.000000000000000000e+00 nan
