nan 1.056867837905883789e+00 1.026111364364624023e+00 9.958149194717407227e-01 9.659713506698608398e-01 9.246500730514526367e-01 9.140419960021972656e-01 9.003018140792846680e-01 8.854800462722778320e-01 8.635396957397460938e-01 8.418546915054321289e-01 8.204219341278076172e-01 7.992385625839233398e-01 8.038040399551391602e-01 7.918455600738525391e-01 8.035804033279418945e-01 0.000000000000000000e+00 0.000000000000000000e+00 0.000000000000000000e+00 0.000000000000000000e+00 0.000000000000000000e+00 0.000000000000000000e+00
9.813628196716308594e-01 nan 1.098786115646362305e+00 1.067402601242065430e+00 1.032625913619995117e+00 9.848501682281494141e-01 9.354443550109863281e-01 9.172350168228149414e-01 8.995920419692993164e-01 8.774874210357666016e-01 8.556401729583740234e-01 8.340469598770141602e-01 8.127051591873168945e-01 7.853151559829711914e-01 7.766511440277099609e-01 7.873237133026123047e-01 0.000000000000000000e+00 0.000000000000000000e+00 0.000000000000000000e+00 0.000000000000000000e+00 0.000000000000000000e+00 0.000000000000000000e+00
9.276704788208007812e-01 1.026111841201782227e+00 nan 1.141558408737182617e+00 1.100549459457397461e+00 1.050395727157592773e+00 9.993585348129272461e-01 9.495916366577148438e-01 9.138097763061523438e-01 8.915398120880126953e-01 8.695287704467773438e-01 8.477741479873657227e-01 8.262726068496704102e-01 7.966713905334472656e-01 7.614233493804931641e-01 7.663722038269042969e-01 0.000000000000000000e+00 0.000000000000000000e+00 0.000000000000000000e+00 0.000000000000000000e+00 0.000000000000000000e+00 0.000000000000000000e+00
8.754328489303588867e-01 9.712066650390625000e-01 1.071871280670166016e+00 nan 1.170742750167846680e+00 1.118105888366699219e+00 1.065383195877075195e+00 1.013229370117187500e+00 9.543025493621826172e-01 9.056971073150634766e-01 8.834730386734008789e-01 8.614577054977416992e-01 8.388544321060180664e-01 8.065019845962524414e-01 7.633370161056518555e-01 7.455693483352661133e-01 0.000000000000000000e+00 0.000000000000000000e+00 0.000000000000000000e+00 0.000000000000000000e+00 0.000000000000000000e+00 0.000000000000000000e+00
8.266655206680297852e-01 9.198230504989624023e-01 1.017731428146362305e+00 1.119924545288085938e+00 nan 1.189798355102539062e+00 1.134910106658935547e+00 1.075923442840576172e+00 1.015104055404663086e+00 9.560664892196655273e-01 8.987586498260498047e-01 8.755722045898437500e-01 8.477802276611328125e-01 8.100625276565551758e-01 7.710611820220947266e-01 7.437422275543212891e-01 0.000000000000000000e+00 0.000000000000000000e+00 0.000000000000000000e+00 0.000000000000000000e+00 0.000000000000000000e+00 0.000000000000000000e+00
7.819712162017822266e-01 8.706792593002319336e-01 9.669092893600463867e-01 1.061388731002807617e+00 1.147325038909912109e+00 nan 1.208132266998291016e+00 1.138866424560546875e+00 1.076203107833862305e+00 1.015375375747680664e+00 9.563299417495727539e-01 8.990145921707153320e-01 8.502033948898315430e-01 8.129657506942749023e-01 7.751992940902709961e-01 7.478163242340087891e-01 0.000000000000000000e+00 0.000000000000000000e+00 0.000000000000000000e+00 0.000000000000000000e+00 0.000000000000000000e+00 0.000000000000000000e+00
7.698664665222167969e-01 8.166081905364990234e-01 9.117712974548339844e-01 1.000090360641479492e+00 1.080001115798950195e+00 1.155802726745605469e+00 nan 1.221139430999755859e+00 1.146053552627563477e+00 1.076482534408569336e+00 1.015646696090698242e+00 9.409054517745971680e-01 8.544653654098510742e-01 8.158735036849975586e-01 7.793469429016113281e-01 7.519000768661499023e-01 0.000000000000000000e+00 0.000000000000000000e+00 0.000000000000000000e+00 0.000000000000000000e+00 0.000000000000000000e+00 0.000000000000000000e+00
7.549064159393310547e-01 8.029011487960815430e-01 8.597251176834106445e-01 9.363913536071777344e-01 1.011115550994873047e+00 1.084406852722167969e+00 1.173688173294067383e+00 nan 1.234222888946533203e+00 1.158694744110107422e+00 1.078145027160644531e+00 9.867500066757202148e-01 8.985829353332519531e-01 8.258777856826782227e-01 7.894161939620971680e-01 7.568076848983764648e-01 0.000000000000000000e+00 0.000000000000000000e+00 0.000000000000000000e+00 0.000000000000000000e+00 0.000000000000000000e+00 0.000000000000000000e+00
7.400728464126586914e-01 7.934589385986328125e-01 8.413280248641967773e-01 8.837589025497436523e-01 9.445116519927978516e-01 1.015375852584838867e+00 1.091267108917236328e+00 1.192176103591918945e+00 nan 1.241552829742431641e+00 1.147171258926391602e+00 1.051516771316528320e+00 9.641680717468261719e-01 8.889514207839965820e-01 8.173295259475708008e-01 7.842124700546264648e-01 0.000000000000000000e+00 0.000000000000000000e+00 0.000000000000000000e+00 0.000000000000000000e+00 0.000000000000000000e+00 0.000000000000000000e+00
7.242904901504516602e-01 7.811689376831054688e-01 8.217608928680419922e-01 8.604125976562500000e-01 8.826973438262939453e-01 9.486306905746459961e-01 1.019644737243652344e+00 1.109053850173950195e+00 1.206552982330322266e+00 nan 1.218490600585937500e+00 1.118394851684570312e+00 1.032018899917602539e+00 9.542039632797241211e-01 8.783882856369018555e-01 8.120445013046264648e-01 0.000000000000000000e+00 0.000000000000000000e+00 0.000000000000000000e+00 0.000000000000000000e+00 0.000000000000000000e+00 0.000000000000000000e+00
7.100913524627685547e-01 7.661134004592895508e-01 8.088378906250000000e-01 8.345663547515869141e-01 8.563374280929565430e-01 8.840960264205932617e-01 9.502838850021362305e-01 1.020085334777832031e+00 1.098716020584106445e+00 1.180407285690307617e+00 nan 1.187453031539916992e+00 1.102213621139526367e+00 1.021710395812988281e+00 9.433401823043823242e-01 8.645210266113281250e-01 0.000000000000000000e+00 0.000000000000000000e+00 0.000000000000000000e+00 0.000000000000000000e+00 0.000000000000000000e+00 0.000000000000000000e+00
7.244609594345092773e-01 7.511850595474243164e-01 7.929587364196777344e-01 8.180830478668212891e-01 8.323130607604980469e-01 8.446252346038818359e-01 8.743008375167846680e-01 9.213612079620361328e-01 9.961491823196411133e-01 1.075914144515991211e+00 1.159037351608276367e+00 nan 1.174832820892333984e+00 1.091548919677734375e+00 1.010537862777709961e+00 9.289934635162353516e-01 0.000000000000000000e+00 0.000000000000000000e+00 0.000000000000000000e+00 0.000000000000000000e+00 0.000000000000000000e+00 0.000000000000000000e+00
7.389512062072753906e-01 7.562220096588134766e-01 7.706636190414428711e-01 7.918972969055175781e-01 8.048784732818603516e-01 8.170063495635986328e-01 8.234333992004394531e-01 8.414846658706665039e-01 9.139443635940551758e-01 9.905821084976196289e-01 1.070288658142089844e+00 1.166215658187866211e+00 nan 1.175400257110595703e+00 1.080059289932250977e+00 9.956949949264526367e-01 0.000000000000000000e+00 0.000000000000000000e+00 0.000000000000000000e+00 0.000000000000000000e+00 0.000000000000000000e+00 0.000000000000000000e+00
7.529269456863403320e-01 7.682166099548339844e-01 7.608392238616943359e-01 7.577607631683349609e-01 7.778548002243041992e-01 7.849756479263305664e-01 7.900339365005493164e-01 7.951066493988037109e-01 8.352704048156738281e-01 9.087580442428588867e-01 9.851880073547363281e-01 1.064678668975830078e+00 1.179222345352172852e+00 nan 1.173772573471069336e+00 1.064703226089477539e+00 0.000000000000000000e+00 0.000000000000000000e+00 0.000000000000000000e+00 0.000000000000000000e+00 0.000000000000000000e+00 0.000000000000000000e+00
7.667626142501831055e-01 7.700922489166259766e-01 7.622978687286376953e-01 7.507354021072387695e-01 7.373913526535034180e-01 7.456634044647216797e-01 7.539747953414916992e-01 7.622259855270385742e-01 7.866474390029907227e-01 8.302972316741943359e-01 9.035856723785400391e-01 9.798086881637573242e-01 1.064674615859985352e+00 1.192306995391845703e+00 nan 1.159565448760986328e+00 0.000000000000000000e+00 0.000000000000000000e+00 0.000000000000000000e+00 0.000000000000000000e+00 0.000000000000000000e+00 0.000000000000000000e+00
7.760069370269775391e-01 7.719699144363403320e-01 7.637577056884765625e-01 7.469636201858520508e-01 7.242010831832885742e-01 7.023564577102661133e-01 7.104616165161132812e-01 7.186055183410644531e-01 7.427750825881958008e-01 7.776001691818237305e-01 8.238456249237060547e-01 8.984272480010986328e-01 9.744436740875244141e-01 1.077071428298950195e+00 1.198470592498779297e+00 nan 0.000000000000000000e+00 0.000000000000000000e+00 0.000000000000000000e+00 0.000000000000000000e+00 0.000000000000000000e+00 0.000000000000000000e+00
7.554848194122314453e-01 7.583427429199218750e-01 7.520474195480346680e-01 7.359728813171386719e-01 7.157440185546875000e-01 6.933882236480712891e-01 6.713237762451171875e-01 6.759698390960693359e-01 6.966230869293212891e-01 7.305257320404052734e-01 7.651060819625854492e-01 8.103482723236083984e-01 8.864566087722778320e-01 9.657645225524902344e-01 1.082665443420410156e+00 1.190089464187622070e+00 nan 0.000000000000000000e+00 0.000000000000000000e+00 0.000000000000000000e+00 0.000000000000000000e+00 0.000000000000000000e+00
5.832679271697998047e-01 7.068639993667602539e-01 7.120641469955444336e-01 6.970237493515014648e-01 6.811087131500244141e-01 6.653430461883544922e-01 6.497250795364379883e-01 6.342536211013793945e-01 6.508169174194335938e-01 6.846981048583984375e-01 7.183625698089599609e-01 7.526997327804565430e-01 7.969509363174438477e-01 8.724958896636962891e-01 9.600733518600463867e-01 1.067727804183959961e+00 0.000000000000000000e+00 nan 0.000000000000000000e+00 0.000000000000000000e+00 0.000000000000000000e+00 0.000000000000000000e+00
5.568789243698120117e-01 5.563645362854003906e-01 6.232663393020629883e-01 6.589485406875610352e-01 6.433906555175781250e-01 6.279785633087158203e-01 6.127110719680786133e-01 5.975867509841918945e-01 5.937100648880004883e-01 6.219147443771362305e-01 6.589338779449462891e-01 6.967979669570922852e-01 7.355262041091918945e-01 7.836230993270874023e-01 8.573966026306152344e-01 9.438916444778442383e-01 0.000000000000000000e+00 0.000000000000000000e+00 nan 0.000000000000000000e+00 0.000000000000000000e+00 0.000000000000000000e+00
5.347326993942260742e-01 5.336015224456787109e-01 5.303173065185546875e-01 5.437630414962768555e-01 6.065187454223632812e-01 5.914524793624877930e-01 5.765275955200195312e-01 5.617425441741943359e-01 5.596690177917480469e-01 5.675300359725952148e-01 5.935186147689819336e-01 6.298896074295043945e-01 6.670907735824584961e-01 7.051410675048828125e-01 7.448891401290893555e-01 8.196984529495239258e-01 0.000000000000000000e+00 0.000000000000000000e+00 0.000000000000000000e+00 nan 0.000000000000000000e+00 0.000000000000000000e+00
5.110452175140380859e-01 5.111714601516723633e-01 5.083982944488525391e-01 5.043337345123291016e-01 5.029048919677734375e-01 5.557459592819213867e-01 5.411558151245117188e-01 5.267026424407958984e-01 5.263550281524658203e-01 5.340481996536254883e-01 5.417799949645996094e-01 5.656197071075439453e-01 6.013538837432861328e-01 6.379038095474243164e-01 6.761102676391601562e-01 7.181061506271362305e-01 0.000000000000000000e+00 0.000000000000000000e+00 0.000000000000000000e+00 0.000000000000000000e+00 nan 0.000000000000000000e+00
4.804074764251708984e-01 4.869587421417236328e-01 4.862569570541381836e-01 4.824311733245849609e-01 4.800535440444946289e-01 4.801259040832519531e-01 4.884541034698486328e-01 4.924488067626953125e-01 4.937527179718017578e-01 5.012814998626708984e-01 5.088480710983276367e-01 5.164529085159301758e-01 5.382091999053955078e-01 5.733178853988647461e-01 6.100424528121948242e-01 6.499301195144653320e-01 0.000000000000000000e+00 0.000000000000000000e+00 0.000000000000000000e+00 0.000000000000000000e+00 0.000000000000000000e+00 nan
