nan 9.833055734634399414e-01 9.534478187561035156e-01 9.240070581436157227e-01 8.950102329254150391e-01 8.945293426513671875e-01 8.865610361099243164e-01 8.728028535842895508e-01 8.591449260711669922e-01 8.455865383148193359e-01 8.253244161605834961e-01 8.039889335632324219e-01 7.965942621231079102e-01 8.087472915649414062e-01 8.133375644683837891e-01 8.150043487548828125e-01 0.000000000000000000e+00 0.000000000000000000e+00 0.000000000000000000e+00 0.000000000000000000e+00 0.000000000000000000e+00 0.000000000000000000e+00
9.627261161804199219e-01 nan 1.022435903549194336e+00 9.919555187225341797e-01 9.619345664978027344e-01 9.195942878723144531e-01 9.023970365524291992e-01 8.885232210159301758e-01 8.747506141662597656e-01 8.602979183197021484e-01 8.385534286499023438e-01 8.170632123947143555e-01 7.958240509033203125e-01 7.900565862655639648e-01 7.918784618377685547e-01 7.936286926269531250e-01 0.000000000000000000e+00 0.000000000000000000e+00 0.000000000000000000e+00 0.000000000000000000e+00 0.000000000000000000e+00 0.000000000000000000e+00
9.082492589950561523e-01 1.005345821380615234e+00 nan 1.062303543090820312e+00 1.030559539794921875e+00 9.824079275131225586e-01 9.328311681747436523e-01 9.043755531311035156e-01 8.904874324798583984e-01 8.737803697586059570e-01 8.518784046173095703e-01 8.302322626113891602e-01 8.086835145950317383e-01 7.755678892135620117e-01 7.706731557846069336e-01 7.725049257278442383e-01 0.000000000000000000e+00 0.000000000000000000e+00 0.000000000000000000e+00 0.000000000000000000e+00 0.000000000000000000e+00 0.000000000000000000e+00
8.554427623748779297e-01 9.499619007110595703e-01 1.049295902252197266e+00 nan 1.097294330596923828e+00 1.046780109405517578e+00 9.955935478210449219e-01 9.456871747970581055e-01 9.063563346862792969e-01 8.873606920242309570e-01 8.652998208999633789e-01 8.434969186782836914e-01 8.088177442550659180e-01 7.832113504409790039e-01 7.556872367858886719e-01 7.516298294067382812e-01 0.000000000000000000e+00 0.000000000000000000e+00 0.000000000000000000e+00 0.000000000000000000e+00 0.000000000000000000e+00 0.000000000000000000e+00
8.134433031082153320e-01 8.975038528442382812e-01 9.940348863601684570e-01 1.095476865768432617e+00 nan 1.114243745803833008e+00 1.061234951019287109e+00 1.009555339813232422e+00 9.591715335845947266e-01 9.021620750427246094e-01 8.790445327758789062e-01 8.430064916610717773e-01 8.165767192840576172e-01 7.908875942230224609e-01 7.636295557022094727e-01 7.324140071868896484e-01 0.000000000000000000e+00 0.000000000000000000e+00 0.000000000000000000e+00 0.000000000000000000e+00 0.000000000000000000e+00 0.000000000000000000e+00
7.732391357421875000e-01 8.490321636199951172e-01 9.430973529815673828e-01 1.041947841644287109e+00 1.129927635192871094e+00 nan 1.132703542709350586e+00 1.079232215881347656e+00 1.018987894058227539e+00 9.598366022109985352e-01 8.872989416122436523e-01 8.465998172760009766e-01 8.205758333206176758e-01 7.949187755584716797e-01 7.678290605545043945e-01 7.367951869964599609e-01 0.000000000000000000e+00 0.000000000000000000e+00 0.000000000000000000e+00 0.000000000000000000e+00 0.000000000000000000e+00 0.000000000000000000e+00
7.634463310241699219e-01 8.064553737640380859e-01 8.934609889984130859e-01 9.875345230102539062e-01 1.070197105407714844e+00 1.148963689804077148e+00 nan 1.142988443374633789e+00 1.080204486846923828e+00 1.006193637847900391e+00 9.235463142395019531e-01 8.507927656173706055e-01 8.245837688446044922e-01 7.988702058792114258e-01 7.714678049087524414e-01 7.408530712127685547e-01 0.000000000000000000e+00 0.000000000000000000e+00 0.000000000000000000e+00 0.000000000000000000e+00 0.000000000000000000e+00 0.000000000000000000e+00
7.485406398773193359e-01 7.969945669174194336e-01 8.442844152450561523e-01 9.283425807952880859e-01 1.004735469818115234e+00 1.077794551849365234e+00 1.160580158233642578e+00 nan 1.142070531845092773e+00 1.051877975463867188e+00 9.654829502105712891e-01 8.929085731506347656e-01 8.297828435897827148e-01 8.028303384780883789e-01 7.743089199066162109e-01 7.449206113815307617e-01 0.000000000000000000e+00 0.000000000000000000e+00 0.000000000000000000e+00 0.000000000000000000e+00 0.000000000000000000e+00 0.000000000000000000e+00
7.337608337402343750e-01 7.875834703445434570e-01 8.304091691970825195e-01 8.761024475097656250e-01 9.383430480957031250e-01 1.008982181549072266e+00 1.082195758819580078e+00 1.173602342605590820e+00 nan 1.120031595230102539e+00 1.030766963958740234e+00 9.594660997390747070e-01 8.910162448883056641e-01 8.310809135437011719e-01 7.993302345275878906e-01 7.664786577224731445e-01 0.000000000000000000e+00 0.000000000000000000e+00 0.000000000000000000e+00 0.000000000000000000e+00 0.000000000000000000e+00 0.000000000000000000e+00
7.187247276306152344e-01 7.747077941894531250e-01 8.208227157592773438e-01 8.550730943679809570e-01 8.790400028228759766e-01 9.424488544464111328e-01 1.009156465530395508e+00 1.075377941131591797e+00 1.156831264495849609e+00 nan 1.101785182952880859e+00 1.028363943099975586e+00 9.575072526931762695e-01 8.891259431838989258e-01 8.269885778427124023e-01 7.940341234207153320e-01 0.000000000000000000e+00 0.000000000000000000e+00 0.000000000000000000e+00 0.000000000000000000e+00 0.000000000000000000e+00 0.000000000000000000e+00
7.042472362518310547e-01 7.597069740295410156e-01 8.085222244262695312e-01 8.368798494338989258e-01 8.544250726699829102e-01 8.771016597747802734e-01 9.216612577438354492e-01 9.832091331481933594e-01 1.063261747360229492e+00 1.144152402877807617e+00 nan 1.099684000015258789e+00 1.026336193084716797e+00 9.554455280303955078e-01 8.805627822875976562e-01 8.220194578170776367e-01 0.000000000000000000e+00 0.000000000000000000e+00 0.000000000000000000e+00 0.000000000000000000e+00 0.000000000000000000e+00 0.000000000000000000e+00
7.185677289962768555e-01 7.448327541351318359e-01 7.935171127319335938e-01 8.203759193420410156e-01 8.377634286880493164e-01 8.444440364837646484e-01 8.525018692016601562e-01 9.090487957000732422e-01 9.861078262329101562e-01 1.066277265548706055e+00 1.142725229263305664e+00 nan 1.097585201263427734e+00 1.022994995117187500e+00 9.455254077911376953e-01 8.678163290023803711e-01 0.000000000000000000e+00 0.000000000000000000e+00 0.000000000000000000e+00 0.000000000000000000e+00 0.000000000000000000e+00 0.000000000000000000e+00
7.326681613922119141e-01 7.511165142059326172e-01 7.741438150405883789e-01 8.030859231948852539e-01 8.095755577087402344e-01 8.147034645080566406e-01 8.198460340499877930e-01 8.335242271423339844e-01 9.069420099258422852e-01 9.832992553710937500e-01 1.062714099884033203e+00 1.134621143341064453e+00 nan 1.092877864837646484e+00 1.012732267379760742e+00 9.324023723602294922e-01 0.000000000000000000e+00 0.000000000000000000e+00 0.000000000000000000e+00 0.000000000000000000e+00 0.000000000000000000e+00 0.000000000000000000e+00
7.463439702987670898e-01 7.661954164505004883e-01 7.671086788177490234e-01 7.611548900604248047e-01 7.695401906967163086e-01 7.779653072357177734e-01 7.864304780960083008e-01 7.953349351882934570e-01 8.285558223724365234e-01 9.017745256423950195e-01 9.779250621795654297e-01 1.057124614715576172e+00 1.137390613555908203e+00 nan 1.082260370254516602e+00 9.992219209671020508e-01 0.000000000000000000e+00 0.000000000000000000e+00 0.000000000000000000e+00 0.000000000000000000e+00 0.000000000000000000e+00 0.000000000000000000e+00
7.601276636123657227e-01 7.758861780166625977e-01 7.622890472412109375e-01 7.393267154693603516e-01 7.256407737731933594e-01 7.338570356369018555e-01 7.421121597290039062e-01 7.510700225830078125e-01 7.860608100891113281e-01 8.219237327575683594e-01 8.966211080551147461e-01 9.725652933120727539e-01 1.051550388336181641e+00 1.143169879913330078e+00 nan 1.068352222442626953e+00 0.000000000000000000e+00 0.000000000000000000e+00 0.000000000000000000e+00 0.000000000000000000e+00 0.000000000000000000e+00 0.000000000000000000e+00
7.740203142166137695e-01 7.726565599441528320e-01 7.536453008651733398e-01 7.307955026626586914e-01 7.082436084747314453e-01 6.908428668975830078e-01 6.988934278488159180e-01 7.069820165634155273e-01 7.387623786926269531e-01 7.735072374343872070e-01 8.089463710784912109e-01 8.844686746597290039e-01 9.636931419372558594e-01 1.060934066772460938e+00 1.148964643478393555e+00 nan 0.000000000000000000e+00 0.000000000000000000e+00 0.000000000000000000e+00 0.000000000000000000e+00 0.000000000000000000e+00 0.000000000000000000e+00
7.548903226852416992e-01 7.473238706588745117e-01 7.343513965606689453e-01 7.183096408843994141e-01 6.998649835586547852e-01 6.777161359786987305e-01 6.567466259002685547e-01 6.646347045898437500e-01 6.927165985107421875e-01 7.265412807464599609e-01 7.610417604446411133e-01 7.962318658828735352e-01 8.705227375030517578e-01 9.491609334945678711e-01 1.063816308975219727e+00 1.123491764068603516e+00 nan 0.000000000000000000e+00 0.000000000000000000e+00 0.000000000000000000e+00 0.000000000000000000e+00 0.000000000000000000e+00
6.025147438049316406e-01 7.083461284637451172e-01 6.947720050811767578e-01 6.797568798065185547e-01 6.640038490295410156e-01 6.483983993530273438e-01 6.329394578933715820e-01 6.176253557205200195e-01 6.458636522293090820e-01 6.808190345764160156e-01 7.144060134887695312e-01 7.486640214920043945e-01 7.836067676544189453e-01 8.566799163818359375e-01 9.424045085906982422e-01 1.043024539947509766e+00 0.000000000000000000e+00 nan 0.000000000000000000e+00 0.000000000000000000e+00 0.000000000000000000e+00 0.000000000000000000e+00
5.453069210052490234e-01 5.452693700790405273e-01 6.356017589569091797e-01 6.420691013336181641e-01 6.266695261001586914e-01 6.114141941070556641e-01 5.963020324707031250e-01 5.813316106796264648e-01 5.848126411437988281e-01 6.170483827590942383e-01 6.539562940597534180e-01 6.917066574096679688e-01 7.303187847137451172e-01 7.698122262954711914e-01 8.429394960403442383e-01 9.225997924804687500e-01 0.000000000000000000e+00 0.000000000000000000e+00 nan 0.000000000000000000e+00 0.000000000000000000e+00 0.000000000000000000e+00
5.233252048492431641e-01 5.226687192916870117e-01 5.197207927703857422e-01 5.554593801498413086e-01 5.901727676391601562e-01 5.752598047256469727e-01 5.604867935180664062e-01 5.458521842956542969e-01 5.509616136550903320e-01 5.587787628173828125e-01 5.887374877929687500e-01 6.249992847442626953e-01 6.620886325836181641e-01 7.000248432159423828e-01 7.388267517089843750e-01 8.019990921020507812e-01 0.000000000000000000e+00 0.000000000000000000e+00 0.000000000000000000e+00 nan 0.000000000000000000e+00 0.000000000000000000e+00
5.003181695938110352e-01 5.003985166549682617e-01 4.979536533355712891e-01 4.939171075820922852e-01 4.927200078964233398e-01 5.399166345596313477e-01 5.254749059677124023e-01 5.111687183380126953e-01 5.178335905075073242e-01 5.254837274551391602e-01 5.331723690032958984e-01 5.609221458435058594e-01 5.965491533279418945e-01 6.329892873764038086e-01 6.702612638473510742e-01 7.108956575393676758e-01 0.000000000000000000e+00 0.000000000000000000e+00 0.000000000000000000e+00 0.000000000000000000e+00 nan 0.000000000000000000e+00
4.704924821853637695e-01 4.769997596740722656e-01 4.761103391647338867e-01 4.723107814788818359e-01 4.701677560806274414e-01 4.700952768325805664e-01 4.912486076354980469e-01 4.779640436172485352e-01 4.854131937026977539e-01 4.929000139236450195e-01 5.004243850708007812e-01 5.079867839813232422e-01 5.335940122604370117e-01 5.685971975326538086e-01 6.043992042541503906e-01 6.434566974639892578e-01 0.000000000000000000e+00 0.000000000000000000e+00 0.000000000000000000e+00 0.000000000000000000e+00 0.000000000000000000e+00 nan
