nan 1.020186901092529297e+00 9.766987562179565430e-01 9.305596351623535156e-01 9.132002592086791992e-01 8.933937549591064453e-01 8.687696456909179688e-01 8.374402523040771484e-01 8.066362142562866211e-01 8.192540407180786133e-01 8.040590286254882812e-01 8.114277124404907227e-01 7.907423973083496094e-01 7.332590818405151367e-01 6.776207685470581055e-01 6.237685680389404297e-01
9.981468915939331055e-01 nan 1.079924106597900391e+00 1.024432420730590820e+00 9.530965089797973633e-01 9.178119897842407227e-01 8.890066146850585938e-01 8.573380708694458008e-01 8.262002468109130859e-01 7.921284437179565430e-01 7.736351490020751953e-01 7.808794975280761719e-01 7.677870988845825195e-01 7.110403776168823242e-01 6.561155319213867188e-01 6.029536724090576172e-01
9.204074144363403320e-01 1.063657522201538086e+00 nan 1.122839689254760742e+00 1.046938419342041016e+00 9.732177257537841797e-01 9.094626903533935547e-01 8.774511814117431641e-01 8.459763526916503906e-01 7.864756584167480469e-01 7.437241077423095703e-01 7.508463859558105469e-01 7.451260089874267578e-01 6.890132427215576172e-01 6.345728635787963867e-01 5.818873643875122070e-01
8.488432168960571289e-01 9.865670204162597656e-01 1.134550094604492188e+00 nan 1.148137807846069336e+00 1.062673091888427734e+00 9.761199951171875000e-01 8.994101285934448242e-01 8.456270694732666016e-01 7.929066419601440430e-01 7.456469535827636719e-01 7.205071449279785156e-01 7.224361896514892578e-01 6.668246984481811523e-01 6.130082607269287109e-01 5.609297752380371094e-01
7.833890914916992188e-01 9.133934974670410156e-01 1.051618337631225586e+00 1.169732332229614258e+00 nan 1.155599832534790039e+00 1.063614130020141602e+00 9.521752595901489258e-01 8.464925289154052734e-01 7.970618009567260742e-01 7.515413761138916016e-01 7.126495838165283203e-01 6.951007843017578125e-01 6.474809646606445312e-01 5.942894220352172852e-01 5.428150892257690430e-01
7.633059024810791016e-01 8.453705310821533203e-01 9.596312046051025391e-01 1.066825389862060547e+00 1.190649509429931641e+00 nan 1.158183097839355469e+00 1.028162717819213867e+00 9.060803651809692383e-01 8.156338930130004883e-01 7.673976421356201172e-01 7.210651636123657227e-01 6.802759170532226562e-01 6.283619403839111328e-01 5.757876634597778320e-01 5.249106884002685547e-01
7.418175935745239258e-01 8.223034143447875977e-01 8.873102664947509766e-01 9.686866998672485352e-01 1.073152303695678711e+00 1.204825878143310547e+00 nan 1.126183509826660156e+00 1.002330780029296875e+00 8.925225734710693359e-01 8.073585033416748047e-01 7.599784135818481445e-01 7.138402462005615234e-01 6.391786336898803711e-01 5.703041553497314453e-01 5.133711099624633789e-01
7.188140153884887695e-01 8.001779317855834961e-01 8.492606878280639648e-01 8.813416957855224609e-01 9.626684188842773438e-01 1.062365770339965820e+00 1.180294990539550781e+00 nan 1.103003740310668945e+00 9.876747131347656250e-01 8.755662441253662109e-01 7.997713088989257812e-01 7.525900602340698242e-01 6.885458230972290039e-01 5.846650600433349609e-01 5.244809389114379883e-01
7.284804582595825195e-01 7.721577882766723633e-01 8.147001266479492188e-01 8.316951990127563477e-01 8.376383781433105469e-01 9.255460500717163086e-01 1.037899732589721680e+00 1.156809568405151367e+00 nan 1.087610721588134766e+00 9.699599742889404297e-01 8.555988073348999023e-01 7.922159433364868164e-01 7.393996715545654297e-01 6.323906183242797852e-01 5.356724262237548828e-01
7.492024898529052734e-01 7.621313333511352539e-01 7.676032781600952148e-01 7.797722816467285156e-01 7.892175912857055664e-01 8.158689737319946289e-01 9.180135726928710938e-01 1.029927968978881836e+00 1.166844606399536133e+00 nan 1.069104433059692383e+00 9.489876031875610352e-01 8.358440399169921875e-01 7.846924066543579102e-01 6.815534830093383789e-01 5.781030654907226562e-01
7.691798210144042969e-01 7.653011083602905273e-01 7.324734926223754883e-01 7.163488864898681641e-01 7.281651496887207031e-01 7.544201612472534180e-01 8.052830696105957031e-01 9.105107784271240234e-01 1.021987199783325195e+00 1.185662269592285156e+00 nan 1.047076463699340820e+00 9.282383918762207031e-01 8.250442743301391602e-01 7.321968078613281250e-01 6.256308555603027344e-01
7.498165369033813477e-01 7.368628978729248047e-01 7.143127918243408203e-01 6.879308223724365234e-01 6.665805578231811523e-01 6.877074241638183594e-01 7.366362810134887695e-01 7.869836091995239258e-01 8.906986713409423828e-01 1.014143943786621094e+00 1.179097175598144531e+00 nan 1.025283098220825195e+00 9.077104330062866211e-01 7.843654155731201172e-01 6.745899915695190430e-01
5.604743957519531250e-01 6.799014806747436523e-01 6.590331792831420898e-01 6.366063356399536133e-01 6.144827604293823242e-01 6.075775623321533203e-01 6.608446836471557617e-01 7.158766984939575195e-01 7.688696384429931641e-01 8.705211877822875977e-01 9.960219860076904297e-01 1.166640281677246094e+00 nan 1.003721952438354492e+00 8.667154312133789062e-01 7.229144573211669922e-01
5.285130739212036133e-01 5.258857011795043945e-01 5.727541446685791016e-01 5.838325023651123047e-01 5.624221563339233398e-01 5.520099401473999023e-01 5.670821666717529297e-01 6.190074682235717773e-01 6.726533174514770508e-01 7.280765771865844727e-01 8.215163946151733398e-01 9.509505033493041992e-01 1.148696422576904297e+00 nan 9.646381139755249023e-01 7.782330513000488281e-01
4.937956333160400391e-01 4.942051172256469727e-01 4.886041879653930664e-01 4.875090122222900391e-01 5.120403766632080078e-01 5.043542385101318359e-01 5.153185129165649414e-01 5.276070833206176758e-01 5.782243013381958008e-01 6.305186748504638672e-01 6.869099140167236328e-01 7.612603902816772461e-01 8.853087425231933594e-01 1.039200305938720703e+00 nan 8.708984851837158203e-01
4.473427534103393555e-01 4.566032886505126953e-01 4.543267488479614258e-01 4.518827199935913086e-01 4.519890546798706055e-01 4.553455114364624023e-01 4.662085771560668945e-01 4.771528244018554688e-01 4.881787300109863281e-01 5.208318233489990234e-01 5.760319232940673828e-01 6.381933689117431641e-01 7.058576345443725586e-01 8.055355548858642578e-01 9.286035299301147461e-01 nan
