nan 1.008837461471557617e+00 9.652534723281860352e-01 9.118527173995971680e-01 8.965609073638916016e-01 8.766149282455444336e-01 8.465383052825927734e-01 8.154431581497192383e-01 7.848714590072631836e-01 7.980405092239379883e-01 8.106868267059326172e-01 8.222018480300903320e-01 8.181536197662353516e-01 7.595509290695190430e-01 7.028369903564453125e-01 6.421713829040527344e-01
9.569683074951171875e-01 nan 1.066287040710449219e+00 1.003270626068115234e+00 9.321165084838867188e-01 8.978594541549682617e-01 8.659000396728515625e-01 8.344787359237670898e-01 8.035867214202880859e-01 7.745734453201293945e-01 7.840399742126464844e-01 7.912847995758056641e-01 7.937595844268798828e-01 7.359430789947509766e-01 6.799902915954589844e-01 6.258407831192016602e-01
8.826124668121337891e-01 1.018828392028808594e+00 nan 1.098780632019042969e+00 1.023389339447021484e+00 9.459125995635986328e-01 8.854647874832153320e-01 8.537139892578125000e-01 8.287098407745361328e-01 7.890819311141967773e-01 7.537704706192016602e-01 7.608923912048339844e-01 7.680430412292480469e-01 7.126520872116088867e-01 6.574498414993286133e-01 6.040270328521728516e-01
8.228136301040649414e-01 9.422521591186523438e-01 1.079586982727050781e+00 nan 1.122156620025634766e+00 1.033217906951904297e+00 9.477384090423583984e-01 8.750258684158325195e-01 8.436188697814941406e-01 7.971265316009521484e-01 7.571053504943847656e-01 7.301311492919921875e-01 7.372572422027587891e-01 6.903282403945922852e-01 6.357531547546386719e-01 5.829403400421142578e-01
7.827278375625610352e-01 8.673044443130493164e-01 9.909188747406005859e-01 1.102949857711791992e+00 nan 1.125881433486938477e+00 1.033613681793212891e+00 9.449821710586547852e-01 8.478915691375732422e-01 8.012915849685668945e-01 7.630383968353271484e-01 7.238913774490356445e-01 7.045828104019165039e-01 6.707118749618530273e-01 6.167702674865722656e-01 5.645701885223388672e-01
7.670110464096069336e-01 8.308070898056030273e-01 8.999832868576049805e-01 1.003096103668212891e+00 1.118520975112915039e+00 nan 1.143993139266967773e+00 1.017898559570312500e+00 9.072365760803222656e-01 8.153105974197387695e-01 7.691030502319335938e-01 7.297122478485107422e-01 6.913051605224609375e-01 6.513233184814453125e-01 5.980076789855957031e-01 5.464133024215698242e-01
7.454775571823120117e-01 8.154075145721435547e-01 8.580758571624755859e-01 9.090894460678100586e-01 1.009227752685546875e+00 1.144187688827514648e+00 nan 1.119354248046875000e+00 1.003128528594970703e+00 8.932765722274780273e-01 8.091022968292236328e-01 7.616764307022094727e-01 7.154939174652099609e-01 6.546407938003540039e-01 5.835887193679809570e-01 5.284671783447265625e-01
7.238936424255371094e-01 7.968354225158691406e-01 8.340098857879638672e-01 8.578259944915771484e-01 9.129720926284790039e-01 1.006420850753784180e+00 1.123493671417236328e+00 nan 1.103841543197631836e+00 9.884666204452514648e-01 8.750859498977661133e-01 8.015079498291015625e-01 7.542810440063476562e-01 7.044734954833984375e-01 5.996131896972656250e-01 5.373778343200683594e-01
7.448562383651733398e-01 7.692170143127441406e-01 8.002814054489135742e-01 8.177807331085205078e-01 8.292272090911865234e-01 8.883866071701049805e-01 9.985721111297607422e-01 1.118777990341186523e+00 nan 1.088442325592041016e+00 9.694554805755615234e-01 8.551236391067504883e-01 7.939453125000000000e-01 7.469167709350585938e-01 6.477888822555541992e-01 5.486639738082885742e-01
7.660735845565795898e-01 7.664115428924560547e-01 7.553392648696899414e-01 7.737628221511840820e-01 7.810277938842773438e-01 7.977309226989746094e-01 8.809995651245117188e-01 9.907541275024414062e-01 1.137178182601928711e+00 nan 1.068574428558349609e+00 9.484884738922119141e-01 8.353738784790039062e-01 7.864145040512084961e-01 6.974153518676757812e-01 5.929889678955078125e-01
7.768359184265136719e-01 7.690761089324951172e-01 7.464467287063598633e-01 7.136725187301635742e-01 7.247023582458496094e-01 7.413862943649291992e-01 7.916675806045532227e-01 8.736414909362792969e-01 9.829666614532470703e-01 1.155738353729248047e+00 nan 1.046552181243896484e+00 9.277446269989013672e-01 8.268052339553833008e-01 7.485363483428955078e-01 6.409651041030883789e-01
7.587434053421020508e-01 7.552880048751831055e-01 7.327089309692382812e-01 7.015446424484252930e-01 6.696131229400634766e-01 6.751692295074462891e-01 7.237346172332763672e-01 7.737077474594116211e-01 8.590054512023925781e-01 9.917041063308715820e-01 1.141632080078125000e+00 nan 1.024764299392700195e+00 9.072217941284179688e-01 8.011970520019531250e-01 6.903861761093139648e-01
5.709083080291748047e-01 6.773536205291748047e-01 6.768360137939453125e-01 6.541686058044433594e-01 6.318074464797973633e-01 6.097487211227416992e-01 6.517889499664306641e-01 7.062617540359497070e-01 7.557284832000732422e-01 8.391662836074829102e-01 9.636095762252807617e-01 1.128471374511718750e+00 nan 1.003208637237548828e+00 8.820251226425170898e-01 7.412955760955810547e-01
5.387332439422607422e-01 5.355712175369262695e-01 5.597974061965942383e-01 6.008282899856567383e-01 5.791883468627929688e-01 5.594835281372070312e-01 5.708496570587158203e-01 6.101799011230468750e-01 6.635330915451049805e-01 7.186542749404907227e-01 7.947016954421997070e-01 9.283077716827392578e-01 1.117888450622558594e+00 nan 9.818825721740722656e-01 8.076541423797607422e-01
5.025653839111328125e-01 5.039032697677612305e-01 4.980530738830566406e-01 4.965928792953491211e-01 5.282659530639648438e-01 5.115984678268432617e-01 5.226154327392578125e-01 5.337128639221191406e-01 5.696190595626831055e-01 6.216282844543457031e-01 6.787950992584228516e-01 7.421903610229492188e-01 8.564466238021850586e-01 1.016201972961425781e+00 nan 9.082213640213012695e-01
4.559752941131591797e-01 4.652912616729736328e-01 4.636944532394409180e-01 4.608851671218872070e-01 4.609922170639038086e-01 4.624899625778198242e-01 4.734063148498535156e-01 4.844042062759399414e-01 4.954842329025268555e-01 5.138559341430664062e-01 5.698156356811523438e-01 6.311073303222656250e-01 6.984789371490478516e-01 7.813414335250854492e-01 9.138287305831909180e-01 nan
