nan 1.090077161788940430e+00 1.058577537536621094e+00 1.027552366256713867e+00 9.962940216064453125e-01 9.492242336273193359e-01 9.394423961639404297e-01 9.176199436187744141e-01 8.952052593231201172e-01 8.730529546737670898e-01 8.511592149734497070e-01 8.295216560363769531e-01 8.086466789245605469e-01 8.109487295150756836e-01 7.983442544937133789e-01 8.036319017410278320e-01 0.000000000000000000e+00 0.000000000000000000e+00 0.000000000000000000e+00 0.000000000000000000e+00 0.000000000000000000e+00 0.000000000000000000e+00
1.050395250320434570e+00 nan 1.131278276443481445e+00 1.099157333374023438e+00 1.061902046203613281e+00 1.013285398483276367e+00 9.617651700973510742e-01 9.315176010131835938e-01 9.089407920837402344e-01 8.866276741027832031e-01 8.645755052566528320e-01 8.427810668945312500e-01 8.205045461654663086e-01 7.980338335037231445e-01 7.821446657180786133e-01 7.882083654403686523e-01 0.000000000000000000e+00 0.000000000000000000e+00 0.000000000000000000e+00 0.000000000000000000e+00 0.000000000000000000e+00 0.000000000000000000e+00
9.928632974624633789e-01 1.095333099365234375e+00 nan 1.173291444778442383e+00 1.129666566848754883e+00 1.078865766525268555e+00 1.023163795471191406e+00 9.638329744338989258e-01 9.227757453918457031e-01 9.003008604049682617e-01 8.780888319015502930e-01 8.561364412307739258e-01 8.345170021057128906e-01 8.162037134170532227e-01 7.777923345565795898e-01 7.796658277511596680e-01 0.000000000000000000e+00 0.000000000000000000e+00 0.000000000000000000e+00 0.000000000000000000e+00 0.000000000000000000e+00 0.000000000000000000e+00
9.367243051528930664e-01 1.037464141845703125e+00 1.141255617141723633e+00 nan 1.199658393859863281e+00 1.146370172500610352e+00 1.086484432220458984e+00 1.025296449661254883e+00 9.659031629562377930e-01 9.140733480453491211e-01 8.917003870010375977e-01 8.750686645507812500e-01 8.569515943527221680e-01 8.384143114089965820e-01 7.969864606857299805e-01 7.587375640869140625e-01 0.000000000000000000e+00 0.000000000000000000e+00 0.000000000000000000e+00 0.000000000000000000e+00 0.000000000000000000e+00 0.000000000000000000e+00
8.819785118103027344e-01 9.809460639953613281e-01 1.082313776016235352e+00 1.185716390609741211e+00 nan 1.216635465621948242e+00 1.151786327362060547e+00 1.088683605194091797e+00 1.027431249618530273e+00 9.679753780364990234e-01 9.155712127685546875e-01 8.986136913299560547e-01 8.796603679656982422e-01 8.608964681625366211e-01 8.072049617767333984e-01 7.552019357681274414e-01 0.000000000000000000e+00 0.000000000000000000e+00 0.000000000000000000e+00 0.000000000000000000e+00 0.000000000000000000e+00 0.000000000000000000e+00
8.272300958633422852e-01 9.233186244964599609e-01 1.024460315704345703e+00 1.121921539306640625e+00 1.207731485366821289e+00 nan 1.230388879776000977e+00 1.154990434646606445e+00 1.089182138442993164e+00 1.027974367141723633e+00 9.791499376296997070e-01 9.266393184661865234e-01 8.961479663848876953e-01 8.570663928985595703e-01 8.051768541336059570e-01 7.537360191345214844e-01 0.000000000000000000e+00 0.000000000000000000e+00 0.000000000000000000e+00 0.000000000000000000e+00 0.000000000000000000e+00 0.000000000000000000e+00
7.800414562225341797e-01 8.673677444458007812e-01 9.655669927597045898e-01 1.054342508316040039e+00 1.137473583221435547e+00 1.231546878814697266e+00 nan 1.243526935577392578e+00 1.167684555053710938e+00 1.094405651092529297e+00 1.038058996200561523e+00 9.821541309356689453e-01 9.079022407531738281e-01 8.446066379547119141e-01 7.981796264648437500e-01 7.578334808349609375e-01 0.000000000000000000e+00 0.000000000000000000e+00 0.000000000000000000e+00 0.000000000000000000e+00 0.000000000000000000e+00 0.000000000000000000e+00
7.662000656127929688e-01 8.222906589508056641e-01 9.083871841430664062e-01 9.889156818389892578e-01 1.066684722900390625e+00 1.146931886672973633e+00 1.250526666641235352e+00 nan 1.256742477416992188e+00 1.180709123611450195e+00 1.113839626312255859e+00 1.033044338226318359e+00 9.388324022293090820e-01 8.497576713562011719e-01 7.912095785140991211e-01 7.619405984878540039e-01 0.000000000000000000e+00 0.000000000000000000e+00 0.000000000000000000e+00 0.000000000000000000e+00 0.000000000000000000e+00 0.000000000000000000e+00
7.512708902359008789e-01 8.064903020858764648e-01 8.615858554840087891e-01 9.255726337432861328e-01 9.982405900955200195e-01 1.071062803268432617e+00 1.165191888809204102e+00 1.269667863845825195e+00 nan 1.269987583160400391e+00 1.187171459197998047e+00 1.085817575454711914e+00 9.891600608825683594e-01 9.013477563858032227e-01 8.187975883483886719e-01 7.829136848449707031e-01 0.000000000000000000e+00 0.000000000000000000e+00 0.000000000000000000e+00 0.000000000000000000e+00 0.000000000000000000e+00 0.000000000000000000e+00
7.354004383087158203e-01 7.921640872955322266e-01 8.407192230224609375e-01 8.828779458999633789e-01 9.320627450942993164e-01 1.002473115921020508e+00 1.083092451095581055e+00 1.183357715606689453e+00 1.282289505004882812e+00 nan 1.243944883346557617e+00 1.141698360443115234e+00 1.044375419616699219e+00 9.596502780914306641e-01 8.816888332366943359e-01 8.107255697250366211e-01 0.000000000000000000e+00 0.000000000000000000e+00 0.000000000000000000e+00 0.000000000000000000e+00 0.000000000000000000e+00 0.000000000000000000e+00
7.171322107315063477e-01 7.774791717529296875e-01 8.200864791870117188e-01 8.565155267715454102e-01 8.787534236907958984e-01 9.350789785385131836e-01 9.999728202819824219e-01 1.087877988815307617e+00 1.181516170501708984e+00 1.266583681106567383e+00 nan 1.211516380310058594e+00 1.111020803451538086e+00 1.027344942092895508e+00 9.467549324035644531e-01 8.677972555160522461e-01 0.000000000000000000e+00 0.000000000000000000e+00 0.000000000000000000e+00 0.000000000000000000e+00 0.000000000000000000e+00 0.000000000000000000e+00
7.177851200103759766e-01 7.617520093917846680e-01 8.029891252517700195e-01 8.286961317062377930e-01 8.454093933105468750e-01 8.622753620147705078e-01 9.220540523529052734e-01 9.965738058090209961e-01 1.074903011322021484e+00 1.155667304992675781e+00 1.259297370910644531e+00 nan 1.183405160903930664e+00 1.097378015518188477e+00 1.014057636260986328e+00 9.323829412460327148e-01 0.000000000000000000e+00 0.000000000000000000e+00 0.000000000000000000e+00 0.000000000000000000e+00 0.000000000000000000e+00 0.000000000000000000e+00
7.322193384170532227e-01 7.488603591918945312e-01 7.776511907577514648e-01 7.973164319992065430e-01 8.093935251235961914e-01 8.251067399978637695e-01 8.471708297729492188e-01 8.995603322982788086e-01 9.734998941421508789e-01 1.050317287445068359e+00 1.130124807357788086e+00 1.253882169723510742e+00 nan 1.188202619552612305e+00 1.083595991134643555e+00 9.992017745971679688e-01 0.000000000000000000e+00 0.000000000000000000e+00 0.000000000000000000e+00 0.000000000000000000e+00 0.000000000000000000e+00 0.000000000000000000e+00
7.461093664169311523e-01 7.578990459442138672e-01 7.509732246398925781e-01 7.654455900192260742e-01 7.823021411895751953e-01 7.942782640457153320e-01 8.013783693313598633e-01 8.144553899765014648e-01 8.871096372604370117e-01 9.626728296279907227e-01 1.041261911392211914e+00 1.134591341018676758e+00 1.270369529724121094e+00 nan 1.170273303985595703e+00 1.068331241607666016e+00 0.000000000000000000e+00 0.000000000000000000e+00 0.000000000000000000e+00 0.000000000000000000e+00 0.000000000000000000e+00 0.000000000000000000e+00
7.598912715911865234e-01 7.597638368606567383e-01 7.524237632751464844e-01 7.409261465072631836e-01 7.517459392547607422e-01 7.633857727050781250e-01 7.683829069137573242e-01 7.733941078186035156e-01 8.095387220382690430e-01 8.819959163665771484e-01 9.573544263839721680e-01 1.035730361938476562e+00 1.147408008575439453e+00 1.286978006362915039e+00 nan 1.154596328735351562e+00 0.000000000000000000e+00 0.000000000000000000e+00 0.000000000000000000e+00 0.000000000000000000e+00 0.000000000000000000e+00 0.000000000000000000e+00
7.656308412551879883e-01 7.616304159164428711e-01 7.538753747940063477e-01 7.423683404922485352e-01 7.256375551223754883e-01 7.211397886276245117e-01 7.293343544006347656e-01 7.375681400299072266e-01 7.687536478042602539e-01 8.046352863311767578e-01 8.768960237503051758e-01 9.520504474639892578e-01 1.034532546997070312e+00 1.160301685333251953e+00 1.270048379898071289e+00 nan 0.000000000000000000e+00 0.000000000000000000e+00 0.000000000000000000e+00 0.000000000000000000e+00 0.000000000000000000e+00 0.000000000000000000e+00
7.516866922378540039e-01 7.545515298843383789e-01 7.525261640548706055e-01 7.398433685302734375e-01 7.171734571456909180e-01 6.947991847991943359e-01 6.864326000213623047e-01 6.944620609283447266e-01 7.219134569168090820e-01 7.563216686248779297e-01 7.947192192077636719e-01 8.701703548431396484e-01 9.467607736587524414e-01 1.046748638153076172e+00 1.149980306625366211e+00 1.259310722351074219e+00 nan 0.000000000000000000e+00 0.000000000000000000e+00 0.000000000000000000e+00 0.000000000000000000e+00 0.000000000000000000e+00
5.908252000808715820e-01 7.178454399108886719e-01 7.198337316513061523e-01 7.047225236892700195e-01 6.887352466583251953e-01 6.728980541229248047e-01 6.572092771530151367e-01 6.513650417327880859e-01 6.763138771057128906e-01 7.098108530044555664e-01 7.439769506454467773e-01 7.814372777938842773e-01 8.563302755355834961e-01 9.343715906143188477e-01 1.032215356826782227e+00 1.139173507690429688e+00 0.000000000000000000e+00 nan 0.000000000000000000e+00 0.000000000000000000e+00 0.000000000000000000e+00 0.000000000000000000e+00
5.640640258789062500e-01 5.677366256713867188e-01 6.419687271118164062e-01 6.664746999740600586e-01 6.508461236953735352e-01 6.353641748428344727e-01 6.200273036956787109e-01 6.048344373703002930e-01 6.138437986373901367e-01 6.506786346435546875e-01 6.883542537689208984e-01 7.268897294998168945e-01 7.682259082794189453e-01 8.425924777984619141e-01 9.160602092742919922e-01 1.012777328491210938e+00 0.000000000000000000e+00 0.000000000000000000e+00 nan 0.000000000000000000e+00 0.000000000000000000e+00 0.000000000000000000e+00
5.456534624099731445e-01 5.448073148727416992e-01 5.415159463882446289e-01 5.615493059158325195e-01 6.138069629669189453e-01 5.986723899841308594e-01 5.836796760559082031e-01 5.688276290893554688e-01 5.718250274658203125e-01 5.855889320373535156e-01 6.217789649963378906e-01 6.587948799133300781e-01 6.966557502746582031e-01 7.353808879852294922e-01 8.035823106765747070e-01 8.840363025665283203e-01 0.000000000000000000e+00 0.000000000000000000e+00 0.000000000000000000e+00 nan 0.000000000000000000e+00 0.000000000000000000e+00
5.211890935897827148e-01 5.222133398056030273e-01 5.194365978240966797e-01 5.153422355651855469e-01 5.139073133468627930e-01 5.628038644790649414e-01 5.481475591659545898e-01 5.336287021636962891e-01 5.382513999938964844e-01 5.460044145584106445e-01 5.578289031982421875e-01 5.933851003646850586e-01 6.297532320022583008e-01 6.669511795043945312e-01 7.074975967407226562e-01 7.578368186950683594e-01 0.000000000000000000e+00 0.000000000000000000e+00 0.000000000000000000e+00 0.000000000000000000e+00 nan 0.000000000000000000e+00
4.908456802368164062e-01 4.974431991577148438e-01 4.974068403244018555e-01 4.935524463653564453e-01 4.910660982131958008e-01 4.909615516662597656e-01 5.056010484695434570e-01 4.992195367813110352e-01 5.053949356079101562e-01 5.129823684692382812e-01 5.206079483032226562e-01 5.305547714233398438e-01 5.654885768890380859e-01 6.012198925018310547e-01 6.401925086975097656e-01 6.804243326187133789e-01 0.000000000000000000e+00 0.000000000000000000e+00 0.000000000000000000e+00 0.000000000000000000e+00 0.000000000000000000e+00 nan
