nan 1.001362323760986328e+00 9.582796096801757812e-01 9.098323583602905273e-01 8.883390426635742188e-01 8.687899112701416016e-01 8.494431972503662109e-01 8.198369741439819336e-01 7.893278598785400391e-01 7.896889448165893555e-01 7.965421676635742188e-01 8.135617971420288086e-01 7.971404790878295898e-01 7.334402799606323242e-01 6.719980239868164062e-01 6.127333641052246094e-01
9.693729877471923828e-01 nan 1.060543060302734375e+00 1.002697706222534180e+00 9.318453073501586914e-01 8.928906917572021484e-01 8.709090948104858398e-01 8.395439386367797852e-01 8.087046146392822266e-01 7.694978713989257812e-01 7.745788097381591797e-01 7.877478599548339844e-01 7.825169563293457031e-01 7.252974510192871094e-01 6.654064655303955078e-01 6.063755750656127930e-01
8.927531242370605469e-01 1.033940315246582031e+00 nan 1.099741458892822266e+00 1.024666309356689453e+00 9.522752761840820312e-01 8.911693096160888672e-01 8.594644069671630859e-01 8.282911777496337891e-01 7.905423641204833984e-01 7.504492998123168945e-01 7.575988769531250000e-01 7.596670389175415039e-01 7.031811475753784180e-01 6.485084295272827148e-01 5.955908298492431641e-01
8.262100219726562500e-01 9.571233987808227539e-01 1.100750207901000977e+00 nan 1.123856782913208008e+00 1.047676563262939453e+00 9.617526531219482422e-01 8.805522918701171875e-01 8.503456115722656250e-01 8.096119165420532227e-01 7.567938566207885742e-01 7.277084589004516602e-01 7.348653078079223633e-01 6.813964843750000000e-01 6.273763179779052734e-01 5.751371383666992188e-01
7.765834331512451172e-01 8.867748975753784180e-01 1.018317222595214844e+00 1.138960361480712891e+00 nan 1.143736600875854492e+00 1.049006223678588867e+00 9.630264043807983398e-01 8.715797662734985352e-01 8.162274360656738281e-01 7.634150981903076172e-01 7.244110107421875000e-01 7.024135589599609375e-01 6.628912687301635742e-01 6.094210147857666016e-01 5.576701164245605469e-01
7.714648246765136719e-01 8.316262960433959961e-01 9.391188621520996094e-01 1.047569036483764648e+00 1.168580532073974609e+00 nan 1.162707090377807617e+00 1.058024644851684570e+00 9.311586618423461914e-01 8.253839015960693359e-01 7.723263502120971680e-01 7.309103012084960938e-01 6.926251649856567383e-01 6.445896625518798828e-01 5.917079448699951172e-01 5.405265092849731445e-01
7.523074150085449219e-01 8.201484680175781250e-01 8.698582649230957031e-01 9.510689973831176758e-01 1.054770708084106445e+00 1.195989847183227539e+00 nan 1.158177137374877930e+00 1.028897762298583984e+00 9.177695512771606445e-01 8.129179477691650391e-01 7.655056715011596680e-01 7.193332910537719727e-01 6.544106006622314453e-01 5.799090862274169922e-01 5.235717296600341797e-01
7.297403812408447266e-01 8.040108680725097656e-01 8.412494659423828125e-01 8.668774366378784180e-01 9.579310417175292969e-01 1.076427698135375977e+00 1.200979948043823242e+00 nan 1.131583690643310547e+00 1.014831066131591797e+00 9.011712074279785156e-01 8.059409856796264648e-01 7.587110996246337891e-01 7.055801153182983398e-01 6.009347438812255859e-01 5.347478389739990234e-01
7.319799661636352539e-01 7.816886901855468750e-01 8.181422948837280273e-01 8.414906263351440430e-01 8.656115531921386719e-01 9.462475776672363281e-01 1.059956312179565430e+00 1.194650888442993164e+00 nan 1.116804838180541992e+00 9.974880218505859375e-01 8.816632032394409180e-01 7.989908456802368164e-01 7.519427537918090820e-01 6.504503488540649414e-01 5.491876602172851562e-01
7.531634569168090820e-01 7.692956924438476562e-01 7.832971811294555664e-01 8.025020360946655273e-01 8.159638643264770508e-01 8.323352336883544922e-01 9.393887519836425781e-01 1.052696704864501953e+00 1.213248968124389648e+00 nan 1.105655670166015625e+00 9.769917726516723633e-01 8.623552322387695312e-01 7.920675277709960938e-01 7.014975547790527344e-01 5.969128608703613281e-01
7.733393907546997070e-01 7.721480131149291992e-01 7.553988695144653320e-01 7.590552568435668945e-01 7.688053846359252930e-01 7.762060165405273438e-01 8.258776664733886719e-01 9.325537681579589844e-01 1.046841859817504883e+00 1.232005119323730469e+00 nan 1.086753845214843750e+00 9.564088582992553711e-01 8.428345918655395508e-01 7.528432607650756836e-01 6.450071334838867188e-01
7.667487859725952148e-01 7.674375772476196289e-01 7.547063827514648438e-01 7.217977046966552734e-01 7.087596654891967773e-01 7.206549644470214844e-01 7.621157169342041016e-01 8.192379474639892578e-01 9.253886938095092773e-01 1.064469814300537109e+00 1.237218141555786133e+00 nan 1.068363428115844727e+00 9.355809688568115234e-01 8.056337833404541016e-01 6.945497989654541016e-01
5.781214237213134766e-01 7.115608453750610352e-01 7.015422582626342773e-01 6.785408258438110352e-01 6.558502912521362305e-01 6.477763652801513672e-01 6.920893192291259766e-01 7.442538738250732422e-01 7.999660968780517578e-01 9.102832078933715820e-01 1.067434072494506836e+00 1.229680061340332031e+00 nan 1.050135135650634766e+00 9.085112810134887695e-01 7.455846071243286133e-01
5.513426065444946289e-01 5.486834049224853516e-01 5.914212465286254883e-01 6.244146823883056641e-01 6.024558544158935547e-01 5.807938575744628906e-01 5.965628623962402344e-01 6.494649648666381836e-01 7.041199207305908203e-01 7.605859041213989258e-01 8.738536834716796875e-01 1.050825595855712891e+00 1.222167253494262695e+00 nan 1.032067775726318359e+00 8.330934047698974609e-01
5.162427425384521484e-01 5.167006254196166992e-01 5.108448266983032227e-01 5.097198486328125000e-01 5.507830381393432617e-01 5.298196077346801758e-01 5.365376472473144531e-01 5.563451051712036133e-01 6.079145669937133789e-01 6.611927747726440430e-01 7.186069488525390625e-01 8.146855831146240234e-01 9.469628334045410156e-01 1.144304275512695312e+00 nan 9.578933715820312500e-01
4.696462154388427734e-01 4.790495634078979492e-01 4.766123294830322266e-01 4.741176366806030273e-01 4.742257595062255859e-01 4.762818813323974609e-01 4.873012304306030273e-01 4.984028339385986328e-01 5.095872879028320312e-01 5.549112558364868164e-01 6.110571622848510742e-01 6.772016286849975586e-01 7.464772462844848633e-01 8.749538660049438477e-01 1.035706996917724609e+00 nan
