nan 9.370807409286499023e-01 8.950535058975219727e-01 8.668905496597290039e-01 8.571056127548217773e-01 8.375742435455322266e-01 8.182488679885864258e-01 7.949142456054687500e-01 7.797152996063232422e-01 8.071935176849365234e-01 8.241231441497802734e-01 8.322774171829223633e-01 8.307211399078369141e-01 7.717131376266479492e-01 7.146073579788208008e-01 6.544065475463867188e-01
9.178180694580078125e-01 nan 9.924781322479248047e-01 9.344481229782104492e-01 8.796644210815429688e-01 8.598961830139160156e-01 8.416229486465454102e-01 8.207486867904663086e-01 8.001110553741455078e-01 7.890108823776245117e-01 7.939046621322631836e-01 8.011895418167114258e-01 8.061584234237670898e-01 7.479423284530639648e-01 6.916027069091796875e-01 6.370788812637329102e-01
8.609373569488525391e-01 9.735931158065795898e-01 nan 1.026880979537963867e+00 9.540727138519287109e-01 8.841912746429443359e-01 8.681298494338989258e-01 8.469550609588623047e-01 8.260203599929809570e-01 7.902358770370483398e-01 7.634677886962890625e-01 7.706290483474731445e-01 7.778193950653076172e-01 7.244904041290283203e-01 6.689065694808959961e-01 6.151143312454223633e-01
8.031899929046630859e-01 9.129813909530639648e-01 1.029317378997802734e+00 nan 1.049076557159423828e+00 9.788815975189208984e-01 9.069496393203735352e-01 8.716367483139038086e-01 8.410558700561523438e-01 7.986392974853515625e-01 7.571353912353515625e-01 7.398942708969116211e-01 7.470605373382568359e-01 7.018239498138427734e-01 6.468777656555175781e-01 5.937056541442871094e-01
7.809382677078247070e-01 8.520243167877197266e-01 9.579558372497558594e-01 1.061497688293457031e+00 nan 1.062975645065307617e+00 9.876503944396972656e-01 9.042898416519165039e-01 8.469129800796508789e-01 8.028076887130737305e-01 7.630686759948730469e-01 7.239209413528442383e-01 7.142016887664794922e-01 6.820741891860961914e-01 6.277657747268676758e-01 5.752106904983520508e-01
7.666109800338745117e-01 8.289508819580078125e-01 8.824844360351562500e-01 9.763915538787841797e-01 1.074060440063476562e+00 nan 1.069916963577270508e+00 9.662880897521972656e-01 8.678470849990844727e-01 8.069858551025390625e-01 7.690219879150390625e-01 7.297420501708984375e-01 6.913343667984008789e-01 6.625536680221557617e-01 6.088755130767822266e-01 5.569303035736083984e-01
7.450823783874511719e-01 8.151313066482543945e-01 8.591997623443603516e-01 8.963971138000488281e-01 9.901129007339477539e-01 1.103617668151855469e+00 nan 1.066928863525390625e+00 9.627585411071777344e-01 8.551205396652221680e-01 7.989815473556518555e-01 7.518210411071777344e-01 7.058967351913452148e-01 6.472787857055664062e-01 5.902043581008911133e-01 5.388621091842651367e-01
7.272919416427612305e-01 7.970166206359863281e-01 8.351191282272338867e-01 8.604915142059326172e-01 9.046291112899780273e-01 9.869323968887329102e-01 1.102867841720581055e+00 nan 1.061441898345947266e+00 9.483921527862548828e-01 8.396564722061157227e-01 7.914296388626098633e-01 7.444671392440795898e-01 6.968897581100463867e-01 5.970506668090820312e-01 5.391478538513183594e-01
7.482957839965820312e-01 7.713233232498168945e-01 8.068388700485229492e-01 8.244018554687500000e-01 8.322938680648803711e-01 8.700445890426635742e-01 9.791598320007324219e-01 1.098263263702392578e+00 nan 1.046353101730346680e+00 9.311836957931518555e-01 8.319337368011474609e-01 7.839093208312988281e-01 7.371438741683959961e-01 6.404570341110229492e-01 5.504469871520996094e-01
7.695550918579101562e-01 7.766989469528198242e-01 7.638421058654785156e-01 7.767364978790283203e-01 7.840137481689453125e-01 7.955358028411865234e-01 8.627293109893798828e-01 9.714176654815673828e-01 1.116485357284545898e+00 nan 1.028229236602783203e+00 9.107085466384887695e-01 8.242434263229370117e-01 7.764207124710083008e-01 6.898627281188964844e-01 5.859011411666870117e-01
7.871576547622680664e-01 7.797024250030517578e-01 7.510980367660522461e-01 7.182368040084838867e-01 7.271844148635864258e-01 7.390753030776977539e-01 7.892593145370483398e-01 8.554426431655883789e-01 9.637058973312377930e-01 1.134865760803222656e+00 nan 1.006870746612548828e+00 8.903669118881225586e-01 8.165855407714843750e-01 7.407563924789428711e-01 6.336637735366821289e-01
7.715454101562500000e-01 7.625644207000732422e-01 7.387053966522216797e-01 7.060765027999877930e-01 6.740599870681762695e-01 6.771019697189331055e-01 7.212218046188354492e-01 7.711222171783447266e-01 8.405126333236694336e-01 9.719521999359130859e-01 1.129979133605957031e+00 nan 9.855054616928100586e-01 8.702421188354492188e-01 7.931828498840332031e-01 6.828650236129760742e-01
5.720474720001220703e-01 6.863248348236083984e-01 6.837594509124755859e-01 6.609983444213867188e-01 6.385449171066284180e-01 6.163951158523559570e-01 6.511968374252319336e-01 7.037744522094726562e-01 7.531690597534179688e-01 8.208706378936767578e-01 9.528213739395141602e-01 1.102774858474731445e+00 nan 9.643677473068237305e-01 8.476587533950805664e-01 7.335478067398071289e-01
5.398490428924560547e-01 5.369204282760620117e-01 5.681139230728149414e-01 6.074379682540893555e-01 5.857084989547729492e-01 5.642728805541992188e-01 5.724085569381713867e-01 6.096026897430419922e-01 6.629368066787719727e-01 7.180382013320922852e-01 7.812503576278686523e-01 9.182640314102172852e-01 1.082097530364990234e+00 nan 9.434549808502197266e-01 7.857571840286254883e-01
5.039740800857543945e-01 5.052245855331420898e-01 4.993692636489868164e-01 4.979565143585205078e-01 5.345759391784667969e-01 5.138314962387084961e-01 5.241264104843139648e-01 5.352349281311035156e-01 5.690563917160034180e-01 6.210470199584960938e-01 6.772595643997192383e-01 7.391307353973388672e-01 8.401131629943847656e-01 9.791111946105957031e-01 nan 8.763910531997680664e-01
4.576467275619506836e-01 4.669733047485351562e-01 4.652884006500244141e-01 4.625235795974731445e-01 4.626307487487792969e-01 4.642490148544311523e-01 4.751785993576049805e-01 4.861897230148315430e-01 4.972831010818481445e-01 5.162861347198486328e-01 5.714608430862426758e-01 6.314413547515869141e-01 6.988266706466674805e-01 7.734004259109497070e-01 8.839766979217529297e-01 nan
