nan 1.081021785736083984e+00 1.036224365234375000e+00 9.868214130401611328e-01 9.500252008438110352e-01 9.249196052551269531e-01 8.926490545272827148e-01 8.656758069992065430e-01 8.551106452941894531e-01 8.733063936233520508e-01 8.495583534240722656e-01 8.115204572677612305e-01 7.851650714874267578e-01 7.278605699539184570e-01 6.723958253860473633e-01 6.187112331390380859e-01
1.059893131256103516e+00 nan 1.142558097839355469e+00 1.083430051803588867e+00 1.010018110275268555e+00 9.457646608352661133e-01 9.181443452835083008e-01 9.072818756103515625e-01 8.964807987213134766e-01 8.697547912597656250e-01 8.123379945755004883e-01 7.816513776779174805e-01 7.622812986373901367e-01 7.057113647460937500e-01 6.509574651718139648e-01 5.979611873626708984e-01
9.797515869140625000e-01 1.127428054809570312e+00 nan 1.184708356857299805e+00 1.106304883956909180e+00 1.023224592208862305e+00 9.609203338623046875e-01 9.498157501220703125e-01 9.352096319198608398e-01 8.801159858703613281e-01 7.795808315277099609e-01 7.522746324539184570e-01 7.396907806396484375e-01 6.838461160659790039e-01 6.297707557678222656e-01 5.772398710250854492e-01
9.028519392013549805e-01 1.047588348388671875e+00 1.195734977722167969e+00 nan 1.201876878738403320e+00 1.132535219192504883e+00 1.066690444946289062e+00 1.002879142761230469e+00 9.445928335189819336e-01 8.729759454727172852e-01 7.849311828613281250e-01 7.201484441757202148e-01 7.171921730041503906e-01 6.617498397827148438e-01 6.080974340438842773e-01 5.561774969100952148e-01
8.240904808044433594e-01 9.644141197204589844e-01 1.105496644973754883e+00 1.225335836410522461e+00 nan 1.249074220657348633e+00 1.164673089981079102e+00 1.071779966354370117e+00 9.377100467681884766e-01 8.549766540527343750e-01 7.749463319778442383e-01 7.129894495010375977e-01 6.901543140411376953e-01 6.424651145935058594e-01 5.894355773925781250e-01 5.381180047988891602e-01
7.845313549041748047e-01 8.830313682556152344e-01 1.009828090667724609e+00 1.119778871536254883e+00 1.271688699722290039e+00 nan 1.283676624298095703e+00 1.141901254653930664e+00 1.000020027160644531e+00 8.675378561019897461e-01 7.801965475082397461e-01 7.264446020126342773e-01 6.811856031417846680e-01 6.234043836593627930e-01 5.709900856018066406e-01 5.202680826187133789e-01
7.540632486343383789e-01 8.504966497421264648e-01 9.173829555511474609e-01 1.019125938415527344e+00 1.153345584869384766e+00 1.322713851928710938e+00 nan 1.222671747207641602e+00 1.075440883636474609e+00 9.379621744155883789e-01 8.130077123641967773e-01 7.654794454574584961e-01 7.191970348358154297e-01 6.440933942794799805e-01 5.701050758361816406e-01 5.131791830062866211e-01
7.217946052551269531e-01 8.234286308288574219e-01 8.759776353836059570e-01 9.232523441314697266e-01 1.039612531661987305e+00 1.148183584213256836e+00 1.266321182250976562e+00 nan 1.153705358505249023e+00 1.015599012374877930e+00 8.994399309158325195e-01 8.053969144821166992e-01 7.580680847167968750e-01 6.936088800430297852e-01 5.894166231155395508e-01 5.242877006530761719e-01
7.226505279541015625e-01 7.843098640441894531e-01 8.332593441009521484e-01 8.588963747024536133e-01 8.850575685501098633e-01 9.828510284423828125e-01 1.095292806625366211e+00 1.214110612869262695e+00 nan 1.115987539291381836e+00 9.950351715087890625e-01 8.792183399200439453e-01 7.978179454803466797e-01 7.446151971817016602e-01 6.372852325439453125e-01 5.365582704544067383e-01
7.433239221572875977e-01 7.508672475814819336e-01 7.737594842910766602e-01 7.890378236770629883e-01 7.939218282699584961e-01 8.444125652313232422e-01 9.503915309906005859e-01 1.064194917678833008e+00 1.210341215133666992e+00 nan 1.095441579818725586e+00 9.737958908081054688e-01 8.592120409011840820e-01 7.902709245681762695e-01 6.865954399108886719e-01 5.828348398208618164e-01
7.607537508010864258e-01 7.539777755737304688e-01 7.266430854797363281e-01 7.184891700744628906e-01 7.303202152252197266e-01 7.643276453018188477e-01 8.329857587814331055e-01 9.427620172500610352e-01 1.056120157241821289e+00 1.232796430587768555e+00 nan 1.073133468627929688e+00 9.527826309204101562e-01 8.394188880920410156e-01 7.373906373977661133e-01 6.305052042007446289e-01
7.382823228836059570e-01 7.307045459747314453e-01 7.082409858703613281e-01 6.822502613067626953e-01 6.686588525772094727e-01 6.972380876541137695e-01 7.464431524276733398e-01 8.134242296218872070e-01 9.245659112930297852e-01 1.056659698486328125e+00 1.213644981384277344e+00 nan 1.051062345504760742e+00 9.319933652877807617e-01 7.897157669067382812e-01 6.796112060546875000e-01
5.614551305770874023e-01 6.739450693130493164e-01 6.531572341918945312e-01 6.308097839355468750e-01 6.087645292282104492e-01 6.164401769638061523e-01 6.700007915496826172e-01 7.253361940383911133e-01 7.940713167190551758e-01 9.040271043777465820e-01 1.026686191558837891e+00 1.202638626098632812e+00 nan 1.029226779937744141e+00 8.869019746780395508e-01 7.220522165298461914e-01
5.294736623764038086e-01 5.268359184265136719e-01 5.729782581329345703e-01 5.782228708267211914e-01 5.568883419036865234e-01 5.533530712127685547e-01 5.757215023040771484e-01 6.279330253601074219e-01 6.818745136260986328e-01 7.396063804626464844e-01 8.518733978271484375e-01 9.825541973114013672e-01 1.183503389358520508e+00 nan 9.824532270431518555e-01 7.943577766418457031e-01
4.944517612457275391e-01 4.951465129852294922e-01 4.895311594009399414e-01 4.884238243103027344e-01 5.066851377487182617e-01 5.056561231613159180e-01 5.166299343109130859e-01 5.360287427902221680e-01 5.869249105453491211e-01 6.395077705383300781e-01 6.974054574966430664e-01 7.915526628494262695e-01 9.177347421646118164e-01 1.064322471618652344e+00 nan 8.892141580581665039e-01
4.478232860565185547e-01 4.570870399475097656e-01 4.550764560699462891e-01 4.526199102401733398e-01 4.527264833450317383e-01 4.564489126205444336e-01 4.673202037811279297e-01 4.782726764678955078e-01 4.893070459365844727e-01 5.276870727539062500e-01 5.842521190643310547e-01 6.472920179367065430e-01 7.153319120407104492e-01 8.325036764144897461e-01 9.503303766250610352e-01 nan
