nan 9.845033884048461914e-01 9.417835474014282227e-01 8.999828100204467773e-01 8.830116987228393555e-01 8.635176420211791992e-01 8.442256450653076172e-01 8.251332044601440430e-01 7.995775938034057617e-01 8.063778877258300781e-01 7.958205938339233398e-01 8.028626441955566406e-01 7.607380151748657227e-01 7.042177915573120117e-01 6.444482803344726562e-01 5.861603021621704102e-01
9.553662538528442383e-01 nan 1.043185472488403320e+00 9.931409358978271484e-01 9.227464199066162109e-01 8.875507116317749023e-01 8.680098056793212891e-01 8.486713171005249023e-01 8.190650939941406250e-01 7.846161127090454102e-01 7.653887271881103516e-01 7.724589109420776367e-01 7.381672859191894531e-01 6.823714971542358398e-01 6.283669471740722656e-01 5.760957002639770508e-01
8.792915344238281250e-01 1.019474267959594727e+00 nan 1.089851617813110352e+00 1.015130043029785156e+00 9.430801868438720703e-01 8.921006917953491211e-01 8.701156377792358398e-01 8.387638330459594727e-01 7.815828323364257812e-01 7.354793548583984375e-01 7.425677776336669922e-01 7.158858776092529297e-01 6.608054637908935547e-01 6.074930429458618164e-01 5.558919906616210938e-01
8.095899820327758789e-01 9.443898200988769531e-01 1.089230775833129883e+00 nan 1.115143299102783203e+00 1.039324760437011719e+00 9.662237167358398438e-01 8.922730684280395508e-01 8.412603139877319336e-01 7.913684844970703125e-01 7.328819036483764648e-01 7.122962474822998047e-01 6.946510076522827148e-01 6.401596069335937500e-01 5.874203443527221680e-01 5.363768339157104492e-01
7.557998895645141602e-01 8.744990825653076172e-01 1.012570381164550781e+00 1.133002519607543945e+00 nan 1.143894433975219727e+00 1.056281328201293945e+00 9.488062858581542969e-01 8.427306413650512695e-01 7.975955009460449219e-01 7.394130229949951172e-01 7.009397745132446289e-01 6.759998798370361328e-01 6.221081018447875977e-01 5.699492692947387695e-01 5.194677114486694336e-01
7.454655170440673828e-01 8.232579231262207031e-01 9.335974454879760742e-01 1.048176765441894531e+00 1.172103166580200195e+00 nan 1.151470422744750977e+00 1.021975755691528320e+00 9.002751111984252930e-01 8.152978420257568359e-01 7.639384269714355469e-01 7.178071737289428711e-01 6.728821992874145508e-01 6.042553186416625977e-01 5.526705980300903320e-01 5.027445554733276367e-01
7.315253019332885742e-01 8.113124370574951172e-01 8.789077997207641602e-01 9.576302766799926758e-01 1.061680793762207031e+00 1.189551353454589844e+00 nan 1.120262861251831055e+00 9.949941635131835938e-01 8.947823047637939453e-01 8.043379783630371094e-01 7.571500539779663086e-01 7.111961841583251953e-01 6.206549406051635742e-01 5.550329685211181641e-01 4.988224506378173828e-01
7.099703550338745117e-01 7.904208898544311523e-01 8.430887460708618164e-01 8.752058744430541992e-01 9.559512138366699219e-01 1.048624992370605469e+00 1.165897846221923828e+00 nan 1.097805500030517578e+00 9.906803369522094727e-01 8.804885149002075195e-01 7.973941564559936523e-01 7.503877878189086914e-01 6.707805395126342773e-01 5.682703256607055664e-01 5.105828046798706055e-01
7.226167917251586914e-01 7.670468091964721680e-01 8.071184158325195312e-01 8.347710371017456055e-01 8.403942584991455078e-01 9.179692268371582031e-01 1.030944824218750000e+00 1.150575160980224609e+00 nan 1.091431856155395508e+00 9.757575988769531250e-01 8.611927032470703125e-01 7.904767990112304688e-01 7.224564552307128906e-01 6.167757511138916016e-01 5.224355459213256836e-01
7.431848049163818359e-01 7.635790109634399414e-01 7.761695384979248047e-01 7.885296344757080078e-01 7.960127592086791992e-01 8.164676427841186523e-01 9.157837629318237305e-01 1.027712583541870117e+00 1.163061857223510742e+00 nan 1.075853109359741211e+00 9.554842710494995117e-01 8.420947790145874023e-01 7.757306098937988281e-01 6.667813062667846680e-01 5.645165443420410156e-01
7.632167339324951172e-01 7.720445394515991211e-01 7.407244443893432617e-01 7.253843545913696289e-01 7.373956441879272461e-01 7.574931383132934570e-01 8.085405826568603516e-01 9.090322256088256836e-01 1.020566701889038086e+00 1.181392431259155273e+00 nan 1.054552555084228516e+00 9.354187250137329102e-01 8.244357109069824219e-01 7.183334827423095703e-01 6.129057407379150391e-01
7.523494958877563477e-01 7.437462806701660156e-01 7.209943532943725586e-01 6.960802078247070312e-01 6.760514974594116211e-01 6.910614967346191406e-01 7.401795387268066406e-01 7.907242774963378906e-01 8.919529914855957031e-01 1.011952400207519531e+00 1.201063156127929688e+00 nan 1.033470630645751953e+00 9.155595302581787109e-01 7.714800834655761719e-01 6.627916097640991211e-01
5.606645345687866211e-01 6.866489648818969727e-01 6.655881404876708984e-01 6.430922746658325195e-01 6.209003925323486328e-01 6.100419759750366211e-01 6.634786128997802734e-01 7.186887264251708984e-01 7.730833292007446289e-01 8.723731040954589844e-01 1.016576051712036133e+00 1.193190097808837891e+00 nan 1.012604951858520508e+00 8.624858856201171875e-01 7.142204046249389648e-01
5.286211967468261719e-01 5.259487628936767578e-01 5.805225372314453125e-01 5.901939868927001953e-01 5.687165260314941406e-01 5.523374080657958984e-01 5.699369907379150391e-01 6.220425367355346680e-01 6.758774518966674805e-01 7.314991950988769531e-01 8.258459568023681641e-01 9.706797599792480469e-01 1.170317649841308594e+00 nan 9.733331203460693359e-01 7.841726541519165039e-01
4.947409629821777344e-01 4.940835237503051758e-01 4.885725975036621094e-01 4.876871109008789062e-01 5.182126760482788086e-01 5.045948028564453125e-01 5.155434608459472656e-01 5.308310985565185547e-01 5.816388130187988281e-01 6.341327428817749023e-01 6.888200044631958008e-01 7.687710523605346680e-01 8.934618234634399414e-01 1.059844970703125000e+00 nan 8.838562965393066406e-01
4.482514858245849609e-01 4.575011730194091797e-01 4.542886018753051758e-01 4.520493745803833008e-01 4.521391391754150391e-01 4.555710554122924805e-01 4.664189815521240234e-01 4.773477315902709961e-01 4.883580207824707031e-01 5.252189636230468750e-01 5.788685083389282227e-01 6.433423757553100586e-01 7.113097906112670898e-01 8.156776428222656250e-01 9.501720666885375977e-01 nan
