nan 1.035911321640014648e+00 1.005228042602539062e+00 9.750069379806518555e-01 9.452414512634277344e-01 9.231543540954589844e-01 9.148241281509399414e-01 9.008597135543823242e-01 8.821049928665161133e-01 8.601055145263671875e-01 8.383632898330688477e-01 8.168752193450927734e-01 8.058433532714843750e-01 8.180589675903320312e-01 8.083438873291015625e-01 8.160145282745361328e-01 0.000000000000000000e+00 0.000000000000000000e+00 0.000000000000000000e+00 0.000000000000000000e+00 0.000000000000000000e+00 0.000000000000000000e+00
1.013047933578491211e+00 nan 1.076044797897338867e+00 1.044756412506103516e+00 1.013113737106323242e+00 9.656473398208618164e-01 9.308972358703613281e-01 9.168156385421752930e-01 8.957452774047851562e-01 8.735865354537963867e-01 8.516867160797119141e-01 8.300429582595825195e-01 8.086520433425903320e-01 7.982378005981445312e-01 7.899101972579956055e-01 7.946488857269287109e-01 0.000000000000000000e+00 0.000000000000000000e+00 0.000000000000000000e+00 0.000000000000000000e+00 0.000000000000000000e+00 0.000000000000000000e+00
9.572746753692626953e-01 1.056981086730957031e+00 nan 1.116969347000122070e+00 1.079274892807006836e+00 1.029916286468505859e+00 9.791514873504638672e-01 9.320682287216186523e-01 9.094847440719604492e-01 8.871654272079467773e-01 8.651068210601806641e-01 8.433060646057128906e-01 8.217602968215942383e-01 7.924553155899047852e-01 7.685441970825195312e-01 7.735130786895751953e-01 0.000000000000000000e+00 0.000000000000000000e+00 0.000000000000000000e+00 0.000000000000000000e+00 0.000000000000000000e+00 0.000000000000000000e+00
9.032183885574340820e-01 1.000171184539794922e+00 1.102062940597534180e+00 nan 1.147610425949096680e+00 1.095831155776977539e+00 1.043417930603027344e+00 9.891879558563232422e-01 9.308534860610961914e-01 9.008425474166870117e-01 8.786240816116333008e-01 8.566654920578002930e-01 8.329483270645141602e-01 7.923245429992675781e-01 7.584744691848754883e-01 7.526261806488037109e-01 0.000000000000000000e+00 0.000000000000000000e+00 0.000000000000000000e+00 0.000000000000000000e+00 0.000000000000000000e+00 0.000000000000000000e+00
8.514740467071533203e-01 9.456635713577270508e-01 1.044644594192504883e+00 1.148661136627197266e+00 nan 1.164134502410888672e+00 1.109874963760375977e+00 1.051444768905639648e+00 9.912847280502319336e-01 9.328887462615966797e-01 8.922394514083862305e-01 8.701215982437133789e-01 8.344384431838989258e-01 7.960549592971801758e-01 7.665672302246093750e-01 7.391966581344604492e-01 0.000000000000000000e+00 0.000000000000000000e+00 0.000000000000000000e+00 0.000000000000000000e+00 0.000000000000000000e+00 0.000000000000000000e+00
7.989798784255981445e-01 8.923740386962890625e-01 9.918882846832275391e-01 1.091228961944580078e+00 1.177449464797973633e+00 nan 1.177454710006713867e+00 1.113661050796508789e+00 1.051736116409301758e+00 9.916255474090576172e-01 9.332756996154785156e-01 8.792487382888793945e-01 8.334561586380004883e-01 7.997163534164428711e-01 7.715862989425659180e-01 7.442589998245239258e-01 0.000000000000000000e+00 0.000000000000000000e+00 0.000000000000000000e+00 0.000000000000000000e+00 0.000000000000000000e+00 0.000000000000000000e+00
7.707918882369995117e-01 8.373231887817382812e-01 9.339425563812255859e-01 1.026902437210083008e+00 1.109783411026000977e+00 1.193546772003173828e+00 nan 1.187459468841552734e+00 1.113945484161376953e+00 1.052012205123901367e+00 9.851956367492675781e-01 9.031784534454345703e-01 8.347609043121337891e-01 8.026028871536254883e-01 7.757254838943481445e-01 7.483344078063964844e-01 0.000000000000000000e+00 0.000000000000000000e+00 0.000000000000000000e+00 0.000000000000000000e+00 0.000000000000000000e+00 0.000000000000000000e+00
7.568992376327514648e-01 8.054113388061523438e-01 8.776825666427612305e-01 9.623494148254394531e-01 1.039911508560180664e+00 1.114252328872680664e+00 1.212203264236450195e+00 nan 1.200344562530517578e+00 1.123166561126708984e+00 1.033770084381103516e+00 9.467356204986572266e-01 8.636175394058227539e-01 8.096587657928466797e-01 7.796249389648437500e-01 7.524193525314331055e-01 0.000000000000000000e+00 0.000000000000000000e+00 0.000000000000000000e+00 0.000000000000000000e+00 0.000000000000000000e+00 0.000000000000000000e+00
7.420487403869628906e-01 7.942727804183959961e-01 8.482626676559448242e-01 8.998523950576782227e-01 9.723539352416992188e-01 1.044232606887817383e+00 1.128321647644042969e+00 1.231018304824829102e+00 nan 1.193688392639160156e+00 1.101322412490844727e+00 1.010197877883911133e+00 9.279947280883789062e-01 8.541630506515502930e-01 8.051297664642333984e-01 7.726736068725585938e-01 0.000000000000000000e+00 0.000000000000000000e+00 0.000000000000000000e+00 0.000000000000000000e+00 0.000000000000000000e+00 0.000000000000000000e+00
7.265384197235107422e-01 7.831915616989135742e-01 8.282339572906494141e-01 8.703632354736328125e-01 9.070335626602172852e-01 9.765317440032958984e-01 1.048562765121459961e+00 1.146423339843750000e+00 1.232372760772705078e+00 nan 1.171118497848510742e+00 1.075729131698608398e+00 9.945958852767944336e-01 9.182138442993164062e-01 8.433692455291748047e-01 8.003257513046264648e-01 0.000000000000000000e+00 0.000000000000000000e+00 0.000000000000000000e+00 0.000000000000000000e+00 0.000000000000000000e+00 0.000000000000000000e+00
7.083635330200195312e-01 7.681189775466918945e-01 8.117824792861938477e-01 8.455438613891601562e-01 8.676505088806152344e-01 9.110730886459350586e-01 9.784033298492431641e-01 1.046891927719116211e+00 1.126566171646118164e+00 1.209341526031494141e+00 nan 1.145664930343627930e+00 1.063497781753540039e+00 9.844772815704345703e-01 9.070142507553100586e-01 8.299645185470581055e-01 0.000000000000000000e+00 0.000000000000000000e+00 0.000000000000000000e+00 0.000000000000000000e+00 0.000000000000000000e+00 0.000000000000000000e+00
7.177764177322387695e-01 7.531735897064208984e-01 7.976703643798828125e-01 8.234262466430664062e-01 8.385362625122070312e-01 8.553395271301269531e-01 8.888360261917114258e-01 9.468579292297363281e-01 1.022638320922851562e+00 1.102197408676147461e+00 1.189969062805175781e+00 nan 1.134779691696166992e+00 1.053029537200927734e+00 9.728565216064453125e-01 8.932420015335083008e-01 0.000000000000000000e+00 0.000000000000000000e+00 0.000000000000000000e+00 0.000000000000000000e+00 0.000000000000000000e+00 0.000000000000000000e+00
7.321226596832275391e-01 7.502439022064208984e-01 7.769345045089721680e-01 7.982776165008544922e-01 8.103611469268798828e-01 8.186571598052978516e-01 8.238109350204467773e-01 8.635567426681518555e-01 9.381769895553588867e-01 1.015784978866577148e+00 1.096500873565673828e+00 1.203118085861206055e+00 nan 1.123950004577636719e+00 1.040972471237182617e+00 9.587073326110839844e-01 0.000000000000000000e+00 0.000000000000000000e+00 0.000000000000000000e+00 0.000000000000000000e+00 0.000000000000000000e+00 0.000000000000000000e+00
7.457941770553588867e-01 7.637127637863159180e-01 7.570798397064208984e-01 7.653530836105346680e-01 7.803001403808593750e-01 7.853451967239379883e-01 7.904044389724731445e-01 8.020801544189453125e-01 8.585069179534912109e-01 9.329248666763305664e-01 1.010322809219360352e+00 1.090819835662841797e+00 1.216346025466918945e+00 nan 1.111439704895019531e+00 1.026436567306518555e+00 0.000000000000000000e+00 0.000000000000000000e+00 0.000000000000000000e+00 0.000000000000000000e+00 0.000000000000000000e+00 0.000000000000000000e+00
7.595735788345336914e-01 7.657301425933837891e-01 7.586541175842285156e-01 7.436006069183349609e-01 7.363802194595336914e-01 7.446476221084594727e-01 7.529542446136474609e-01 7.647428512573242188e-01 7.978701591491699219e-01 8.534706830978393555e-01 9.276870489120483398e-01 1.004875183105468750e+00 1.099846839904785156e+00 1.224772930145263672e+00 nan 1.096507787704467773e+00 0.000000000000000000e+00 0.000000000000000000e+00 0.000000000000000000e+00 0.000000000000000000e+00 0.000000000000000000e+00 0.000000000000000000e+00
7.707560062408447266e-01 7.676032781600952148e-01 7.579543590545654297e-01 7.350484132766723633e-01 7.124412059783935547e-01 7.013657093048095703e-01 7.094663381576538086e-01 7.180089950561523438e-01 7.523390054702758789e-01 7.873550653457641602e-01 8.454806804656982422e-01 9.224634170532226562e-01 9.994423389434814453e-01 1.112455129623413086e+00 1.217769384384155273e+00 nan 0.000000000000000000e+00 0.000000000000000000e+00 0.000000000000000000e+00 0.000000000000000000e+00 0.000000000000000000e+00 0.000000000000000000e+00
7.533288002014160156e-01 7.555546760559082031e-01 7.424483299255371094e-01 7.264074087142944336e-01 7.040418386459350586e-01 6.818383932113647461e-01 6.670573949813842773e-01 6.749944686889648438e-01 7.059336900711059570e-01 7.400225400924682617e-01 7.747924327850341797e-01 8.318233489990234375e-01 9.088343381881713867e-01 9.964573383331298828e-01 1.110761165618896484e+00 1.195807218551635742e+00 nan 0.000000000000000000e+00 0.000000000000000000e+00 0.000000000000000000e+00 0.000000000000000000e+00 0.000000000000000000e+00
6.044499874114990234e-01 7.164472341537475586e-01 7.026842832565307617e-01 6.876728534698486328e-01 6.718455553054809570e-01 6.561666727066040039e-01 6.406347751617431641e-01 6.288607120513916016e-01 6.607573032379150391e-01 6.939433813095092773e-01 7.277923822402954102e-01 7.623180150985717773e-01 8.182668685913085938e-01 8.947080373764038086e-01 9.863436222076416016e-01 1.085199832916259766e+00 0.000000000000000000e+00 nan 0.000000000000000000e+00 0.000000000000000000e+00 0.000000000000000000e+00 0.000000000000000000e+00
5.551320314407348633e-01 5.550521612167358398e-01 6.379828453063964844e-01 6.498075723648071289e-01 6.343353986740112305e-01 6.190081834793090820e-01 6.038247346878051758e-01 5.887838602066040039e-01 5.960085391998291016e-01 6.324362754821777344e-01 6.696956157684326172e-01 7.078051567077636719e-01 7.467846870422363281e-01 8.048107624053955078e-01 8.784788846969604492e-01 9.622888565063476562e-01 0.000000000000000000e+00 0.000000000000000000e+00 nan 0.000000000000000000e+00 0.000000000000000000e+00 0.000000000000000000e+00
5.330106019973754883e-01 5.323083400726318359e-01 5.292066335678100586e-01 5.577585697174072266e-01 5.976666212081909180e-01 5.826833248138427734e-01 5.678406953811645508e-01 5.531371831893920898e-01 5.601688623428344727e-01 5.680658817291259766e-01 6.038559675216674805e-01 6.404628753662109375e-01 6.779053211212158203e-01 7.162023782730102539e-01 7.634236812591552734e-01 8.408575057983398438e-01 0.000000000000000000e+00 0.000000000000000000e+00 0.000000000000000000e+00 nan 0.000000000000000000e+00 0.000000000000000000e+00
5.091074705123901367e-01 5.098971128463745117e-01 5.073034763336181641e-01 5.032418966293334961e-01 5.019075870513916016e-01 5.471736192703247070e-01 5.326638221740722656e-01 5.191872119903564453e-01 5.268441438674926758e-01 5.345396995544433594e-01 5.422739982604980469e-01 5.757759809494018555e-01 6.117420196533203125e-01 6.485289335250854492e-01 6.875709295272827148e-01 7.289646863937377930e-01 0.000000000000000000e+00 0.000000000000000000e+00 0.000000000000000000e+00 0.000000000000000000e+00 nan 0.000000000000000000e+00
4.791046380996704102e-01 4.856500625610351562e-01 4.853618144989013672e-01 4.815384149551391602e-01 4.792473316192626953e-01 4.791436195373535156e-01 4.982763528823852539e-01 4.867379665374755859e-01 4.942313432693481445e-01 5.017625093460083008e-01 5.093315839767456055e-01 5.169389247894287109e-01 5.481876134872436523e-01 5.835241079330444336e-01 6.210513114929199219e-01 6.608135700225830078e-01 0.000000000000000000e+00 0.000000000000000000e+00 0.000000000000000000e+00 0.000000000000000000e+00 0.000000000000000000e+00 nan
