nan 1.132504701614379883e+00 1.044150352478027344e+00 9.897996187210083008e-01 9.600461721420288086e-01 9.264848232269287109e-01 9.068078994750976562e-01 8.931195735931396484e-01 8.795295953750610352e-01 8.660372495651245117e-01 8.526417016983032227e-01 8.393423557281494141e-01 8.255620002746582031e-01 8.339073657989501953e-01 8.192042112350463867e-01 8.035649061203002930e-01 0.000000000000000000e+00 0.000000000000000000e+00 0.000000000000000000e+00 0.000000000000000000e+00 0.000000000000000000e+00 0.000000000000000000e+00
1.088447093963623047e+00 nan 1.162480831146240234e+00 1.071880578994750977e+00 1.030350685119628906e+00 9.908611774444580078e-01 9.413583278656005859e-01 9.099885225296020508e-01 8.962775468826293945e-01 8.826649188995361328e-01 8.691499233245849609e-01 8.593763113021850586e-01 8.529474735260009766e-01 8.308045864105224609e-01 8.152630329132080078e-01 8.007651567459106445e-01 0.000000000000000000e+00 0.000000000000000000e+00 0.000000000000000000e+00 0.000000000000000000e+00 0.000000000000000000e+00 0.000000000000000000e+00
9.732300043106079102e-01 1.124545574188232422e+00 nan 1.191816806793212891e+00 1.103177309036254883e+00 1.056660890579223633e+00 1.005467653274536133e+00 9.555487632751464844e-01 9.131748676300048828e-01 8.994408845901489258e-01 8.895838260650634766e-01 8.888694047927856445e-01 8.814575672149658203e-01 8.484436273574829102e-01 8.113299608230590820e-01 7.801566123962402344e-01 0.000000000000000000e+00 0.000000000000000000e+00 0.000000000000000000e+00 0.000000000000000000e+00 0.000000000000000000e+00 0.000000000000000000e+00
9.056222438812255859e-01 1.007337093353271484e+00 1.161268234252929688e+00 nan 1.220268249511718750e+00 1.124578237533569336e+00 1.071694374084472656e+00 1.020127058029174805e+00 9.698432683944702148e-01 9.247357845306396484e-01 9.213742017745971680e-01 9.179328680038452148e-01 9.104068279266357422e-01 8.756097555160522461e-01 7.974898815155029297e-01 7.597839832305908203e-01 0.000000000000000000e+00 0.000000000000000000e+00 0.000000000000000000e+00 0.000000000000000000e+00 0.000000000000000000e+00 0.000000000000000000e+00
8.552180528640747070e-01 9.498317241668701172e-01 1.049270391464233398e+00 1.198861837387084961e+00 nan 1.240824699401855469e+00 1.143360376358032227e+00 1.087271213531494141e+00 1.038572788238525391e+00 1.003594398498535156e+00 9.692161083221435547e-01 9.474432468414306641e-01 9.398014545440673828e-01 8.811587095260620117e-01 7.982206344604492188e-01 7.477443218231201172e-01 0.000000000000000000e+00 0.000000000000000000e+00 0.000000000000000000e+00 0.000000000000000000e+00 0.000000000000000000e+00 0.000000000000000000e+00
8.087918758392333984e-01 9.010379314422607422e-01 9.979883432388305664e-01 1.099882841110229492e+00 1.227415084838867188e+00 nan 1.281689167022705078e+00 1.173420190811157227e+00 1.113713502883911133e+00 1.077445745468139648e+00 1.034088850021362305e+00 9.903995990753173828e-01 9.395307302474975586e-01 8.738493919372558594e-01 7.939852476119995117e-01 7.440693378448486328e-01 0.000000000000000000e+00 0.000000000000000000e+00 0.000000000000000000e+00 0.000000000000000000e+00 0.000000000000000000e+00 0.000000000000000000e+00
7.635276317596435547e-01 8.534651994705200195e-01 9.479893445968627930e-01 1.047334194183349609e+00 1.134249687194824219e+00 1.277430534362792969e+00 nan 1.323298692703247070e+00 1.223746776580810547e+00 1.151036739349365234e+00 1.099611759185791016e+00 1.033845186233520508e+00 9.484438896179199219e-01 8.658150434494018555e-01 7.879710197448730469e-01 7.382082939147949219e-01 0.000000000000000000e+00 0.000000000000000000e+00 0.000000000000000000e+00 0.000000000000000000e+00 0.000000000000000000e+00 0.000000000000000000e+00
7.493321895599365234e-01 8.073186874389648438e-01 8.992416858673095703e-01 9.932150840759277344e-01 1.075123786926269531e+00 1.161265611648559570e+00 1.328902006149291992e+00 nan 1.371445894241333008e+00 1.266972780227661133e+00 1.171367168426513672e+00 1.078185081481933594e+00 9.890019893646240234e-01 8.900502920150756836e-01 8.025951385498046875e-01 7.547475099563598633e-01 0.000000000000000000e+00 0.000000000000000000e+00 0.000000000000000000e+00 0.000000000000000000e+00 0.000000000000000000e+00 0.000000000000000000e+00
7.356991767883300781e-01 7.991126775741577148e-01 8.551112413406372070e-01 9.387347698211669922e-01 1.017635822296142578e+00 1.099137783050537109e+00 1.200016021728515625e+00 1.374115467071533203e+00 nan 1.405128955841064453e+00 1.254684448242187500e+00 1.134323358535766602e+00 1.042731046676635742e+00 9.425690174102783203e-01 8.362692594528198242e-01 7.747709751129150391e-01 0.000000000000000000e+00 0.000000000000000000e+00 0.000000000000000000e+00 0.000000000000000000e+00 0.000000000000000000e+00 0.000000000000000000e+00
7.221726179122924805e-01 7.903057336807250977e-01 8.466882705688476562e-01 8.929536342620849609e-01 9.617404937744140625e-01 1.039041042327880859e+00 1.118314981460571289e+00 1.223320722579956055e+00 1.422111749649047852e+00 nan 1.362212657928466797e+00 1.214453220367431641e+00 1.097528696060180664e+00 9.965468645095825195e-01 8.897624015808105469e-01 8.154196739196777344e-01 0.000000000000000000e+00 0.000000000000000000e+00 0.000000000000000000e+00 0.000000000000000000e+00 0.000000000000000000e+00 0.000000000000000000e+00
7.023974657058715820e-01 7.763534784317016602e-01 8.383035659790039062e-01 8.768615722656250000e-01 9.025697708129882812e-01 9.720190763473510742e-01 1.044003486633300781e+00 1.143402576446533203e+00 1.230635643005371094e+00 1.388913631439208984e+00 nan 1.320838451385498047e+00 1.175875186920166016e+00 1.056654691696166992e+00 9.555714130401611328e-01 8.786071538925170898e-01 0.000000000000000000e+00 0.000000000000000000e+00 0.000000000000000000e+00 0.000000000000000000e+00 0.000000000000000000e+00 0.000000000000000000e+00
6.934254169464111328e-01 7.572658061981201172e-01 8.229279518127441406e-01 8.532704114913940430e-01 8.755687475204467773e-01 9.071999788284301758e-01 9.768183231353759766e-01 1.040719509124755859e+00 1.120900630950927734e+00 1.210940599441528320e+00 1.381113052368164062e+00 nan 1.292442321777343750e+00 1.143453836441040039e+00 1.023672103881835938e+00 9.439942836761474609e-01 0.000000000000000000e+00 0.000000000000000000e+00 0.000000000000000000e+00 0.000000000000000000e+00 0.000000000000000000e+00 0.000000000000000000e+00
7.066122293472290039e-01 7.400026321411132812e-01 7.975007295608520508e-01 8.277524709701538086e-01 8.497438430786132812e-01 8.719997406005859375e-01 8.941514492034912109e-01 9.488599300384521484e-01 1.025431632995605469e+00 1.105011701583862305e+00 1.195928096771240234e+00 1.384462833404541016e+00 nan 1.273844480514526367e+00 1.116399526596069336e+00 1.011656999588012695e+00 0.000000000000000000e+00 0.000000000000000000e+00 0.000000000000000000e+00 0.000000000000000000e+00 0.000000000000000000e+00 0.000000000000000000e+00
7.201656103134155273e-01 7.487418651580810547e-01 7.688262462615966797e-01 7.986124753952026367e-01 8.227579593658447266e-01 8.309776782989501953e-01 8.342856168746948242e-01 8.561384677886962891e-01 9.284627437591552734e-01 1.003604888916015625e+00 1.081675052642822266e+00 1.173431396484375000e+00 1.377997875213623047e+00 nan 1.273687839508056641e+00 1.111215353012084961e+00 0.000000000000000000e+00 0.000000000000000000e+00 0.000000000000000000e+00 0.000000000000000000e+00 0.000000000000000000e+00 0.000000000000000000e+00
7.338266372680664062e-01 7.545297145843505859e-01 7.678802013397216797e-01 7.604990005493164062e-01 7.745561599731445312e-01 7.811651229858398438e-01 7.865047454833984375e-01 7.921948432922363281e-01 8.345342874526977539e-01 9.060165882110595703e-01 9.802842140197753906e-01 1.057445526123046875e+00 1.167538642883300781e+00 1.372127532958984375e+00 nan 1.277852535247802734e+00 0.000000000000000000e+00 0.000000000000000000e+00 0.000000000000000000e+00 0.000000000000000000e+00 0.000000000000000000e+00 0.000000000000000000e+00
7.475962638854980469e-01 7.662663459777832031e-01 7.603710889816284180e-01 7.461587190628051758e-01 7.215511798858642578e-01 7.232353687286376953e-01 7.310774326324462891e-01 7.394113540649414062e-01 7.734978199005126953e-01 8.202117681503295898e-01 8.935867547988891602e-01 9.695066213607788086e-01 1.048470258712768555e+00 1.179943084716796875e+00 1.398377418518066406e+00 nan 0.000000000000000000e+00 0.000000000000000000e+00 0.000000000000000000e+00 0.000000000000000000e+00 0.000000000000000000e+00 0.000000000000000000e+00
7.316759824752807617e-01 7.491070032119750977e-01 7.437634468078613281e-01 7.274245023727416992e-01 7.108632326126098633e-01 6.885849237442016602e-01 6.885296106338500977e-01 6.966586112976074219e-01 7.268135547637939453e-01 7.613840103149414062e-01 8.071497678756713867e-01 8.832015991210937500e-01 9.624539613723754883e-01 1.053037643432617188e+00 1.202158689498901367e+00 1.414740800857543945e+00 nan 0.000000000000000000e+00 0.000000000000000000e+00 0.000000000000000000e+00 0.000000000000000000e+00 0.000000000000000000e+00
6.132119894027709961e-01 7.176049947738647461e-01 7.040703296661376953e-01 6.887294054031372070e-01 6.729060411453247070e-01 6.572309732437133789e-01 6.417027711868286133e-01 6.452102661132812500e-01 6.778355836868286133e-01 7.150185108184814453e-01 7.493529319763183594e-01 7.941812276840209961e-01 8.696874380111694336e-01 9.483710527420043945e-01 1.063362836837768555e+00 1.216822147369384766e+00 0.000000000000000000e+00 nan 0.000000000000000000e+00 0.000000000000000000e+00 0.000000000000000000e+00 0.000000000000000000e+00
5.540771484375000000e-01 5.536692142486572266e-01 6.570266485214233398e-01 6.509013175964355469e-01 6.354323625564575195e-01 6.201083660125732422e-01 6.049278974533081055e-01 5.898897647857666016e-01 6.119377613067626953e-01 6.487895250320434570e-01 6.864836215972900391e-01 7.250396013259887695e-01 7.695879936218261719e-01 8.518427610397338867e-01 9.397298097610473633e-01 1.071799039840698242e+00 0.000000000000000000e+00 0.000000000000000000e+00 nan 0.000000000000000000e+00 0.000000000000000000e+00 0.000000000000000000e+00
5.319164991378784180e-01 5.308914184570312500e-01 5.280741453170776367e-01 5.756653547286987305e-01 5.987980365753173828e-01 5.838172435760498047e-01 5.689769983291625977e-01 5.542756319046020508e-01 5.606751441955566406e-01 5.840324163436889648e-01 6.202461719512939453e-01 6.572877168655395508e-01 6.951762437820434570e-01 7.339309453964233398e-01 8.101483583450317383e-01 9.001363515853881836e-01 0.000000000000000000e+00 0.000000000000000000e+00 0.000000000000000000e+00 nan 0.000000000000000000e+00 0.000000000000000000e+00
5.100719928741455078e-01 5.084475278854370117e-01 5.061340332031250000e-01 5.020635128021240234e-01 5.012992620468139648e-01 5.483392477035522461e-01 5.338312387466430664e-01 5.196385383605957031e-01 5.272856950759887695e-01 5.349712371826171875e-01 5.566101074218750000e-01 5.921969413757324219e-01 6.285973787307739258e-01 6.658298969268798828e-01 7.039824724197387695e-01 7.731857299804687500e-01 0.000000000000000000e+00 0.000000000000000000e+00 0.000000000000000000e+00 0.000000000000000000e+00 nan 0.000000000000000000e+00
4.797251224517822266e-01 4.856414794921875000e-01 4.839978218078613281e-01 4.801660776138305664e-01 4.784444570541381836e-01 4.784804582595825195e-01 4.994728565216064453e-01 4.871269464492797852e-01 4.946105480194091797e-01 5.021315813064575195e-01 5.096905231475830078e-01 5.296626091003417969e-01 5.646333694458007812e-01 6.004035472869873047e-01 6.369916200637817383e-01 6.797615289688110352e-01 0.000000000000000000e+00 0.000000000000000000e+00 0.000000000000000000e+00 0.000000000000000000e+00 0.000000000000000000e+00 nan
