nan 9.963510036468505859e-01 9.533760547637939453e-01 9.104545116424560547e-01 8.883454799652099609e-01 8.687962293624877930e-01 8.494496345520019531e-01 8.303030729293823242e-01 8.011339902877807617e-01 8.049383163452148438e-01 7.946029901504516602e-01 8.036992549896240234e-01 7.654533386230468750e-01 7.070701122283935547e-01 6.465624570846557617e-01 5.881994962692260742e-01
9.615110158920288086e-01 nan 1.055383443832397461e+00 1.003350019454956055e+00 9.325343370437622070e-01 8.928973674774169922e-01 8.733011484146118164e-01 8.516812324523925781e-01 8.206384181976318359e-01 7.811285257339477539e-01 7.660679817199707031e-01 7.732814550399780273e-01 7.428222894668579102e-01 6.868770122528076172e-01 6.327277421951293945e-01 5.803165435791015625e-01
8.851970434188842773e-01 1.025820493698120117e+00 nan 1.100490093231201172e+00 1.025388240814208984e+00 9.529714584350585938e-01 8.974602222442626953e-01 8.717330694198608398e-01 8.403540849685668945e-01 7.857435941696166992e-01 7.362847328186035156e-01 7.433763742446899414e-01 7.204812765121459961e-01 6.652530431747436523e-01 6.117979288101196289e-01 5.600587129592895508e-01
8.152304887771606445e-01 9.504504203796386719e-01 1.095742940902709961e+00 nan 1.125856637954711914e+00 1.049653768539428711e+00 9.748796224594116211e-01 8.938702344894409180e-01 8.499668836593627930e-01 7.952704429626464844e-01 7.363607883453369141e-01 7.131173610687255859e-01 6.991636753082275391e-01 6.445270776748657227e-01 5.916473865509033203e-01 5.404679775238037109e-01
7.603092193603515625e-01 8.803418874740600586e-01 1.017141580581665039e+00 1.137780427932739258e+00 nan 1.155623197555541992e+00 1.062716960906982422e+00 9.644191265106201172e-01 8.514442443847656250e-01 8.018336296081542969e-01 7.429051399230957031e-01 7.043545246124267578e-01 6.804628372192382812e-01 6.264275312423706055e-01 5.741298198699951172e-01 5.235137939453125000e-01
7.505232095718383789e-01 8.279405832290649414e-01 9.379894733428955078e-01 1.052764654159545898e+00 1.175051212310791016e+00 nan 1.168908119201660156e+00 1.038364171981811523e+00 9.156769514083862305e-01 8.188862800598144531e-01 7.666325569152832031e-01 7.204307317733764648e-01 6.754372119903564453e-01 6.085273027420043945e-01 5.568051338195800781e-01 5.067460536956787109e-01
7.342166900634765625e-01 8.144124746322631836e-01 8.805218935012817383e-01 9.589072465896606445e-01 1.063025712966918945e+00 1.199981689453125000e+00 nan 1.137447834014892578e+00 1.008996486663818359e+00 9.035373926162719727e-01 8.070938587188720703e-01 7.598338127136230469e-01 7.138097286224365234e-01 6.266722679138183594e-01 5.584264993667602539e-01 5.020931959152221680e-01
7.124587297439575195e-01 7.927944660186767578e-01 8.432357311248779297e-01 8.753553628921508789e-01 9.657970666885375977e-01 1.058383941650390625e+00 1.176215648651123047e+00 nan 1.112529277801513672e+00 9.998786449432373047e-01 8.886623382568359375e-01 8.001393079757690430e-01 7.530610561370849609e-01 6.769840717315673828e-01 5.740931034088134766e-01 5.138794183731079102e-01
7.241758108139038086e-01 7.683004140853881836e-01 8.080281019210815430e-01 8.381714820861816406e-01 8.476848602294921875e-01 9.258997440338134766e-01 1.038236618041992188e+00 1.157319545745849609e+00 nan 1.101095676422119141e+00 9.843455553054809570e-01 8.692827224731445312e-01 7.932114601135253906e-01 7.288517951965332031e-01 6.227786540985107422e-01 5.257579088211059570e-01
7.448785305023193359e-01 7.647049427032470703e-01 7.750681638717651367e-01 7.900458574295043945e-01 7.975354194641113281e-01 8.166365623474121094e-01 9.189403057098388672e-01 1.031053304672241211e+00 1.169660568237304688e+00 nan 1.084876298904418945e+00 9.639840126037597656e-01 8.501018285751342773e-01 7.823237180709838867e-01 6.729698181152343750e-01 5.703253746032714844e-01
7.649300098419189453e-01 7.708244323730468750e-01 7.440048456192016602e-01 7.287967205047607422e-01 7.408314943313598633e-01 7.596406936645507812e-01 8.107506036758422852e-01 9.121775627136230469e-01 1.023895502090454102e+00 1.188046932220458984e+00 nan 1.063483238220214844e+00 9.438313245773315430e-01 8.311178684234619141e-01 7.247134447097778320e-01 6.188943386077880859e-01
7.550177574157714844e-01 7.481215000152587891e-01 7.253446578979492188e-01 6.992764472961425781e-01 6.793662309646606445e-01 6.931279897689819336e-01 7.423061132431030273e-01 7.929126024246215820e-01 8.972095251083374023e-01 1.020368099212646484e+00 1.204719543457031250e+00 nan 1.043968200683593750e+00 9.238857030868530273e-01 7.780574560165405273e-01 6.689653396606445312e-01
5.637646913528442383e-01 6.908808946609497070e-01 6.697981357574462891e-01 6.472455263137817383e-01 6.249974966049194336e-01 6.127890348434448242e-01 6.663168668746948242e-01 7.216212749481201172e-01 7.752501964569091797e-01 8.775752782821655273e-01 1.022592306137084961e+00 1.196833133697509766e+00 nan 1.025532960891723633e+00 8.746634721755981445e-01 7.205849885940551758e-01
5.316578149795532227e-01 5.288670063018798828e-01 5.797199010848999023e-01 5.942134857177734375e-01 5.726817846298217773e-01 5.549293756484985352e-01 5.726157426834106445e-01 6.248102188110351562e-01 6.787369251251220703e-01 7.344535589218139648e-01 8.321098089218139648e-01 9.794918298721313477e-01 1.180022478103637695e+00 nan 9.914783239364624023e-01 7.965369224548339844e-01
4.974611997604370117e-01 4.970014095306396484e-01 4.914191961288452148e-01 4.904774427413940430e-01 5.220502614974975586e-01 5.071070194244384766e-01 5.180739164352416992e-01 5.334430932998657227e-01 5.843374729156494141e-01 6.369209289550781250e-01 6.921458244323730469e-01 7.748390436172485352e-01 8.999576568603515625e-01 1.069055795669555664e+00 nan 8.994311094284057617e-01
4.509036540985107422e-01 4.601703882217407227e-01 4.570865631103515625e-01 4.547896385192871094e-01 4.548795223236083984e-01 4.580180644989013672e-01 4.688843488693237305e-01 4.798314571380615234e-01 4.908603429794311523e-01 5.279853343963623047e-01 5.820776224136352539e-01 6.469310522079467773e-01 7.150468826293945312e-01 8.223419189453125000e-01 9.596394300460815430e-01 nan
