nan 1.179265022277832031e+00 1.098413705825805664e+00 1.067035913467407227e+00 1.036127567291259766e+00 9.916973114013671875e-01 9.671019315719604492e-01 9.480010271072387695e-01 9.326097965240478516e-01 9.250260591506958008e-01 9.174723625183105469e-01 9.099482297897338867e-01 9.024535417556762695e-01 9.158871173858642578e-01 8.992136716842651367e-01 8.823165893554687500e-01 0.000000000000000000e+00 0.000000000000000000e+00 0.000000000000000000e+00 0.000000000000000000e+00 0.000000000000000000e+00 0.000000000000000000e+00
1.112616777420043945e+00 nan 1.208828687667846680e+00 1.141178369522094727e+00 1.107702970504760742e+00 1.058253049850463867e+00 1.007239341735839844e+00 9.700764417648315430e-01 9.623458385467529297e-01 9.546456336975097656e-01 9.469755887985229492e-01 9.393358230590820312e-01 9.317258596420288086e-01 9.117361307144165039e-01 8.950915336608886719e-01 8.588601350784301758e-01 0.000000000000000000e+00 0.000000000000000000e+00 0.000000000000000000e+00 0.000000000000000000e+00 0.000000000000000000e+00 0.000000000000000000e+00
1.027790546417236328e+00 1.149133443832397461e+00 nan 1.238793611526489258e+00 1.178135156631469727e+00 1.126454591751098633e+00 1.079690694808959961e+00 1.034572124481201172e+00 9.925396442413330078e-01 9.847209453582763672e-01 9.769328832626342773e-01 9.691754579544067383e-01 9.570330381393432617e-01 9.376182556152343750e-01 8.750983476638793945e-01 8.288584947586059570e-01 0.000000000000000000e+00 0.000000000000000000e+00 0.000000000000000000e+00 0.000000000000000000e+00 0.000000000000000000e+00 0.000000000000000000e+00
9.724287986755371094e-01 1.073587894439697266e+00 1.186280488967895508e+00 nan 1.258075952529907227e+00 1.205241203308105469e+00 1.162158250808715820e+00 1.115250349044799805e+00 1.069360256195068359e+00 1.024466037750244141e+00 1.007351398468017578e+00 9.994744062423706055e-01 9.818985462188720703e-01 9.494801759719848633e-01 8.688644170761108398e-01 8.055732250213623047e-01 0.000000000000000000e+00 0.000000000000000000e+00 0.000000000000000000e+00 0.000000000000000000e+00 0.000000000000000000e+00 0.000000000000000000e+00
9.167329072952270508e-01 1.017644882202148438e+00 1.121695756912231445e+00 1.224403381347656250e+00 nan 1.308701038360595703e+00 1.245321512222290039e+00 1.197094917297363281e+00 1.149904012680053711e+00 1.103726863861083984e+00 1.058541536331176758e+00 1.027050018310546875e+00 9.978436231613159180e-01 9.463335275650024414e-01 8.695472478866577148e-01 8.050172328948974609e-01 0.000000000000000000e+00 0.000000000000000000e+00 0.000000000000000000e+00 0.000000000000000000e+00 0.000000000000000000e+00 0.000000000000000000e+00
8.614519834518432617e-01 9.594533443450927734e-01 1.062614202499389648e+00 1.167308330535888672e+00 1.260429143905639648e+00 nan 1.352798461914062500e+00 1.277649641036987305e+00 1.219157934188842773e+00 1.171493291854858398e+00 1.124852180480957031e+00 1.063842296600341797e+00 9.856055974960327148e-01 9.346874952316284180e-01 8.623113632202148438e-01 8.007457256317138672e-01 0.000000000000000000e+00 0.000000000000000000e+00 0.000000000000000000e+00 0.000000000000000000e+00 0.000000000000000000e+00 0.000000000000000000e+00
8.060917854309082031e-01 9.029402732849121094e-01 1.003125667572021484e+00 1.098823070526123047e+00 1.193822622299194336e+00 1.310015678405761719e+00 nan 1.397249937057495117e+00 1.313556432723999023e+00 1.253314971923828125e+00 1.190652370452880859e+00 1.089733123779296875e+00 9.950063228607177734e-01 9.226123094558715820e-01 8.541862964630126953e-01 7.943042516708374023e-01 0.000000000000000000e+00 0.000000000000000000e+00 0.000000000000000000e+00 0.000000000000000000e+00 0.000000000000000000e+00 0.000000000000000000e+00
7.823119163513183594e-01 8.484166860580444336e-01 9.453527927398681641e-01 1.034962654113769531e+00 1.130554199218750000e+00 1.235306501388549805e+00 1.362326383590698242e+00 nan 1.442540884017944336e+00 1.349955320358276367e+00 1.248180150985717773e+00 1.143999099731445312e+00 1.044645786285400391e+00 9.498963356018066406e-01 8.621124029159545898e-01 7.984135150909423828e-01 0.000000000000000000e+00 0.000000000000000000e+00 0.000000000000000000e+00 0.000000000000000000e+00 0.000000000000000000e+00 0.000000000000000000e+00
7.614992856979370117e-01 8.328212499618530273e-01 8.928343057632446289e-01 9.740082025527954102e-01 1.064366817474365234e+00 1.156251192092895508e+00 1.276292085647583008e+00 1.417838573455810547e+00 nan 1.450118303298950195e+00 1.306537151336669922e+00 1.199652194976806641e+00 1.097719430923461914e+00 1.000510692596435547e+00 8.885393142700195312e-01 8.151462078094482422e-01 0.000000000000000000e+00 0.000000000000000000e+00 0.000000000000000000e+00 0.000000000000000000e+00 0.000000000000000000e+00 0.000000000000000000e+00
7.397888898849487305e-01 8.125444650650024414e-01 8.719725608825683594e-01 9.234929084777832031e-01 9.992781877517700195e-01 1.088212966918945312e+00 1.193522930145263672e+00 1.317203521728515625e+00 1.440213203430175781e+00 nan 1.399701356887817383e+00 1.256750345230102539e+00 1.152171850204467773e+00 1.052439689636230469e+00 9.400485754013061523e-01 8.342367410659790039e-01 0.000000000000000000e+00 0.000000000000000000e+00 0.000000000000000000e+00 0.000000000000000000e+00 0.000000000000000000e+00 0.000000000000000000e+00
7.117261886596679688e-01 7.910205125808715820e-01 8.509895801544189453e-01 8.996298313140869141e-01 9.372973442077636719e-01 1.022321939468383789e+00 1.108275651931762695e+00 1.202308893203735352e+00 1.285464048385620117e+00 1.396903276443481445e+00 nan 1.347430706024169922e+00 1.208037376403808594e+00 1.105716705322265625e+00 9.929624795913696289e-01 8.858999013900756836e-01 0.000000000000000000e+00 0.000000000000000000e+00 0.000000000000000000e+00 0.000000000000000000e+00 0.000000000000000000e+00 0.000000000000000000e+00
7.078101634979248047e-01 7.697522640228271484e-01 8.262805938720703125e-01 8.756265640258789062e-01 9.074521064758300781e-01 9.470839500427246094e-01 1.011363506317138672e+00 1.081800699234008789e+00 1.160405874252319336e+00 1.241979122161865234e+00 1.354361534118652344e+00 nan 1.296298503875732422e+00 1.160376310348510742e+00 1.048231124877929688e+00 9.432982206344604492e-01 0.000000000000000000e+00 0.000000000000000000e+00 0.000000000000000000e+00 0.000000000000000000e+00 0.000000000000000000e+00 0.000000000000000000e+00
7.220166921615600586e-01 7.519594430923461914e-01 7.971651554107666016e-01 8.392100334167480469e-01 8.724060058593750000e-01 8.943347930908203125e-01 9.045728445053100586e-01 9.678870439529418945e-01 1.042191028594970703e+00 1.119300365447998047e+00 1.199321269989013672e+00 1.327969074249267578e+00 nan 1.246279478073120117e+00 1.105694293975830078e+00 1.010494232177734375e+00 0.000000000000000000e+00 0.000000000000000000e+00 0.000000000000000000e+00 0.000000000000000000e+00 0.000000000000000000e+00 0.000000000000000000e+00
7.469151020050048828e-01 7.522453069686889648e-01 7.639436721801757812e-01 7.979433536529541016e-01 8.301966190338134766e-01 8.332359790802001953e-01 8.343943357467651367e-01 8.602066040039062500e-01 9.304447174072265625e-01 1.003334760665893555e+00 1.078977346420288086e+00 1.157475709915161133e+00 1.306631565093994141e+00 nan 1.189650058746337891e+00 1.080014228820800781e+00 0.000000000000000000e+00 0.000000000000000000e+00 0.000000000000000000e+00 0.000000000000000000e+00 0.000000000000000000e+00 0.000000000000000000e+00
7.722626924514770508e-01 7.627959251403808594e-01 7.593100070953369141e-01 7.629376649856567383e-01 7.594544887542724609e-01 7.639499902725219727e-01 7.684569358825683594e-01 7.858586311340332031e-01 8.248132467269897461e-01 8.951880931854248047e-01 9.688625335693359375e-01 1.045400619506835938e+00 1.131966114044189453e+00 1.297123908996582031e+00 nan 1.168717145919799805e+00 0.000000000000000000e+00 0.000000000000000000e+00 0.000000000000000000e+00 0.000000000000000000e+00 0.000000000000000000e+00 0.000000000000000000e+00
7.919915914535522461e-01 7.758665084838867188e-01 7.573745250701904297e-01 7.336438894271850586e-01 7.091341018676757812e-01 7.036024332046508789e-01 7.097922563552856445e-01 7.255071401596069336e-01 7.580114603042602539e-01 7.996139526367187500e-01 8.752710819244384766e-01 9.541087150573730469e-01 1.034095287322998047e+00 1.141111612319946289e+00 1.285687685012817383e+00 nan 0.000000000000000000e+00 0.000000000000000000e+00 0.000000000000000000e+00 0.000000000000000000e+00 0.000000000000000000e+00 0.000000000000000000e+00
7.546386718750000000e-01 7.517582178115844727e-01 7.254195213317871094e-01 7.094897031784057617e-01 6.930744647979736328e-01 6.710140705108642578e-01 6.635818481445312500e-01 6.778743267059326172e-01 7.114024162292480469e-01 7.456004619598388672e-01 7.862960100173950195e-01 8.613932132720947266e-01 9.396474361419677734e-01 1.021191596984863281e+00 1.131071329116821289e+00 1.272342443466186523e+00 nan 0.000000000000000000e+00 0.000000000000000000e+00 0.000000000000000000e+00 0.000000000000000000e+00 0.000000000000000000e+00
6.083935499191284180e-01 6.996493339538574219e-01 6.860439777374267578e-01 6.711348295211791992e-01 6.554626226425170898e-01 6.399372816085815430e-01 6.245576143264770508e-01 6.254985332489013672e-01 6.625993251800537109e-01 6.993734836578369141e-01 7.333310842514038086e-01 7.730764150619506836e-01 8.476179838180541992e-01 9.252929687500000000e-01 1.005456447601318359e+00 1.114589691162109375e+00 0.000000000000000000e+00 nan 0.000000000000000000e+00 0.000000000000000000e+00 0.000000000000000000e+00 0.000000000000000000e+00
5.541204214096069336e-01 5.481934547424316406e-01 6.297805309295654297e-01 6.336405277252197266e-01 6.183198690414428711e-01 6.031429767608642578e-01 5.881084203720092773e-01 5.798581838607788086e-01 5.970396995544433594e-01 6.334910392761230469e-01 6.707743406295776367e-01 7.089085578918457031e-01 7.483913898468017578e-01 8.295850753784179688e-01 9.078572988510131836e-01 9.879471063613891602e-01 0.000000000000000000e+00 0.000000000000000000e+00 nan 0.000000000000000000e+00 0.000000000000000000e+00 0.000000000000000000e+00
5.264256000518798828e-01 5.255498886108398438e-01 5.224921703338623047e-01 5.499498844146728516e-01 5.820105075836181641e-01 5.671741962432861328e-01 5.524768829345703125e-01 5.461130142211914062e-01 5.539056062698364258e-01 5.690790414810180664e-01 6.048921346664428711e-01 6.415228843688964844e-01 6.789895296096801758e-01 7.173112630844116211e-01 7.840896844863891602e-01 8.643420934677124023e-01 0.000000000000000000e+00 0.000000000000000000e+00 0.000000000000000000e+00 nan 0.000000000000000000e+00 0.000000000000000000e+00
5.029187202453613281e-01 5.032374858856201172e-01 5.006852149963378906e-01 4.966413974761962891e-01 4.953914880752563477e-01 5.320123434066772461e-01 5.176447629928588867e-01 5.130885839462280273e-01 5.207147598266601562e-01 5.283793210983276367e-01 5.416079759597778320e-01 5.767941474914550781e-01 6.127833127975463867e-01 6.495940685272216797e-01 6.892368793487548828e-01 7.394617795944213867e-01 0.000000000000000000e+00 0.000000000000000000e+00 0.000000000000000000e+00 0.000000000000000000e+00 nan 0.000000000000000000e+00
4.723778963088989258e-01 4.788936376571655273e-01 4.783473014831542969e-01 4.745419025421142578e-01 4.723459482192993164e-01 4.724205732345581055e-01 4.825532436370849609e-01 4.807695150375366211e-01 4.882328510284423828e-01 4.957337379455566406e-01 5.032725334167480469e-01 5.146178007125854492e-01 5.491880178451538086e-01 5.845471620559692383e-01 6.226515769958496094e-01 6.626341342926025391e-01 0.000000000000000000e+00 0.000000000000000000e+00 0.000000000000000000e+00 0.000000000000000000e+00 0.000000000000000000e+00 nan
