nan 1.053634881973266602e+00 1.018546104431152344e+00 9.883626699447631836e-01 9.586306810379028320e-01 9.277768135070800781e-01 9.188238382339477539e-01 9.050494432449340820e-01 8.913738727569580078e-01 8.728551864624023438e-01 8.510617017745971680e-01 8.295220136642456055e-01 8.126751184463500977e-01 8.233649730682373047e-01 8.036435842514038086e-01 8.045430183410644531e-01 0.000000000000000000e+00 0.000000000000000000e+00 0.000000000000000000e+00 0.000000000000000000e+00 0.000000000000000000e+00 0.000000000000000000e+00
1.012963294982910156e+00 nan 1.090949296951293945e+00 1.059683084487915039e+00 1.028884649276733398e+00 9.831588268280029297e-01 9.359219074249267578e-01 9.220247268676757812e-01 9.082272052764892578e-01 8.868726491928100586e-01 8.649160861968994141e-01 8.432151079177856445e-01 8.217666149139404297e-01 8.122618198394775391e-01 7.975935935974121094e-01 7.834196090698242188e-01 0.000000000000000000e+00 0.000000000000000000e+00 0.000000000000000000e+00 0.000000000000000000e+00 0.000000000000000000e+00 0.000000000000000000e+00
9.584147930145263672e-01 1.058426141738891602e+00 nan 1.133561849594116211e+00 1.098667144775390625e+00 1.048917531967163086e+00 9.979170560836791992e-01 9.481860399246215820e-01 9.233764410018920898e-01 9.009951353073120117e-01 8.788741827011108398e-01 8.570108413696289062e-01 8.398061990737915039e-01 8.287856578826904297e-01 7.717053890228271484e-01 7.625434398651123047e-01 0.000000000000000000e+00 0.000000000000000000e+00 0.000000000000000000e+00 0.000000000000000000e+00 0.000000000000000000e+00 0.000000000000000000e+00
9.053442478179931641e-01 1.002645492553710938e+00 1.104915618896484375e+00 nan 1.168797731399536133e+00 1.116579055786132812e+00 1.063894271850585938e+00 1.012521028518676758e+00 9.577646255493164062e-01 9.152232408523559570e-01 8.929368257522583008e-01 8.754740953445434570e-01 8.681148290634155273e-01 8.313060998916625977e-01 7.662786245346069336e-01 7.419115304946899414e-01 0.000000000000000000e+00 0.000000000000000000e+00 0.000000000000000000e+00 0.000000000000000000e+00 0.000000000000000000e+00 0.000000000000000000e+00
8.550759553909301758e-01 9.496823549270629883e-01 1.049113512039184570e+00 1.153615474700927734e+00 nan 1.187367200851440430e+00 1.132781028747558594e+00 1.079556941986083984e+00 1.019366741180419922e+00 9.603176116943359375e-01 9.115084409713745117e-01 9.042705297470092773e-01 8.766149282455444336e-01 8.283505439758300781e-01 7.753713130950927734e-01 7.329970598220825195e-01 0.000000000000000000e+00 0.000000000000000000e+00 0.000000000000000000e+00 0.000000000000000000e+00 0.000000000000000000e+00 0.000000000000000000e+00
8.086533546447753906e-01 9.008923768997192383e-01 9.978352785110473633e-01 1.099722146987915039e+00 1.188050031661987305e+00 nan 1.209428310394287109e+00 1.143817901611328125e+00 1.081129550933837891e+00 1.020274400711059570e+00 9.686999320983886719e-01 9.086734056472778320e-01 8.652291297912597656e-01 8.173979520797729492e-01 7.706928253173828125e-01 7.379711866378784180e-01 0.000000000000000000e+00 0.000000000000000000e+00 0.000000000000000000e+00 0.000000000000000000e+00 0.000000000000000000e+00 0.000000000000000000e+00
7.734516859054565430e-01 8.507267236709594727e-01 9.478402137756347656e-01 1.042616844177246094e+00 1.127587556838989258e+00 1.212172031402587891e+00 nan 1.223434925079345703e+00 1.148360729217529297e+00 1.082064867019653320e+00 1.017840147018432617e+00 9.331109523773193359e-01 8.535872697830200195e-01 8.067420721054077148e-01 7.696954011917114258e-01 7.425034046173095703e-01 0.000000000000000000e+00 0.000000000000000000e+00 0.000000000000000000e+00 0.000000000000000000e+00 0.000000000000000000e+00 0.000000000000000000e+00
7.527424097061157227e-01 8.162798881530761719e-01 8.919758796691894531e-01 9.806213378906250000e-01 1.058413028717041016e+00 1.133551120758056641e+00 1.231491804122924805e+00 nan 1.237037897109985352e+00 1.157550811767578125e+00 1.066792011260986328e+00 9.798511266708374023e-01 8.932433128356933594e-01 8.178287744522094727e-01 7.830197811126708984e-01 7.506058216094970703e-01 0.000000000000000000e+00 0.000000000000000000e+00 0.000000000000000000e+00 0.000000000000000000e+00 0.000000000000000000e+00 0.000000000000000000e+00
7.371050119400024414e-01 8.009554147720336914e-01 8.599250316619873047e-01 9.180350303649902344e-01 9.907541275024414062e-01 1.063422441482543945e+00 1.147274971008300781e+00 1.250979900360107422e+00 nan 1.229626178741455078e+00 1.135835647583007812e+00 1.045990467071533203e+00 9.553003311157226562e-01 8.740561008453369141e-01 8.111925125122070312e-01 7.782665491104125977e-01 0.000000000000000000e+00 0.000000000000000000e+00 0.000000000000000000e+00 0.000000000000000000e+00 0.000000000000000000e+00 0.000000000000000000e+00
7.225601673126220703e-01 7.825719118118286133e-01 8.429045677185058594e-01 8.854713439941406250e-01 9.253191947937011719e-01 9.955989122390747070e-01 1.068444013595581055e+00 1.166028022766113281e+00 1.251695632934570312e+00 nan 1.207185745239257812e+00 1.114339590072631836e+00 1.019391298294067383e+00 9.392205476760864258e-01 8.647270202636718750e-01 8.063178062438964844e-01 0.000000000000000000e+00 0.000000000000000000e+00 0.000000000000000000e+00 0.000000000000000000e+00 0.000000000000000000e+00 0.000000000000000000e+00
7.048478126525878906e-01 7.640691995620727539e-01 8.226764202117919922e-01 8.596994876861572266e-01 8.820751905441284180e-01 9.300047159194946289e-01 1.000455617904663086e+00 1.069045782089233398e+00 1.150339365005493164e+00 1.234827280044555664e+00 nan 1.184695482254028320e+00 1.086242198944091797e+00 1.006350517272949219e+00 9.292470216751098633e-01 8.509993553161621094e-01 0.000000000000000000e+00 0.000000000000000000e+00 0.000000000000000000e+00 0.000000000000000000e+00 0.000000000000000000e+00 0.000000000000000000e+00
7.120013236999511719e-01 7.495898008346557617e-01 8.002671003341674805e-01 8.340932130813598633e-01 8.561607599258422852e-01 8.764983415603637695e-01 9.133856296539306641e-01 9.711306095123291016e-01 1.047855615615844727e+00 1.127567291259765625e+00 1.210381746292114258e+00 nan 1.158309698104858398e+00 1.075658559799194336e+00 9.959490299224853516e-01 9.150042533874511719e-01 0.000000000000000000e+00 0.000000000000000000e+00 0.000000000000000000e+00 0.000000000000000000e+00 0.000000000000000000e+00 0.000000000000000000e+00
7.262275218963623047e-01 7.444720268249511719e-01 7.774717807769775391e-01 8.059322834014892578e-01 8.224375247955322266e-01 8.308850526809692383e-01 8.341008424758911133e-01 8.747987747192382812e-01 9.477745294570922852e-01 1.024633407592773438e+00 1.105703353881835938e+00 1.199923038482666016e+00 nan 1.147360563278198242e+00 1.064862251281738281e+00 9.812220335006713867e-01 0.000000000000000000e+00 0.000000000000000000e+00 0.000000000000000000e+00 0.000000000000000000e+00 0.000000000000000000e+00 0.000000000000000000e+00
7.398725748062133789e-01 7.588078975677490234e-01 7.571824789047241211e-01 7.695846557617187500e-01 7.841074466705322266e-01 7.905598878860473633e-01 7.956339120864868164e-01 8.063987493515014648e-01 8.666647672653198242e-01 9.414094686508178711e-01 1.019146919250488281e+00 1.099997282028198242e+00 1.213131666183471680e+00 nan 1.136208534240722656e+00 1.049729824066162109e+00 0.000000000000000000e+00 0.000000000000000000e+00 0.000000000000000000e+00 0.000000000000000000e+00 0.000000000000000000e+00 0.000000000000000000e+00
7.536051273345947266e-01 7.660595178604125977e-01 7.586380243301391602e-01 7.429046630859375000e-01 7.398468255996704102e-01 7.481304407119750977e-01 7.564536333084106445e-01 7.673413753509521484e-01 8.021786212921142578e-01 8.616064786911010742e-01 9.361486434936523438e-01 1.013675451278686523e+00 1.096801519393920898e+00 1.226420164108276367e+00 nan 1.120829343795776367e+00 0.000000000000000000e+00 0.000000000000000000e+00 0.000000000000000000e+00 0.000000000000000000e+00 0.000000000000000000e+00 0.000000000000000000e+00
7.674462795257568359e-01 7.679330110549926758e-01 7.572525739669799805e-01 7.343560457229614258e-01 7.117575407028198242e-01 7.047623395919799805e-01 7.128790616989135742e-01 7.210344076156616211e-01 7.549194097518920898e-01 7.899870872497558594e-01 8.518728017807006836e-01 9.297269582748413086e-01 1.008218765258789062e+00 1.109391450881958008e+00 1.237021684646606445e+00 nan 0.000000000000000000e+00 0.000000000000000000e+00 0.000000000000000000e+00 0.000000000000000000e+00 0.000000000000000000e+00 0.000000000000000000e+00
7.495529651641845703e-01 7.512165307998657227e-01 7.378969192504882812e-01 7.218044996261596680e-01 7.033616304397583008e-01 6.811672449111938477e-01 6.703853607177734375e-01 6.783384084701538086e-01 7.084457874298095703e-01 7.425847053527832031e-01 7.774058580398559570e-01 8.381681442260742188e-01 9.154459238052368164e-01 9.959726333618164062e-01 1.115922212600708008e+00 1.227004766464233398e+00 nan 0.000000000000000000e+00 0.000000000000000000e+00 0.000000000000000000e+00 0.000000000000000000e+00 0.000000000000000000e+00
6.050338745117187500e-01 7.118996381759643555e-01 6.982364654541015625e-01 6.831732988357543945e-01 6.673882007598876953e-01 6.517511606216430664e-01 6.362605094909667969e-01 6.287364959716796875e-01 6.611285209655761719e-01 6.964375972747802734e-01 7.303366661071777344e-01 7.649129629135131836e-01 8.245646953582763672e-01 9.012707471847534180e-01 9.912003278732299805e-01 1.097888469696044922e+00 0.000000000000000000e+00 nan 0.000000000000000000e+00 0.000000000000000000e+00 0.000000000000000000e+00 0.000000000000000000e+00
5.503599643707275391e-01 5.501376390457153320e-01 6.378351449966430664e-01 6.454087495803833008e-01 6.299778223037719727e-01 6.146916151046752930e-01 5.995486974716186523e-01 5.845478773117065430e-01 5.956268310546875000e-01 6.320458650588989258e-01 6.692961454391479492e-01 7.073967456817626953e-01 7.463668584823608398e-01 8.090668916702270508e-01 8.866328001022338867e-01 9.722462892532348633e-01 0.000000000000000000e+00 0.000000000000000000e+00 nan 0.000000000000000000e+00 0.000000000000000000e+00 0.000000000000000000e+00
5.283064842224121094e-01 5.274658203125000000e-01 5.244570970535278320e-01 5.575671195983886719e-01 5.934070348739624023e-01 5.784636735916137695e-01 5.636606216430664062e-01 5.489962100982666016e-01 5.557556152343750000e-01 5.676908493041992188e-01 6.034723520278930664e-01 6.400705575942993164e-01 6.775040626525878906e-01 7.157919406890869141e-01 7.664977312088012695e-01 8.453340530395507812e-01 0.000000000000000000e+00 0.000000000000000000e+00 0.000000000000000000e+00 nan 0.000000000000000000e+00 0.000000000000000000e+00
5.052392482757568359e-01 5.051254034042358398e-01 5.026220083236694336e-01 4.985729455947875977e-01 4.974027872085571289e-01 5.430486202239990234e-01 5.285774469375610352e-01 5.148899555206298828e-01 5.225253105163574219e-01 5.301990509033203125e-01 5.402441024780273438e-01 5.753991603851318359e-01 6.113566160202026367e-01 6.481345891952514648e-01 6.861530542373657227e-01 7.277992963790893555e-01 0.000000000000000000e+00 0.000000000000000000e+00 0.000000000000000000e+00 0.000000000000000000e+00 nan 0.000000000000000000e+00
4.749976396560668945e-01 4.815249443054199219e-01 4.805679321289062500e-01 4.767569303512573242e-01 4.746376276016235352e-01 4.747071266174316406e-01 4.942816495895385742e-01 4.825325012207031250e-01 4.900046586990356445e-01 4.975144863128662109e-01 5.050622224807739258e-01 5.132778882980346680e-01 5.478173494338989258e-01 5.831453800201416016e-01 6.196893453598022461e-01 6.594182252883911133e-01 0.000000000000000000e+00 0.000000000000000000e+00 0.000000000000000000e+00 0.000000000000000000e+00 0.000000000000000000e+00 nan
