nan 1.140001773834228516e+00 1.058133363723754883e+00 1.005908012390136719e+00 9.418338537216186523e-01 9.217308759689331055e-01 8.976622819900512695e-01 8.682923316955566406e-01 8.577121496200561523e-01 8.391590118408203125e-01 8.161033391952514648e-01 8.106175661087036133e-01 7.534869909286499023e-01 6.926329135894775391e-01 6.326370239257812500e-01 5.747677087783813477e-01
1.018448591232299805e+00 nan 1.182062149047851562e+00 1.103444814682006836e+00 1.028676271438598633e+00 9.561419486999511719e-01 9.208343029022216797e-01 9.099566936492919922e-01 8.991405963897705078e-01 8.462795019149780273e-01 8.085138797760009766e-01 7.807632684707641602e-01 7.310092449188232422e-01 6.754432916641235352e-01 6.216609477996826172e-01 5.685595273971557617e-01
9.399191141128540039e-01 1.084624528884887695e+00 nan 1.206771373748779297e+00 1.126149415969848633e+00 1.053050518035888672e+00 9.894565343856811523e-01 9.525500535964965820e-01 9.408829212188720703e-01 8.856008052825927734e-01 7.842990159988403320e-01 7.514015436172485352e-01 7.088196277618408203e-01 6.539659500122070312e-01 6.008729934692382812e-01 5.494844913482666016e-01
8.687968254089355469e-01 1.008007049560546875e+00 1.153962850570678711e+00 nan 1.258868694305419922e+00 1.158571720123291016e+00 1.091923713684082031e+00 1.027333259582519531e+00 9.698268175125122070e-01 8.814077377319335938e-01 7.876600027084350586e-01 7.147692441940307617e-01 6.881179809570312500e-01 6.338367462158203125e-01 5.813007354736328125e-01 5.304540395736694336e-01
8.033078908920288086e-01 9.358295202255249023e-01 1.069441795349121094e+00 1.196109771728515625e+00 nan 1.315243244171142578e+00 1.205426216125488281e+00 1.122960090637207031e+00 9.995927810668945312e-01 8.697663545608520508e-01 7.789889574050903320e-01 7.072501182556152344e-01 6.695387363433837891e-01 6.158548593521118164e-01 5.638971328735351562e-01 5.136100053787231445e-01
7.782950401306152344e-01 8.679029941558837891e-01 9.843719005584716797e-01 1.090790987014770508e+00 1.227040767669677734e+00 nan 1.378690481185913086e+00 1.217682600021362305e+00 1.071064472198486328e+00 9.260503053665161133e-01 8.007231950759887695e-01 7.358849048614501953e-01 6.904872655868530273e-01 6.054452657699584961e-01 5.474123954772949219e-01 4.969513416290283203e-01
7.483780384063720703e-01 8.451813459396362305e-01 9.023288488388061523e-01 9.922537803649902344e-01 1.112340688705444336e+00 1.286831617355346680e+00 nan 1.337310552597045898e+00 1.150468111038208008e+00 1.003831148147583008e+00 8.536453247070312500e-01 7.756419181823730469e-01 7.292045354843139648e-01 6.424720287322998047e-01 5.595541000366210938e-01 5.031801462173461914e-01
7.150423526763916016e-01 8.154771327972412109e-01 8.646101951599121094e-01 8.983604907989501953e-01 1.010502576828002930e+00 1.141602993011474609e+00 1.259685754776000977e+00 nan 1.263862609863281250e+00 1.084752798080444336e+00 9.445451498031616211e-01 8.317902088165283203e-01 7.688083648681640625e-01 6.932723522186279297e-01 5.893821716308593750e-01 5.149748325347900391e-01
7.256093025207519531e-01 7.770422697067260742e-01 8.254622220993041992e-01 8.497440814971923828e-01 8.910723924636840820e-01 9.756121635437011719e-01 1.084543228149414062e+00 1.199480056762695312e+00 nan 1.202929735183715820e+00 1.043059587478637695e+00 9.245921373367309570e-01 8.129938840866088867e-01 7.456438541412353516e-01 6.385405063629150391e-01 5.380082130432128906e-01
7.467148303985595703e-01 7.580029964447021484e-01 7.649227380752563477e-01 7.946738004684448242e-01 7.993594408035278320e-01 8.307286500930786133e-01 9.346524477005004883e-01 1.044475793838500977e+00 1.181172370910644531e+00 nan 1.190867185592651367e+00 1.022095441818237305e+00 9.048436880111694336e-01 7.996350526809692383e-01 6.892193555831909180e-01 5.855776071548461914e-01
7.645802497863769531e-01 7.564085721969604492e-01 7.395801544189453125e-01 7.188713550567626953e-01 7.308371067047119141e-01 7.544031143188476562e-01 8.143783807754516602e-01 9.203826189041137695e-01 1.032580137252807617e+00 1.198035717010498047e+00 nan 1.162440776824951172e+00 1.001346349716186523e+00 8.852980136871337891e-01 7.414653301239013672e-01 6.346182823181152344e-01
7.381949424743652344e-01 7.383751869201660156e-01 7.175786495208740234e-01 6.943807601928710938e-01 6.697245836257934570e-01 6.880884170532226562e-01 7.371200323104858398e-01 7.956354618072509766e-01 9.058012962341308594e-01 1.030071496963500977e+00 1.201649188995361328e+00 nan 1.134382724761962891e+00 9.808107614517211914e-01 8.240797519683837891e-01 6.851756572723388672e-01
5.618249177932739258e-01 6.762682199478149414e-01 6.622823476791381836e-01 6.398311853408813477e-01 6.176832914352416992e-01 6.056026220321655273e-01 6.588919162750244141e-01 7.139497995376586914e-01 7.770524024963378906e-01 8.860782384872436523e-01 1.023338317871093750e+00 1.193773984909057617e+00 nan 1.108497142791748047e+00 9.315286874771118164e-01 7.537568807601928711e-01
5.311157703399658203e-01 5.278322696685791016e-01 5.587226152420043945e-01 5.870378017425537109e-01 5.656030178070068359e-01 5.527199506759643555e-01 5.656082630157470703e-01 6.175700426101684570e-01 6.712565422058105469e-01 7.267248630523681641e-01 8.365640640258789062e-01 9.712266921997070312e-01 1.170919895172119141e+00 nan 1.065939664840698242e+00 8.433519601821899414e-01
4.960836172103881836e-01 4.962062835693359375e-01 4.904098510742187500e-01 4.892548322677612305e-01 5.151993036270141602e-01 5.049655437469482422e-01 5.159169435501098633e-01 5.269479751586914062e-01 5.772776603698730469e-01 6.296269893646240234e-01 6.881746053695678711e-01 7.791539430618286133e-01 9.045767784118652344e-01 1.060416698455810547e+00 nan 9.565330743789672852e-01
4.490841627120971680e-01 4.583392143249511719e-01 4.556133747100830078e-01 4.531100988388061523e-01 4.531998634338378906e-01 4.554594755172729492e-01 4.663065671920776367e-01 4.772346019744873047e-01 4.882439374923706055e-01 5.164325237274169922e-01 5.728882551193237305e-01 6.379415988922119141e-01 7.056856155395507812e-01 8.141126632690429688e-01 9.469727277755737305e-01 nan
