nan 9.642040729522705078e-01 9.219210147857666016e-01 8.736255168914794922e-01 8.567535877227783203e-01 8.375315666198730469e-01 8.185086250305175781e-01 7.996823787689208984e-01 7.767977714538574219e-01 7.948385477066040039e-01 7.986115217208862305e-01 8.145277500152587891e-01 7.892477512359619141e-01 7.258273363113403320e-01 6.646548509597778320e-01 6.056506633758544922e-01
8.858600854873657227e-01 nan 1.022285699844360352e+00 9.647302627563476562e-01 8.948652744293212891e-01 8.612294197082519531e-01 8.419610261917114258e-01 8.236112594604492188e-01 8.031060695648193359e-01 7.811108827590942383e-01 7.766226530075073242e-01 7.845525741577148438e-01 7.730581760406494141e-01 7.161422967910766602e-01 6.580922603607177734e-01 5.993206501007080078e-01
8.298678398132324219e-01 9.476894140243530273e-01 nan 1.059547424316406250e+00 9.859092235565185547e-01 9.149042367935180664e-01 8.657159805297851562e-01 8.506128787994384766e-01 8.298041820526123047e-01 8.022934198379516602e-01 7.473207712173461914e-01 7.544575929641723633e-01 7.503294944763183594e-01 6.941432952880859375e-01 6.397607326507568359e-01 5.871239900588989258e-01
7.741606235504150391e-01 8.831113576889038086e-01 1.012912034988403320e+00 nan 1.085323572158813477e+00 1.010573625564575195e+00 9.374233484268188477e-01 8.749955892562866211e-01 8.540853261947631836e-01 8.139487504959106445e-01 7.537695169448852539e-01 7.235504388809204102e-01 7.290893793106079102e-01 6.734905242919921875e-01 6.196794509887695312e-01 5.675987005233764648e-01
7.628625631332397461e-01 8.246356248855590820e-01 9.339258670806884766e-01 1.049139976501464844e+00 nan 1.111915588378906250e+00 1.023296117782592773e+00 9.467247724533081055e-01 8.660831451416015625e-01 8.205801248550415039e-01 7.603793144226074219e-01 7.214423418045043945e-01 6.983163356781005859e-01 6.550723314285278320e-01 6.018534898757934570e-01 5.503458976745605469e-01
7.591139078140258789e-01 8.174804449081420898e-01 8.675111532211303711e-01 9.669356346130371094e-01 1.070799112319946289e+00 nan 1.127291202545166016e+00 1.022969961166381836e+00 9.218356609344482422e-01 8.272359371185302734e-01 7.735435962677001953e-01 7.279304265975952148e-01 6.897112131118774414e-01 6.368566751480102539e-01 5.842236280441284180e-01 5.332828760147094727e-01
7.410084009170532227e-01 8.113958835601806641e-01 8.533587455749511719e-01 8.881520032882690430e-01 9.816555976867675781e-01 1.092303752899169922e+00 nan 1.127223014831542969e+00 1.020876646041870117e+00 9.104549884796142578e-01 8.141630887985229492e-01 7.667181491851806641e-01 7.205141782760620117e-01 6.517376899719238281e-01 5.762737989425659180e-01 5.192953348159790039e-01
7.237495183944702148e-01 7.947713136672973633e-01 8.300995826721191406e-01 8.555722236633300781e-01 9.022823572158813477e-01 9.912335872650146484e-01 1.108120679855346680e+00 nan 1.123453855514526367e+00 1.007146358489990234e+00 8.955762386322021484e-01 8.071813583374023438e-01 7.599189281463623047e-01 7.028244733810424805e-01 5.983482599258422852e-01 5.312163829803466797e-01
7.448323965072631836e-01 7.694932222366333008e-01 8.071322441101074219e-01 8.308176994323730469e-01 8.478957414627075195e-01 8.806492090225219727e-01 9.850049018859863281e-01 1.100977897644042969e+00 nan 1.108731269836425781e+00 9.916095733642578125e-01 8.761254549026489258e-01 8.002264499664306641e-01 7.531460523605346680e-01 6.477838754653930664e-01 5.466846227645874023e-01
7.661731243133544922e-01 7.818254232406616211e-01 7.695358991622924805e-01 7.920550107955932617e-01 7.999079227447509766e-01 8.074388504028320312e-01 8.688242435455322266e-01 9.780094623565673828e-01 1.111668586730957031e+00 nan 1.113475561141967773e+00 9.711736440658569336e-01 8.568744659423828125e-01 7.932983636856079102e-01 6.987484693527221680e-01 5.945222377777099609e-01
7.865127325057983398e-01 7.841080427169799805e-01 7.672855854034423828e-01 7.366945743560791016e-01 7.483221292495727539e-01 7.604928016662597656e-01 7.923374176025390625e-01 8.622380495071411133e-01 9.710384607315063477e-01 1.129563808441162109e+00 nan 1.094413757324218750e+00 9.509470462799072266e-01 8.378210067749023438e-01 7.509806156158447266e-01 6.432590484619140625e-01
7.738653421401977539e-01 7.739100456237792969e-01 7.555600404739379883e-01 7.244956493377685547e-01 6.921536922454833984e-01 6.983332633972167969e-01 7.293499708175659180e-01 7.795799970626831055e-01 8.531650304794311523e-01 9.694824218750000000e-01 1.148385763168334961e+00 nan 1.075796842575073242e+00 9.303156137466430664e-01 8.037151098251342773e-01 6.927492618560791016e-01
5.730807781219482422e-01 6.856534481048583984e-01 6.990407705307006836e-01 6.760933399200439453e-01 6.534554958343505859e-01 6.311060190200805664e-01 6.570382118225097656e-01 7.119442224502563477e-01 7.616854906082153320e-01 8.334485292434692383e-01 9.783571958541870117e-01 1.141147136688232422e+00 nan 1.057502985000610352e+00 8.996096849441528320e-01 7.437297105789184570e-01
5.432031154632568359e-01 5.397868156433105469e-01 5.674594640731811523e-01 6.220672130584716797e-01 6.001402139663696289e-01 5.785094499588012695e-01 5.745037794113159180e-01 6.152969598770141602e-01 6.688197851181030273e-01 7.241160869598388672e-01 7.948868274688720703e-01 9.485214948654174805e-01 1.133932590484619141e+00 nan 1.039370536804199219e+00 8.245437145233154297e-01
5.079920291900634766e-01 5.080317258834838867e-01 5.021655559539794922e-01 5.009166002273559570e-01 5.485422611236572266e-01 5.276088714599609375e-01 5.261573791503906250e-01 5.372806787490844727e-01 5.746072530746459961e-01 6.267818212509155273e-01 6.819670200347900391e-01 7.485857009887695312e-01 8.606373071670532227e-01 1.037336826324462891e+00 nan 9.607337713241577148e-01
4.614104032516479492e-01 4.707610607147216797e-01 4.678900241851806641e-01 4.652827978134155273e-01 4.653902053833007812e-01 4.660692214965820312e-01 4.770122766494750977e-01 4.880371093750000000e-01 4.991443157196044922e-01 5.203815698623657227e-01 5.740056037902832031e-01 6.389433145523071289e-01 7.066385746002197266e-01 7.898536920547485352e-01 9.340102672576904297e-01 nan
