nan 1.198494195938110352e+00 1.106385469436645508e+00 1.065424919128417969e+00 1.034540414810180664e+00 9.889880418777465820e-01 9.542001485824584961e-01 9.401718378067016602e-01 9.202388525009155273e-01 8.978941440582275391e-01 8.863856792449951172e-01 8.789837360382080078e-01 8.716105222702026367e-01 8.631235361099243164e-01 8.470284938812255859e-01 8.305958509445190430e-01 0.000000000000000000e+00 0.000000000000000000e+00 0.000000000000000000e+00 0.000000000000000000e+00 0.000000000000000000e+00 0.000000000000000000e+00
1.110699653625488281e+00 nan 1.228318929672241211e+00 1.139509439468383789e+00 1.104835987091064453e+00 1.055403232574462891e+00 1.004241466522216797e+00 9.573882818222045898e-01 9.346110820770263672e-01 9.229563474655151367e-01 9.154107570648193359e-01 9.078947305679321289e-01 9.004081487655639648e-01 8.602926731109619141e-01 8.430202007293701172e-01 8.266230821609497070e-01 0.000000000000000000e+00 0.000000000000000000e+00 0.000000000000000000e+00 0.000000000000000000e+00 0.000000000000000000e+00 0.000000000000000000e+00
1.012234449386596680e+00 1.147183179855346680e+00 nan 1.258547782897949219e+00 1.175172090530395508e+00 1.123278617858886719e+00 1.070427179336547852e+00 1.015963315963745117e+00 9.681464433670043945e-01 9.525437355041503906e-01 9.448819160461425781e-01 9.372502565383911133e-01 9.266397953033447266e-01 8.876324892044067383e-01 8.390198945999145508e-01 8.240971565246582031e-01 0.000000000000000000e+00 0.000000000000000000e+00 0.000000000000000000e+00 0.000000000000000000e+00 0.000000000000000000e+00 0.000000000000000000e+00
9.577054977416992188e-01 1.057680845260620117e+00 1.184296846389770508e+00 nan 1.281853199005126953e+00 1.193395853042602539e+00 1.138798952102661133e+00 1.091566801071166992e+00 1.046190738677978516e+00 1.001798868179321289e+00 9.748071432113647461e-01 9.670580625534057617e-01 9.511191844940185547e-01 9.153745174407958984e-01 8.620377779006958008e-01 8.038632869720458984e-01 0.000000000000000000e+00 0.000000000000000000e+00 0.000000000000000000e+00 0.000000000000000000e+00 0.000000000000000000e+00 0.000000000000000000e+00
9.057850837707519531e-01 1.002977609634399414e+00 1.105126857757568359e+00 1.222254276275634766e+00 nan 1.311878919601440430e+00 1.225021123886108398e+00 1.173514842987060547e+00 1.126830816268920898e+00 1.081149101257324219e+00 1.036026239395141602e+00 9.956223964691162109e-01 9.759095907211303711e-01 9.435242414474487305e-01 8.672162294387817383e-01 8.063651323318481445e-01 0.000000000000000000e+00 0.000000000000000000e+00 0.000000000000000000e+00 0.000000000000000000e+00 0.000000000000000000e+00 0.000000000000000000e+00
8.580935001373291016e-01 9.528537988662719727e-01 1.052446603775024414e+00 1.152638673782348633e+00 1.250469446182250977e+00 nan 1.359246253967285156e+00 1.260098457336425781e+00 1.201249122619628906e+00 1.148188352584838867e+00 1.102047681808471680e+00 1.049408912658691406e+00 9.934128522872924805e-01 9.447504281997680664e-01 8.605539798736572266e-01 8.030903339385986328e-01 0.000000000000000000e+00 0.000000000000000000e+00 0.000000000000000000e+00 0.000000000000000000e+00 0.000000000000000000e+00 0.000000000000000000e+00
8.062348365783691406e-01 9.013290405273437500e-01 1.001085042953491211e+00 1.093801021575927734e+00 1.179583072662353516e+00 1.289714336395263672e+00 nan 1.403818845748901367e+00 1.297919511795043945e+00 1.235950946807861328e+00 1.176723003387451172e+00 1.109499216079711914e+00 1.033188104629516602e+00 9.364116191864013672e-01 8.526067733764648438e-01 7.970310449600219727e-01 0.000000000000000000e+00 0.000000000000000000e+00 0.000000000000000000e+00 0.000000000000000000e+00 0.000000000000000000e+00 0.000000000000000000e+00
7.822809219360351562e-01 8.464922904968261719e-01 9.437059164047241211e-01 1.029365062713623047e+00 1.107941389083862305e+00 1.199104547500610352e+00 1.342672109603881836e+00 nan 1.449234247207641602e+00 1.341334104537963867e+00 1.263790845870971680e+00 1.179606437683105469e+00 1.078799247741699219e+00 9.816834926605224609e-01 8.624941110610961914e-01 8.031064271926879883e-01 0.000000000000000000e+00 0.000000000000000000e+00 0.000000000000000000e+00 0.000000000000000000e+00 0.000000000000000000e+00 0.000000000000000000e+00
7.614686489105224609e-01 8.293545246124267578e-01 8.882029056549072266e-01 9.652389287948608398e-01 1.038654565811157227e+00 1.120843648910522461e+00 1.239812374114990234e+00 1.396986722946166992e+00 nan 1.495302677154541016e+00 1.361124277114868164e+00 1.237124204635620117e+00 1.133656263351440430e+00 1.034974098205566406e+00 9.102618694305419922e-01 8.206938505172729492e-01 0.000000000000000000e+00 0.000000000000000000e+00 0.000000000000000000e+00 0.000000000000000000e+00 0.000000000000000000e+00 0.000000000000000000e+00
7.400481700897216797e-01 8.126130104064941406e-01 8.674774169921875000e-01 9.086011648178100586e-01 9.716451168060302734e-01 1.054957628250122070e+00 1.159300804138183594e+00 1.281272649765014648e+00 1.452559709548950195e+00 nan 1.472226142883300781e+00 1.309506893157958984e+00 1.189961194992065430e+00 1.088674783706665039e+00 9.649837017059326172e-01 8.604046106338500977e-01 0.000000000000000000e+00 0.000000000000000000e+00 0.000000000000000000e+00 0.000000000000000000e+00 0.000000000000000000e+00 0.000000000000000000e+00
7.123236656188964844e-01 7.914465665817260742e-01 8.469794988632202148e-01 8.823215961456298828e-01 9.068382978439331055e-01 9.911187887191772461e-01 1.081683874130249023e+00 1.193443298339843750e+00 1.310600280761718750e+00 1.446401357650756836e+00 nan 1.418178796768188477e+00 1.259016275405883789e+00 1.143792390823364258e+00 1.021272897720336914e+00 9.136977195739746094e-01 0.000000000000000000e+00 0.000000000000000000e+00 0.000000000000000000e+00 0.000000000000000000e+00 0.000000000000000000e+00 0.000000000000000000e+00
7.069725990295410156e-01 7.705273628234863281e-01 8.253562450408935547e-01 8.564038276672363281e-01 8.809729814529418945e-01 9.232882261276245117e-01 1.003428697586059570e+00 1.101798534393310547e+00 1.185084819793701172e+00 1.267803668975830078e+00 1.414260387420654297e+00 nan 1.378013610839843750e+00 1.209630250930786133e+00 1.079174757003784180e+00 9.697964191436767578e-01 0.000000000000000000e+00 0.000000000000000000e+00 0.000000000000000000e+00 0.000000000000000000e+00 0.000000000000000000e+00 0.000000000000000000e+00
7.213993072509765625e-01 7.481179237365722656e-01 7.981954813003540039e-01 8.243548870086669922e-01 8.472826480865478516e-01 8.788257837295532227e-01 9.294395446777343750e-01 9.910151958465576172e-01 1.066387414932250977e+00 1.144612789154052734e+00 1.225799560546875000e+00 1.390948295593261719e+00 nan 1.342054367065429688e+00 1.144704103469848633e+00 1.038357257843017578e+00 0.000000000000000000e+00 0.000000000000000000e+00 0.000000000000000000e+00 0.000000000000000000e+00 0.000000000000000000e+00 0.000000000000000000e+00
7.350870370864868164e-01 7.522256374359130859e-01 7.576333284378051758e-01 7.816166877746582031e-01 8.141953945159912109e-01 8.451735973358154297e-01 8.571794033050537109e-01 8.828594684600830078e-01 9.541375637054443359e-01 1.028113365173339844e+00 1.104890108108520508e+00 1.186083316802978516e+00 1.367860794067382812e+00 nan 1.286228179931640625e+00 1.109342336654663086e+00 0.000000000000000000e+00 0.000000000000000000e+00 0.000000000000000000e+00 0.000000000000000000e+00 0.000000000000000000e+00 0.000000000000000000e+00
7.488665580749511719e-01 7.551131248474121094e-01 7.501678466796875000e-01 7.428606748580932617e-01 7.759854793548583984e-01 7.967998981475830078e-01 7.981252670288085938e-01 8.018255233764648438e-01 8.479856252670288086e-01 9.179431200027465820e-01 9.905490875244140625e-01 1.065903425216674805e+00 1.164801359176635742e+00 1.349014997482299805e+00 nan 1.263962745666503906e+00 0.000000000000000000e+00 0.000000000000000000e+00 0.000000000000000000e+00 0.000000000000000000e+00 0.000000000000000000e+00 0.000000000000000000e+00
7.722896337509155273e-01 7.570396661758422852e-01 7.488409280776977539e-01 7.393759489059448242e-01 7.306944131851196289e-01 7.302618026733398438e-01 7.367365360260009766e-01 7.432353496551513672e-01 7.753993272781372070e-01 8.238484859466552734e-01 8.969386816024780273e-01 9.729930162429809570e-01 1.052096366882324219e+00 1.171538829803466797e+00 1.343679666519165039e+00 nan 0.000000000000000000e+00 0.000000000000000000e+00 0.000000000000000000e+00 0.000000000000000000e+00 0.000000000000000000e+00 0.000000000000000000e+00
7.431752681732177734e-01 7.441486120223999023e-01 7.417967319488525391e-01 7.338051795959472656e-01 7.130687236785888672e-01 6.907618045806884766e-01 6.886019706726074219e-01 6.967314481735229492e-01 7.267898321151733398e-01 7.613598108291625977e-01 8.125797510147094727e-01 8.888602256774902344e-01 9.681766033172607422e-01 1.057152748107910156e+00 1.171128988265991211e+00 1.334915876388549805e+00 nan 0.000000000000000000e+00 0.000000000000000000e+00 0.000000000000000000e+00 0.000000000000000000e+00 0.000000000000000000e+00
5.888106822967529297e-01 7.145459651947021484e-01 7.100991010665893555e-01 6.949672698974609375e-01 6.790854930877685547e-01 6.633523702621459961e-01 6.477668285369873047e-01 6.488839387893676758e-01 6.808471679687500000e-01 7.149950265884399414e-01 7.493288516998291016e-01 7.995723485946655273e-01 8.753054141998291016e-01 9.542255401611328125e-01 1.049235105514526367e+00 1.165749549865722656e+00 0.000000000000000000e+00 nan 0.000000000000000000e+00 0.000000000000000000e+00 0.000000000000000000e+00 0.000000000000000000e+00
5.572726726531982422e-01 5.610002279281616211e-01 6.404246091842651367e-01 6.569992303848266602e-01 6.414731740951538086e-01 6.260925531387329102e-01 6.108561754226684570e-01 5.957624912261962891e-01 6.148310899734497070e-01 6.517488956451416016e-01 6.895108222961425781e-01 7.281359434127807617e-01 7.797675132751464844e-01 8.618481159210205078e-01 9.377003908157348633e-01 1.041793346405029297e+00 0.000000000000000000e+00 0.000000000000000000e+00 nan 0.000000000000000000e+00 0.000000000000000000e+00 0.000000000000000000e+00
5.388875007629394531e-01 5.381149053573608398e-01 5.349328517913818359e-01 5.601209402084350586e-01 6.047035455703735352e-01 5.896675586700439453e-01 5.747723579406738281e-01 5.600167512893676758e-01 5.657554864883422852e-01 5.868756771087646484e-01 6.231544017791748047e-01 6.602625846862792969e-01 6.982190608978271484e-01 7.388423681259155273e-01 8.172813653945922852e-01 9.034484624862670898e-01 0.000000000000000000e+00 0.000000000000000000e+00 0.000000000000000000e+00 nan 0.000000000000000000e+00 0.000000000000000000e+00
5.156979560852050781e-01 5.155651569366455078e-01 5.128942728042602539e-01 5.088055133819580078e-01 5.075757503509521484e-01 5.540583133697509766e-01 5.394968986511230469e-01 5.250718593597412109e-01 5.322573184967041016e-01 5.399678945541381836e-01 5.594041347503662109e-01 5.950549840927124023e-01 6.314736604690551758e-01 6.687109470367431641e-01 7.083669900894165039e-01 7.759978771209716797e-01 0.000000000000000000e+00 0.000000000000000000e+00 0.000000000000000000e+00 0.000000000000000000e+00 nan 0.000000000000000000e+00
4.848817586898803711e-01 4.914408922195434570e-01 4.905711412429809570e-01 4.867224693298339844e-01 4.845381975173950195e-01 4.846017360687255859e-01 5.042947530746459961e-01 4.919708967208862305e-01 4.994906187057495117e-01 5.070482492446899414e-01 5.146440267562866211e-01 5.321705341339111328e-01 5.671412944793701172e-01 6.029102802276611328e-01 6.410276889801025391e-01 6.839284896850585938e-01 0.000000000000000000e+00 0.000000000000000000e+00 0.000000000000000000e+00 0.000000000000000000e+00 0.000000000000000000e+00 nan
