nan 1.094842672348022461e+00 1.062280893325805664e+00 1.031199932098388672e+00 9.991477727890014648e-01 9.520106315612792969e-01 9.402868747711181641e-01 9.176074266433715820e-01 8.951930999755859375e-01 8.730406761169433594e-01 8.511471748352050781e-01 8.295098543167114258e-01 8.081401586532592773e-01 8.089132308959960938e-01 7.973196506500244141e-01 8.030055761337280273e-01 0.000000000000000000e+00 0.000000000000000000e+00 0.000000000000000000e+00 0.000000000000000000e+00 0.000000000000000000e+00 0.000000000000000000e+00
1.051743745803833008e+00 nan 1.135112285614013672e+00 1.102933883666992188e+00 1.064849615097045898e+00 1.016163349151611328e+00 9.632264375686645508e-01 9.315050840377807617e-01 9.089282751083374023e-01 8.866155147552490234e-01 8.645633459091186523e-01 8.427690267562866211e-01 8.193598985671997070e-01 7.961866855621337891e-01 7.802681922912597656e-01 7.875872850418090820e-01 0.000000000000000000e+00 0.000000000000000000e+00 0.000000000000000000e+00 0.000000000000000000e+00 0.000000000000000000e+00 0.000000000000000000e+00
9.939461946487426758e-01 1.097379922866821289e+00 nan 1.177201509475708008e+00 1.132710695266723633e+00 1.081816434860229492e+00 1.024670839309692383e+00 9.652956724166870117e-01 9.227631092071533203e-01 9.002887010574340820e-01 8.780766725540161133e-01 8.561244010925292969e-01 8.336321115493774414e-01 8.153275251388549805e-01 7.759205102920532227e-01 7.790176868438720703e-01 0.000000000000000000e+00 0.000000000000000000e+00 0.000000000000000000e+00 0.000000000000000000e+00 0.000000000000000000e+00 0.000000000000000000e+00
9.377766847610473633e-01 1.039454460144042969e+00 1.143347263336181641e+00 nan 1.202802896499633789e+00 1.149416685104370117e+00 1.088038444519042969e+00 1.026805162429809570e+00 9.673675298690795898e-01 9.140609502792358398e-01 8.916881084442138672e-01 8.747711181640625000e-01 8.560558557510375977e-01 8.375273942947387695e-01 7.961760759353637695e-01 7.611929178237915039e-01 0.000000000000000000e+00 0.000000000000000000e+00 0.000000000000000000e+00 0.000000000000000000e+00 0.000000000000000000e+00 0.000000000000000000e+00
8.830231428146362305e-01 9.820456504821777344e-01 1.084293365478515625e+00 1.186987400054931641e+00 nan 1.220496177673339844e+00 1.153388977050781250e+00 1.090239286422729492e+00 1.028941392898559570e+00 9.694411754608154297e-01 9.172786474227905273e-01 8.976979255676269531e-01 8.787536621093750000e-01 8.599988222122192383e-01 8.104672431945800781e-01 7.583703994750976562e-01 0.000000000000000000e+00 0.000000000000000000e+00 0.000000000000000000e+00 0.000000000000000000e+00 0.000000000000000000e+00 0.000000000000000000e+00
8.282443284988403320e-01 9.243861436843872070e-01 1.025583982467651367e+00 1.122159719467163086e+00 1.209418535232543945e+00 nan 1.233528614044189453e+00 1.158024072647094727e+00 1.090762615203857422e+00 1.029508590698242188e+00 9.810891151428222656e-01 9.273307323455810547e-01 8.953415155410766602e-01 8.616133928298950195e-01 8.086242675781250000e-01 7.570395469665527344e-01 0.000000000000000000e+00 0.000000000000000000e+00 0.000000000000000000e+00 0.000000000000000000e+00 0.000000000000000000e+00 0.000000000000000000e+00
7.804929018020629883e-01 8.684042692184448242e-01 9.666581153869628906e-01 1.054573059082031250e+00 1.137639284133911133e+00 1.232580900192260742e+00 nan 1.246685266494750977e+00 1.170735836029052734e+00 1.097354173660278320e+00 1.038790225982666016e+00 9.828654527664184570e-01 9.149197340011596680e-01 8.491230010986328125e-01 8.016136884689331055e-01 7.591449022293090820e-01 0.000000000000000000e+00 0.000000000000000000e+00 0.000000000000000000e+00 0.000000000000000000e+00 0.000000000000000000e+00 0.000000000000000000e+00
7.672439813613891602e-01 8.227528333663940430e-01 9.094464778900146484e-01 9.891389608383178711e-01 1.066844940185546875e+00 1.147926568984985352e+00 1.251569509506225586e+00 nan 1.259919404983520508e+00 1.184266328811645508e+00 1.115974426269531250e+00 1.040508985519409180e+00 9.459513425827026367e-01 8.559317588806152344e-01 7.946305274963378906e-01 7.632550001144409180e-01 0.000000000000000000e+00 0.000000000000000000e+00 0.000000000000000000e+00 0.000000000000000000e+00 0.000000000000000000e+00 0.000000000000000000e+00
7.523061037063598633e-01 8.069483041763305664e-01 8.613148927688598633e-01 9.257888793945312500e-01 9.983954429626464844e-01 1.071223258972167969e+00 1.166195392608642578e+00 1.270719766616821289e+00 nan 1.272279977798461914e+00 1.195202112197875977e+00 1.093476057052612305e+00 9.964637756347656250e-01 9.076939821243286133e-01 8.213748931884765625e-01 7.836630344390869141e-01 0.000000000000000000e+00 0.000000000000000000e+00 0.000000000000000000e+00 0.000000000000000000e+00 0.000000000000000000e+00 0.000000000000000000e+00
7.363495826721191406e-01 7.929289340972900391e-01 8.404513597488403320e-01 8.824630975723266602e-01 9.322125911712646484e-01 1.002628326416015625e+00 1.084058046340942383e+00 1.183246850967407227e+00 1.282173633575439453e+00 nan 1.252512931823730469e+00 1.147817611694335938e+00 1.048287391662597656e+00 9.626705646514892578e-01 8.843553066253662109e-01 8.114866018295288086e-01 0.000000000000000000e+00 0.000000000000000000e+00 0.000000000000000000e+00 0.000000000000000000e+00 0.000000000000000000e+00 0.000000000000000000e+00
7.180714607238769531e-01 7.785297632217407227e-01 8.198215961456298828e-01 8.561064004898071289e-01 8.783396482467651367e-01 9.342343807220458984e-01 9.990999698638916016e-01 1.087771892547607422e+00 1.182372570037841797e+00 1.271257400512695312e+00 nan 1.215662240982055664e+00 1.114978075027465820e+00 1.030469655990600586e+00 9.495135545730590820e-01 8.704440593719482422e-01 0.000000000000000000e+00 0.000000000000000000e+00 0.000000000000000000e+00 0.000000000000000000e+00 0.000000000000000000e+00 0.000000000000000000e+00
7.184160947799682617e-01 7.621426582336425781e-01 8.032342195510864258e-01 8.273535966873168945e-01 8.440545797348022461e-01 8.609081506729125977e-01 9.212151765823364258e-01 9.964722394943237305e-01 1.077053070068359375e+00 1.157901287078857422e+00 1.263955831527709961e+00 nan 1.190356254577636719e+00 1.100610733032226562e+00 1.016924858093261719e+00 9.351212978363037109e-01 0.000000000000000000e+00 0.000000000000000000e+00 0.000000000000000000e+00 0.000000000000000000e+00 0.000000000000000000e+00 0.000000000000000000e+00
7.328555583953857422e-01 7.492997646331787109e-01 7.770758867263793945e-01 7.965463399887084961e-01 8.086181879043579102e-01 8.237668275833129883e-01 8.463646173477172852e-01 9.015289545059204102e-01 9.755450487136840820e-01 1.052442073822021484e+00 1.132332086563110352e+00 1.259313583374023438e+00 nan 1.195168733596801758e+00 1.086564779281616211e+00 1.002034902572631836e+00 0.000000000000000000e+00 0.000000000000000000e+00 0.000000000000000000e+00 0.000000000000000000e+00 0.000000000000000000e+00 0.000000000000000000e+00
7.468006610870361328e-01 7.573673725128173828e-01 7.504291534423828125e-01 7.648214101791381836e-01 7.815384864807128906e-01 7.935094833374023438e-01 8.018413782119750977e-01 8.157721757888793945e-01 8.884791135787963867e-01 9.640972614288330078e-01 1.042743206024169922e+00 1.138329267501831055e+00 1.275840520858764648e+00 nan 1.175453186035156250e+00 1.071262359619140625e+00 0.000000000000000000e+00 0.000000000000000000e+00 0.000000000000000000e+00 0.000000000000000000e+00 0.000000000000000000e+00 0.000000000000000000e+00
7.605880498886108398e-01 7.592314481735229492e-01 7.518792152404785156e-01 7.403851747512817383e-01 7.511265277862548828e-01 7.638391256332397461e-01 7.688373327255249023e-01 7.738499641418457031e-01 8.108519315719604492e-01 8.833616971969604492e-01 9.587749242782592773e-01 1.037207841873168945e+00 1.151168346405029297e+00 1.292489051818847656e+00 nan 1.159914493560791016e+00 0.000000000000000000e+00 0.000000000000000000e+00 0.000000000000000000e+00 0.000000000000000000e+00 0.000000000000000000e+00 0.000000000000000000e+00
7.651176452636718750e-01 7.610976696014404297e-01 7.533303499221801758e-01 7.418268918991088867e-01 7.271003723144531250e-01 7.225743532180786133e-01 7.307758331298828125e-01 7.390164136886596680e-01 7.687319517135620117e-01 8.059448003768920898e-01 8.782582283020019531e-01 9.534670114517211914e-01 1.038095235824584961e+00 1.164084672927856445e+00 1.273022890090942383e+00 nan 0.000000000000000000e+00 0.000000000000000000e+00 0.000000000000000000e+00 0.000000000000000000e+00 0.000000000000000000e+00 0.000000000000000000e+00
7.518080472946166992e-01 7.546523809432983398e-01 7.525978088378906250e-01 7.413182258605957031e-01 7.186292409896850586e-01 6.962357759475708008e-01 6.878381967544555664e-01 6.958744525909423828e-01 7.228814363479614258e-01 7.573088407516479492e-01 7.970566749572753906e-01 8.726062774658203125e-01 9.481735229492187500e-01 1.050332546234130859e+00 1.152034282684326172e+00 1.261653423309326172e+00 nan 0.000000000000000000e+00 0.000000000000000000e+00 0.000000000000000000e+00 0.000000000000000000e+00 0.000000000000000000e+00
5.889503955841064453e-01 7.157722711563110352e-01 7.218971252441406250e-01 7.067818641662597656e-01 6.907752752304077148e-01 6.749188899993896484e-01 6.592111587524414062e-01 6.532840728759765625e-01 6.772561073303222656e-01 7.107719182968139648e-01 7.449573278427124023e-01 7.837575674057006836e-01 8.587479591369628906e-01 9.368909597396850586e-01 1.035259962081909180e+00 1.141391277313232422e+00 0.000000000000000000e+00 nan 0.000000000000000000e+00 0.000000000000000000e+00 0.000000000000000000e+00 0.000000000000000000e+00
5.648570060729980469e-01 5.689915418624877930e-01 6.418875455856323242e-01 6.684876680374145508e-01 6.528402566909790039e-01 6.373397111892700195e-01 6.219843626022338867e-01 6.067730188369750977e-01 6.151888370513916016e-01 6.520543098449707031e-01 6.897614002227783203e-01 7.283289432525634766e-01 7.705569267272949219e-01 8.449922800064086914e-01 9.182673692703247070e-01 1.016105651855468750e+00 0.000000000000000000e+00 0.000000000000000000e+00 nan 0.000000000000000000e+00 0.000000000000000000e+00 0.000000000000000000e+00
5.464371442794799805e-01 5.463486909866333008e-01 5.430274009704589844e-01 5.614720582962036133e-01 6.157563924789428711e-01 6.006035804748535156e-01 5.855927467346191406e-01 5.707228183746337891e-01 5.732071399688720703e-01 5.869104862213134766e-01 6.231305599212646484e-01 6.601774692535400391e-01 6.980698108673095703e-01 7.368272542953491211e-01 8.064012527465820312e-01 8.871057033538818359e-01 0.000000000000000000e+00 0.000000000000000000e+00 0.000000000000000000e+00 nan 0.000000000000000000e+00 0.000000000000000000e+00
5.226237773895263672e-01 5.237321853637695312e-01 5.209262371063232422e-01 5.168279409408569336e-01 5.153667926788330078e-01 5.646916627883911133e-01 5.500177145004272461e-01 5.354813337326049805e-01 5.396040678024291992e-01 5.473638772964477539e-01 5.591272115707397461e-01 5.947132110595703125e-01 6.311115026473999023e-01 6.683404445648193359e-01 7.090975046157836914e-01 7.607007026672363281e-01 0.000000000000000000e+00 0.000000000000000000e+00 0.000000000000000000e+00 0.000000000000000000e+00 nan 0.000000000000000000e+00
4.922519922256469727e-01 4.988557100296020508e-01 4.988912343978881836e-01 4.950330257415771484e-01 4.925036430358886719e-01 4.923989772796630859e-01 5.055390596389770508e-01 5.010305643081665039e-01 5.067187547683715820e-01 5.143128633499145508e-01 5.219451189041137695e-01 5.318303108215332031e-01 5.667933225631713867e-01 6.025543212890625000e-01 6.417293548583984375e-01 6.819988489151000977e-01 0.000000000000000000e+00 0.000000000000000000e+00 0.000000000000000000e+00 0.000000000000000000e+00 0.000000000000000000e+00 nan
