nan 1.013082981109619141e+00 9.697476625442504883e-01 9.192961454391479492e-01 8.938027620315551758e-01 8.741972446441650391e-01 8.520777225494384766e-01 8.210282325744628906e-01 7.904992103576660156e-01 7.866365909576416016e-01 7.951328754425048828e-01 8.121391534805297852e-01 8.009691238403320312e-01 7.371331453323364258e-01 6.755599975585937500e-01 6.161692142486572266e-01
9.763817787170410156e-01 nan 1.072610139846801758e+00 1.012621402740478516e+00 9.413653612136840820e-01 8.983680009841918945e-01 8.721338510513305664e-01 8.407481908798217773e-01 8.098886013031005859e-01 7.684442996978759766e-01 7.731866836547851562e-01 7.891744375228881836e-01 7.888073921203613281e-01 7.302849292755126953e-01 6.689544916152954102e-01 6.097978353500366211e-01
8.994891643524169922e-01 1.041178703308105469e+00 nan 1.110088825225830078e+00 1.034643888473510742e+00 9.618960618972778320e-01 8.924071788787841797e-01 8.606816530227661133e-01 8.294879198074340820e-01 7.894761562347412109e-01 7.515085935592651367e-01 7.590014934539794922e-01 7.658768892288208008e-01 7.091917991638183594e-01 6.543262004852294922e-01 6.012217998504638672e-01
8.333590030670166016e-01 9.639846086502075195e-01 1.106226444244384766e+00 nan 1.134210348129272461e+00 1.053221940994262695e+00 9.670652151107788086e-01 8.845238685607910156e-01 8.498746156692504883e-01 8.100409507751464844e-01 7.609460353851318359e-01 7.291430234909057617e-01 7.363055944442749023e-01 6.872818470001220703e-01 6.331194639205932617e-01 5.806958675384521484e-01
7.822467088699340820e-01 8.933895826339721680e-01 1.023578643798828125e+00 1.144478321075439453e+00 nan 1.152723312377929688e+00 1.054555177688598633e+00 9.683425426483154297e-01 8.749256134033203125e-01 8.182479143142700195e-01 7.675830125808715820e-01 7.284868955612182617e-01 7.038269042968750000e-01 6.687070131301879883e-01 6.150498390197753906e-01 5.631179809570312500e-01
7.743374109268188477e-01 8.362319469451904297e-01 9.438636302947998047e-01 1.049144029617309570e+00 1.171898603439331055e+00 nan 1.171773195266723633e+00 1.063564062118530273e+00 9.397729635238647461e-01 8.335243463516235352e-01 7.750415802001953125e-01 7.350015640258789062e-01 6.966258287429809570e-01 6.503415107727050781e-01 5.972747802734375000e-01 5.459144115447998047e-01
7.556642293930053711e-01 8.231002092361450195e-01 8.699381351470947266e-01 9.525696039199829102e-01 1.056351184844970703e+00 1.199349880218505859e+00 nan 1.169601440429687500e+00 1.037948131561279297e+00 9.263241291046142578e-01 8.170291185379028320e-01 7.682105302810668945e-01 7.219673395156860352e-01 6.613608598709106445e-01 5.841194391250610352e-01 5.289003849029541016e-01
7.328693866729736328e-01 8.056606054306030273e-01 8.426836729049682617e-01 8.683315515518188477e-01 9.594371318817138672e-01 1.076967239379882812e+00 1.207321405410766602e+00 nan 1.141092061996459961e+00 1.023818731307983398e+00 9.090832471847534180e-01 8.087078332901000977e-01 7.614055871963500977e-01 7.127454280853271484e-01 6.076604127883911133e-01 5.388377904891967773e-01
7.337023019790649414e-01 7.835015058517456055e-01 8.195585012435913086e-01 8.405874967575073242e-01 8.660511970520019531e-01 9.503949880599975586e-01 1.064346075057983398e+00 1.202906847000122070e+00 nan 1.126247406005859375e+00 1.005800962448120117e+00 8.894939422607421875e-01 8.017469644546508789e-01 7.545198202133178711e-01 6.568130254745483398e-01 5.548846721649169922e-01
7.549068927764892578e-01 7.681608200073242188e-01 7.825543880462646484e-01 8.016179800033569336e-01 8.180730342864990234e-01 8.370525836944580078e-01 9.435214996337890625e-01 1.057070970535278320e+00 1.221609115600585938e+00 nan 1.118704795837402344e+00 9.847375154495239258e-01 8.695186376571655273e-01 7.941894531250000000e-01 7.067112922668457031e-01 6.017132997512817383e-01
7.746589183807373047e-01 7.709325551986694336e-01 7.541949748992919922e-01 7.633422613143920898e-01 7.707269191741943359e-01 7.779796123504638672e-01 8.293961286544799805e-01 9.361395835876464844e-01 1.054922819137573242e+00 1.240902423858642578e+00 nan 1.100032567977905273e+00 9.636077880859375000e-01 8.496155738830566406e-01 7.581124305725097656e-01 6.499521732330322266e-01
7.670484781265258789e-01 7.675864696502685547e-01 7.563183307647705078e-01 7.253345251083374023e-01 7.122437953948974609e-01 7.240319252014160156e-01 7.643444538116455078e-01 8.222398757934570312e-01 9.285657405853271484e-01 1.072768449783325195e+00 1.242493629455566406e+00 nan 1.081525087356567383e+00 9.427032470703125000e-01 8.139070272445678711e-01 6.996437311172485352e-01
5.799349546432495117e-01 7.071999311447143555e-01 7.063832283020019531e-01 6.833163499832153320e-01 6.605613231658935547e-01 6.521891355514526367e-01 6.952736377716064453e-01 7.464599609375000000e-01 8.053870201110839844e-01 9.160362482070922852e-01 1.072309017181396484e+00 1.234937906265258789e+00 nan 1.063180923461914062e+00 9.191838502883911133e-01 7.508319616317749023e-01
5.531425476074218750e-01 5.522423982620239258e-01 5.910276174545288086e-01 6.290360689163208008e-01 6.070148944854736328e-01 5.852912664413452148e-01 5.995675325393676758e-01 6.525692939758300781e-01 7.073271274566650391e-01 7.638993263244628906e-01 8.809311389923095703e-01 1.062612295150756836e+00 1.227407217025756836e+00 nan 1.044998645782470703e+00 8.433443307876586914e-01
5.195581912994384766e-01 5.202305316925048828e-01 5.143169164657592773e-01 5.131297111511230469e-01 5.551952123641967773e-01 5.341720581054687500e-01 5.396857261657714844e-01 5.592740774154663086e-01 6.109406948089599609e-01 6.643191576004028320e-01 7.224706411361694336e-01 8.215395212173461914e-01 9.581525325775146484e-01 1.156628131866455078e+00 nan 9.762126207351684570e-01
4.728926420211791992e-01 4.823167324066162109e-01 4.800387620925903320e-01 4.774800539016723633e-01 4.775882959365844727e-01 4.793393611907958984e-01 4.903815984725952148e-01 5.015062093734741211e-01 5.127139091491699219e-01 5.581617355346679688e-01 6.148217916488647461e-01 6.813223361968994141e-01 7.526434659957885742e-01 8.829077482223510742e-01 1.047406673431396484e+00 nan
