nan 1.182605743408203125e+00 1.091162681579589844e+00 1.052304744720458984e+00 1.021616458892822266e+00 9.782793521881103516e-01 9.480613470077514648e-01 9.340771436691284180e-01 9.188455343246459961e-01 8.965170383453369141e-01 8.824703693389892578e-01 8.750836849212646484e-01 8.677257299423217773e-01 8.663679361343383789e-01 8.503664731979370117e-01 8.339042663574218750e-01 0.000000000000000000e+00 0.000000000000000000e+00 0.000000000000000000e+00 0.000000000000000000e+00 0.000000000000000000e+00 0.000000000000000000e+00
1.104031085968017578e+00 nan 1.212214946746826172e+00 1.125918626785278320e+00 1.093503475189208984e+00 1.044386625289916992e+00 9.935098886489868164e-01 9.513112306594848633e-01 9.332075119018554688e-01 9.189652204513549805e-01 9.114351272583007812e-01 9.039348363876342773e-01 8.964636325836181641e-01 8.623245954513549805e-01 8.463509082794189453e-01 8.299242258071899414e-01 0.000000000000000000e+00 0.000000000000000000e+00 0.000000000000000000e+00 0.000000000000000000e+00 0.000000000000000000e+00 0.000000000000000000e+00
1.004505872726440430e+00 1.140399217605590820e+00 nan 1.242225170135498047e+00 1.163460969924926758e+00 1.111909627914428711e+00 1.059341192245483398e+00 1.008081197738647461e+00 9.597010612487792969e-01 9.484912157058715820e-01 9.408452510833740234e-01 9.332293272018432617e-01 9.256433248519897461e-01 8.886241912841796875e-01 8.423434495925903320e-01 8.162686824798583984e-01 0.000000000000000000e+00 0.000000000000000000e+00 0.000000000000000000e+00 0.000000000000000000e+00 0.000000000000000000e+00 0.000000000000000000e+00
9.501862525939941406e-01 1.049777507781982422e+00 1.177395582199096680e+00 nan 1.263652086257934570e+00 1.181651353836059570e+00 1.127346992492675781e+00 1.082592010498046875e+00 1.037410497665405273e+00 9.932090044021606445e-01 9.707082509994506836e-01 9.629752635955810547e-01 9.502953290939331055e-01 9.163808822631835938e-01 8.530139923095703125e-01 7.954828739166259766e-01 0.000000000000000000e+00 0.000000000000000000e+00 0.000000000000000000e+00 0.000000000000000000e+00 0.000000000000000000e+00 0.000000000000000000e+00
8.985714912414550781e-01 9.953962564468383789e-01 1.097158670425415039e+00 1.215261459350585938e+00 nan 1.293195009231567383e+00 1.206464529037475586e+00 1.163779497146606445e+00 1.117304325103759766e+00 1.071827650070190430e+00 1.027289390563964844e+00 9.931787252426147461e-01 9.750752449035644531e-01 9.384453296661376953e-01 8.536913394927978516e-01 7.950205802917480469e-01 0.000000000000000000e+00 0.000000000000000000e+00 0.000000000000000000e+00 0.000000000000000000e+00 0.000000000000000000e+00 0.000000000000000000e+00
8.510603904724121094e-01 9.454619884490966797e-01 1.044677972793579102e+00 1.146580457687377930e+00 1.242351055145263672e+00 nan 1.342108011245727539e+00 1.246341466903686523e+00 1.187850475311279297e+00 1.138566255569458008e+00 1.092632532119750977e+00 1.043600797653198242e+00 9.891256093978881836e-01 9.309846162796020508e-01 8.468514680862426758e-01 7.913662195205688477e-01 0.000000000000000000e+00 0.000000000000000000e+00 0.000000000000000000e+00 0.000000000000000000e+00 0.000000000000000000e+00 0.000000000000000000e+00
8.024415969848632812e-01 8.967775106430053711e-01 9.935107231140136719e-01 1.087908267974853516e+00 1.174489736557006836e+00 1.286791801452636719e+00 nan 1.386356830596923828e+00 1.281754016876220703e+00 1.222340822219848633e+00 1.164474487304687500e+00 1.103520631790161133e+00 1.009940385818481445e+00 9.227045774459838867e-01 8.389629125595092773e-01 7.853463888168334961e-01 0.000000000000000000e+00 0.000000000000000000e+00 0.000000000000000000e+00 0.000000000000000000e+00 0.000000000000000000e+00 0.000000000000000000e+00
7.793617248535156250e-01 8.426146507263183594e-01 9.396240711212158203e-01 1.027471065521240234e+00 1.106189966201782227e+00 1.192616462707519531e+00 1.336646556854248047e+00 nan 1.431442260742187500e+00 1.324325799942016602e+00 1.253729343414306641e+00 1.154903173446655273e+00 1.055238246917724609e+00 9.601831436157226562e-01 8.506808280944824219e-01 7.929666042327880859e-01 0.000000000000000000e+00 0.000000000000000000e+00 0.000000000000000000e+00 0.000000000000000000e+00 0.000000000000000000e+00 0.000000000000000000e+00
7.585835456848144531e-01 8.269356489181518555e-01 8.867560625076293945e-01 9.634045362472534180e-01 1.036960840225219727e+00 1.116332530975341797e+00 1.233204126358032227e+00 1.390821456909179688e+00 nan 1.477380037307739258e+00 1.329372644424438477e+00 1.211768627166748047e+00 1.109473705291748047e+00 1.011909961700439453e+00 8.940758705139160156e-01 8.104550838470458984e-01 0.000000000000000000e+00 0.000000000000000000e+00 0.000000000000000000e+00 0.000000000000000000e+00 0.000000000000000000e+00 0.000000000000000000e+00
7.376122474670410156e-01 8.096442222595214844e-01 8.669737577438354492e-01 9.085081815719604492e-01 9.700069427490234375e-01 1.050586462020874023e+00 1.152930021286010742e+00 1.274542331695556641e+00 1.446251630783081055e+00 nan 1.438980579376220703e+00 1.278448820114135742e+00 1.165140151977539062e+00 1.065002202987670898e+00 9.483339786529541016e-01 8.446412086486816406e-01 0.000000000000000000e+00 0.000000000000000000e+00 0.000000000000000000e+00 0.000000000000000000e+00 0.000000000000000000e+00 0.000000000000000000e+00
7.099266052246093750e-01 7.885124683380126953e-01 8.464813232421875000e-01 8.822298049926757812e-01 9.052538871765136719e-01 9.868834018707275391e-01 1.075542211532592773e+00 1.189988136291503906e+00 1.290996074676513672e+00 1.424249172210693359e+00 nan 1.385659694671630859e+00 1.228637456893920898e+00 1.119494915008544922e+00 1.004146337509155273e+00 8.974827527999877930e-01 0.000000000000000000e+00 0.000000000000000000e+00 0.000000000000000000e+00 0.000000000000000000e+00 0.000000000000000000e+00 0.000000000000000000e+00
7.051330804824829102e-01 7.676273584365844727e-01 8.246651887893676758e-01 8.563133478164672852e-01 8.789858818054199219e-01 9.218441247940063477e-01 1.001924276351928711e+00 1.087519884109497070e+00 1.166545629501342773e+00 1.248562335968017578e+00 1.388193368911743164e+00 nan 1.337620735168457031e+00 1.179915666580200195e+00 1.061557531356811523e+00 9.608768224716186523e-01 0.000000000000000000e+00 0.000000000000000000e+00 0.000000000000000000e+00 0.000000000000000000e+00 0.000000000000000000e+00 0.000000000000000000e+00
7.194304466247558594e-01 7.480134963989257812e-01 7.978338003158569336e-01 8.267819881439208984e-01 8.473404645919799805e-01 8.788845539093017578e-01 9.197509288787841797e-01 9.741226434707641602e-01 1.048855304718017578e+00 1.126416683197021484e+00 1.206914901733398438e+00 1.365133047103881836e+00 nan 1.302272319793701172e+00 1.123291015625000000e+00 1.029127359390258789e+00 0.000000000000000000e+00 0.000000000000000000e+00 0.000000000000000000e+00 0.000000000000000000e+00 0.000000000000000000e+00 0.000000000000000000e+00
7.330856323242187500e-01 7.519031763076782227e-01 7.603278160095214844e-01 7.838493585586547852e-01 8.142522573471069336e-01 8.419890403747558594e-01 8.433480262756347656e-01 8.668845891952514648e-01 9.375575780868530273e-01 1.010905981063842773e+00 1.087031126022338867e+00 1.166037797927856445e+00 1.342295169830322266e+00 nan 1.265891790390014648e+00 1.099753379821777344e+00 0.000000000000000000e+00 0.000000000000000000e+00 0.000000000000000000e+00 0.000000000000000000e+00 0.000000000000000000e+00 0.000000000000000000e+00
7.468491792678833008e-01 7.563790082931518555e-01 7.528508901596069336e-01 7.455325126647949219e-01 7.759040594100952148e-01 7.810223102569580078e-01 7.847336530685424805e-01 7.900030612945556641e-01 8.323065042495727539e-01 9.016704559326171875e-01 9.747084379196166992e-01 1.052408695220947266e+00 1.150160551071166992e+00 1.334276437759399414e+00 nan 1.245497465133666992e+00 0.000000000000000000e+00 0.000000000000000000e+00 0.000000000000000000e+00 0.000000000000000000e+00 0.000000000000000000e+00 0.000000000000000000e+00
7.687127590179443359e-01 7.583069801330566406e-01 7.501498460769653320e-01 7.386814355850219727e-01 7.175282239913940430e-01 7.183244228363037109e-01 7.265968322753906250e-01 7.356394529342651367e-01 7.703866958618164062e-01 8.189753293991088867e-01 8.925958871841430664e-01 9.684759378433227539e-01 1.047398328781127930e+00 1.162759065628051758e+00 1.338477849960327148e+00 nan 0.000000000000000000e+00 0.000000000000000000e+00 0.000000000000000000e+00 0.000000000000000000e+00 0.000000000000000000e+00 0.000000000000000000e+00
7.408696413040161133e-01 7.438690662384033203e-01 7.416027784347534180e-01 7.283325195312500000e-01 7.091670036315917969e-01 6.869108676910400391e-01 6.841591596603393555e-01 6.922670602798461914e-01 7.237843275070190430e-01 7.582941055297851562e-01 8.059222698211669922e-01 8.819224834442138672e-01 9.611210823059082031e-01 1.048835277557373047e+00 1.166224479675292969e+00 1.329733610153198242e+00 nan 0.000000000000000000e+00 0.000000000000000000e+00 0.000000000000000000e+00 0.000000000000000000e+00 0.000000000000000000e+00
5.938583612442016602e-01 7.143012285232543945e-01 7.047382593154907227e-01 6.896171569824218750e-01 6.737854480743408203e-01 6.581020355224609375e-01 6.425657272338867188e-01 6.432243585586547852e-01 6.768079996109008789e-01 7.120100259780883789e-01 7.462840080261230469e-01 7.929625511169433594e-01 8.684175014495849609e-01 9.470477104187011719e-01 1.042372226715087891e+00 1.160857200622558594e+00 0.000000000000000000e+00 nan 0.000000000000000000e+00 0.000000000000000000e+00 0.000000000000000000e+00 0.000000000000000000e+00
5.554556846618652344e-01 5.571864843368530273e-01 6.407921314239501953e-01 6.517690420150756836e-01 6.362918615341186523e-01 6.209598779678344727e-01 6.057715415954589844e-01 5.907254219055175781e-01 6.109505891799926758e-01 6.477797031402587891e-01 6.854507923126220703e-01 7.239831686019897461e-01 7.714492082595825195e-01 8.537904024124145508e-01 9.313300848007202148e-01 1.034065246582031250e+00 0.000000000000000000e+00 0.000000000000000000e+00 nan 0.000000000000000000e+00 0.000000000000000000e+00 0.000000000000000000e+00
5.354200601577758789e-01 5.343571901321411133e-01 5.312533378601074219e-01 5.604364871978759766e-01 5.996384620666503906e-01 5.846498012542724609e-01 5.698015689849853516e-01 5.550926923751831055e-01 5.624252557754516602e-01 5.830622911453247070e-01 6.192538738250732422e-01 6.562727689743041992e-01 6.941380500793457031e-01 7.328690290451049805e-01 8.094873428344726562e-01 8.948936462402343750e-01 0.000000000000000000e+00 0.000000000000000000e+00 0.000000000000000000e+00 nan 0.000000000000000000e+00 0.000000000000000000e+00
5.121980905532836914e-01 5.118623971939086914e-01 5.092675685882568359e-01 5.051887035369873047e-01 5.040262937545776367e-01 5.491529703140258789e-01 5.346375703811645508e-01 5.213426351547241211e-01 5.289982557296752930e-01 5.366925001144409180e-01 5.556569099426269531e-01 5.912218093872070312e-01 6.275999546051025391e-01 6.648097038269042969e-01 7.039816379547119141e-01 7.682932615280151367e-01 0.000000000000000000e+00 0.000000000000000000e+00 0.000000000000000000e+00 0.000000000000000000e+00 nan 0.000000000000000000e+00
4.814651012420654297e-01 4.880092144012451172e-01 4.869627952575683594e-01 4.831234216690063477e-01 4.810079336166381836e-01 4.810712337493896484e-01 5.002609491348266602e-01 4.887946844100952148e-01 4.962865114212036133e-01 5.038161277770996094e-01 5.113835334777832031e-01 5.287257432937622070e-01 5.636751651763916016e-01 5.994235277175903320e-01 6.370820999145507812e-01 6.797187328338623047e-01 0.000000000000000000e+00 0.000000000000000000e+00 0.000000000000000000e+00 0.000000000000000000e+00 0.000000000000000000e+00 nan
