nan 1.112144947052001953e+00 1.064936876296997070e+00 1.011510133743286133e+00 9.591889381408691406e-01 9.325572252273559570e-01 9.010736942291259766e-01 8.903079032897949219e-01 8.796031475067138672e-01 8.831719160079956055e-01 8.502644300460815430e-01 8.104506731033325195e-01 7.721153497695922852e-01 7.152297496795654297e-01 6.601703166961669922e-01 6.068782806396484375e-01
1.037133693695068359e+00 nan 1.172770023345947266e+00 1.109319448471069336e+00 1.034621000289916992e+00 9.545379877090454102e-01 9.434689283370971680e-01 9.324632883071899414e-01 9.215195178985595703e-01 8.844527006149291992e-01 8.083469867706298828e-01 7.805991172790527344e-01 7.493988275527954102e-01 6.931176185607910156e-01 6.385450363159179688e-01 5.857315063476562500e-01
9.578776359558105469e-01 1.103922605514526367e+00 nan 1.211449146270751953e+00 1.131803750991821289e+00 1.065322875976562500e+00 1.000915050506591797e+00 9.755585193634033203e-01 9.590363502502441406e-01 8.851157426834106445e-01 7.826118469238281250e-01 7.506970167160034180e-01 7.260347604751586914e-01 6.704012155532836914e-01 6.165608167648315430e-01 5.644558668136596680e-01
8.778641223907470703e-01 1.022324323654174805e+00 1.168937683105468750e+00 nan 1.244387388229370117e+00 1.169709205627441406e+00 1.102373600006103516e+00 1.037127733230590820e+00 9.474136829376220703e-01 8.754067420959472656e-01 7.838758230209350586e-01 7.125530242919921875e-01 7.042002677917480469e-01 6.491773128509521484e-01 5.959309339523315430e-01 5.444037914276123047e-01
8.063483238220214844e-01 9.383102655410766602e-01 1.073229551315307617e+00 1.188553810119628906e+00 nan 1.293922185897827148e+00 1.207838058471679688e+00 1.086304187774658203e+00 9.498802423477172852e-01 8.572590351104736328e-01 7.738966941833496094e-01 7.101769447326660156e-01 6.809221506118774414e-01 6.300384998321533203e-01 5.774102210998535156e-01 5.264809131622314453e-01
7.758371829986572266e-01 8.686021566390991211e-01 9.785343408584594727e-01 1.086817026138305664e+00 1.245059490203857422e+00 nan 1.308892011642456055e+00 1.166258096694946289e+00 1.022763967514038086e+00 8.887746334075927734e-01 7.889155149459838867e-01 7.330765724182128906e-01 6.876438856124877930e-01 6.138790845870971680e-01 5.591043233871459961e-01 5.087660551071166992e-01
7.454572916030883789e-01 8.452444076538085938e-01 9.031327962875366211e-01 9.923751354217529297e-01 1.128103971481323242e+00 1.275458335876464844e+00 nan 1.247946977615356445e+00 1.099041938781738281e+00 9.600003957748413086e-01 8.247416019439697266e-01 7.722613811492919922e-01 7.258012294769287109e-01 6.469187736511230469e-01 5.667842626571655273e-01 5.099787712097167969e-01
7.123054265975952148e-01 8.106045722961425781e-01 8.647639751434326172e-01 9.042162895202636719e-01 9.944373369216918945e-01 1.099512815475463867e+00 1.214973211288452148e+00 nan 1.178196191787719727e+00 1.037177562713623047e+00 9.165773391723632812e-01 8.123320341110229492e-01 7.648215293884277344e-01 6.965188980102539062e-01 5.921478271484375000e-01 5.210636854171752930e-01
7.307395935058593750e-01 7.717610597610473633e-01 8.148074150085449219e-01 8.432834148406982422e-01 8.449661731719970703e-01 9.356093406677246094e-01 1.042758226394653320e+00 1.158596754074096680e+00 nan 1.135268211364746094e+00 1.013035058975219727e+00 8.961732387542724609e-01 8.047239780426025391e-01 7.476128339767456055e-01 6.400985717773437500e-01 5.391986370086669922e-01
7.517852783203125000e-01 7.509206533432006836e-01 7.489849328994750977e-01 7.582938671112060547e-01 7.676521539688110352e-01 8.035598993301391602e-01 9.060455560684204102e-01 1.017261743545532227e+00 1.143835306167602539e+00 nan 1.114347219467163086e+00 9.916040897369384766e-01 8.759864568710327148e-01 7.971479892730712891e-01 6.894934177398681641e-01 5.855545997619628906e-01
7.666307687759399414e-01 7.534095048904418945e-01 7.205723524093627930e-01 6.930040121078491211e-01 7.046597003936767578e-01 7.372602224349975586e-01 7.876255512237548828e-01 8.934282064437866211e-01 1.009370565414428711e+00 1.162453174591064453e+00 nan 1.091837882995605469e+00 9.704012870788574219e-01 8.560147285461425781e-01 7.403759956359863281e-01 6.333067417144775391e-01
7.320594787597656250e-01 7.182322740554809570e-01 6.960352659225463867e-01 6.731081008911132812e-01 6.448771953582763672e-01 6.712000370025634766e-01 7.196502685546875000e-01 7.695050239562988281e-01 8.732215166091918945e-01 9.880284070968627930e-01 1.140464305877685547e+00 nan 1.069567918777465820e+00 9.494243860244750977e-01 7.988536357879638672e-01 6.811811923980712891e-01
5.521341562271118164e-01 6.618818044662475586e-01 6.413449048995971680e-01 6.191571950912475586e-01 5.972694158554077148e-01 5.912044048309326172e-01 6.398663520812988281e-01 6.942033767700195312e-01 7.503407001495361328e-01 8.532304763793945312e-01 9.610332250595092773e-01 1.129822254180908203e+00 nan 1.043656826019287109e+00 8.940516710281372070e-01 7.197015285491943359e-01
5.203437805175781250e-01 5.172703266143798828e-01 5.455719232559204102e-01 5.669459104537963867e-01 5.457639694213867188e-01 5.423451662063598633e-01 5.535863637924194336e-01 5.985577106475830078e-01 6.515257358551025391e-01 7.062491178512573242e-01 7.949140071868896484e-01 9.203226566314697266e-01 1.093597888946533203e+00 nan 9.899647235870361328e-01 8.011566400527954102e-01
4.851635694503784180e-01 4.859297275543212891e-01 4.801992177963256836e-01 4.789190292358398438e-01 4.959193468093872070e-01 4.949862957000732422e-01 5.058823823928833008e-01 5.168577432632446289e-01 5.582895278930664062e-01 6.099234819412231445e-01 6.668201684951782227e-01 7.373245954513549805e-01 8.596873283386230469e-01 9.819325208663940430e-01 nan 8.968570232391357422e-01
4.383703470230102539e-01 4.475735425949096680e-01 4.455035924911499023e-01 4.428877830505371094e-01 4.429936408996582031e-01 4.456710815429687500e-01 4.564619064331054688e-01 4.673333168029785156e-01 4.782859086990356445e-01 4.957014322280883789e-01 5.511229038238525391e-01 6.133662462234497070e-01 6.800050735473632812e-01 7.654021978378295898e-01 8.788579702377319336e-01 nan
