nan 1.030151367187500000e+00 9.864486455917358398e-01 9.379334449768066406e-01 9.139626026153564453e-01 8.941483497619628906e-01 8.691272735595703125e-01 8.377916812896728516e-01 8.069819211959838867e-01 8.136074542999267578e-01 8.010722398757934570e-01 8.084286451339721680e-01 7.874635457992553711e-01 7.300853729248046875e-01 6.745491027832031250e-01 6.207954883575439453e-01
9.793871641159057617e-01 nan 1.090183258056640625e+00 1.032164812088012695e+00 9.603389501571655273e-01 9.185763597488403320e-01 8.893680572509765625e-01 8.576933145523071289e-01 8.265496492385864258e-01 7.876745462417602539e-01 7.706987857818603516e-01 7.779309749603271484e-01 7.645139694213867188e-01 7.076401710510253906e-01 6.525994539260864258e-01 5.993328094482421875e-01
9.023776054382324219e-01 1.044282674789428711e+00 nan 1.130711555480957031e+00 1.054528713226318359e+00 9.801244735717773438e-01 9.098279476165771484e-01 8.778103590011596680e-01 8.455547094345092773e-01 7.863144874572753906e-01 7.407310009002685547e-01 7.477999925613403320e-01 7.408396005630493164e-01 6.847288608551025391e-01 6.304267644882202148e-01 5.778747797012329102e-01
8.323602676391601562e-01 9.688562154769897461e-01 1.114029645919799805e+00 nan 1.156738281250000000e+00 1.069097995758056641e+00 9.821099042892456055e-01 8.999308347702026367e-01 8.438981771469116211e-01 7.937690019607543945e-01 7.456386089324951172e-01 7.169495820999145508e-01 7.185566425323486328e-01 6.630702018737792969e-01 6.093753576278686523e-01 5.574140548706054688e-01
7.782353162765502930e-01 8.932216167449951172e-01 1.028620004653930664e+00 1.142829179763793945e+00 nan 1.164577960968017578e+00 1.069500684738159180e+00 9.549610614776611328e-01 8.447433710098266602e-01 7.979263067245483398e-01 7.515329122543334961e-01 7.126414775848388672e-01 6.915957927703857422e-01 6.437703371047973633e-01 5.906984806060791016e-01 5.393402576446533203e-01
7.592755556106567383e-01 8.386085033416748047e-01 9.359624385833740234e-01 1.041081666946411133e+00 1.159338474273681641e+00 nan 1.165016412734985352e+00 1.034584522247314453e+00 9.149668216705322266e-01 8.196620941162109375e-01 7.710512876510620117e-01 7.246229648590087891e-01 6.802679300308227539e-01 6.246943473815917969e-01 5.722384452819824219e-01 5.214761495590209961e-01
7.378363609313964844e-01 8.156257867813110352e-01 8.765962123870849609e-01 9.441654682159423828e-01 1.047329902648925781e+00 1.171150922775268555e+00 nan 1.132915496826171875e+00 1.011542797088623047e+00 9.012293815612792969e-01 8.110947608947753906e-01 7.636166810989379883e-01 7.173831462860107422e-01 6.422634124755859375e-01 5.700136423110961914e-01 5.130912065505981445e-01
7.145222425460815430e-01 7.940727472305297852e-01 8.387625217437744141e-01 8.706614971160888672e-01 9.354670047760009766e-01 1.030561447143554688e+00 1.145708560943603516e+00 nan 1.112678766250610352e+00 9.968191385269165039e-01 8.841297626495361328e-01 8.034919500350952148e-01 7.562130689620971680e-01 6.917233467102050781e-01 5.876474380493164062e-01 5.241990089416503906e-01
7.343348264694213867e-01 7.661478519439697266e-01 8.061609268188476562e-01 8.206369876861572266e-01 8.280940055847167969e-01 8.992120027542114258e-01 1.010029315948486328e+00 1.127312660217285156e+00 nan 1.097214937210083008e+00 9.789544343948364258e-01 8.640712499618530273e-01 7.959210872650146484e-01 7.426730394363403320e-01 6.354625225067138672e-01 5.353882312774658203e-01
7.553324699401855469e-01 7.635822296142578125e-01 7.557036876678466797e-01 7.677909135818481445e-01 7.799245119094848633e-01 8.038474321365356445e-01 8.917826414108276367e-01 1.002166509628295898e+00 1.130104780197143555e+00 nan 1.078551530838012695e+00 9.578863382339477539e-01 8.442262411117553711e-01 7.883818149566650391e-01 6.847178936004638672e-01 5.810728073120117188e-01
7.737073898315429688e-01 7.653846740722656250e-01 7.322787046432495117e-01 7.047942876815795898e-01 7.165311574935913086e-01 7.401106357574462891e-01 7.905586957931518555e-01 8.820431232452392578e-01 9.943343400955200195e-01 1.148603439331054688e+00 nan 1.056423187255859375e+00 9.370425939559936523e-01 8.288170099258422852e-01 7.354565858840942383e-01 6.286900043487548828e-01
7.487229108810424805e-01 7.340700626373291016e-01 7.116243839263916016e-01 6.877409219741821289e-01 6.560684442520141602e-01 6.739420890808105469e-01 7.224718332290649414e-01 7.724084854125976562e-01 8.619579076766967773e-01 9.769319295883178711e-01 1.138869524002075195e+00 nan 1.034530162811279297e+00 9.164208173751831055e-01 7.877234220504760742e-01 6.777414083480834961e-01
5.573666095733642578e-01 6.760728359222412109e-01 6.564315557479858398e-01 6.340398788452148438e-01 6.119508743286132812e-01 5.967408418655395508e-01 6.454911231994628906e-01 7.000144720077514648e-01 7.544423341751098633e-01 8.420871496200561523e-01 9.591742753982543945e-01 1.128202199935913086e+00 nan 1.012870550155639648e+00 8.748915195465087891e-01 7.258436679840087891e-01
5.254689455032348633e-01 5.225582122802734375e-01 5.584793090820312500e-01 5.813486576080322266e-01 5.599720478057861328e-01 5.477117300033569336e-01 5.589920282363891602e-01 6.040407419204711914e-01 6.571906805038452148e-01 7.121015787124633789e-01 7.908538579940795898e-01 9.146057367324829102e-01 1.103485107421875000e+00 nan 9.728851318359375000e-01 7.856976985931396484e-01
4.905574321746826172e-01 4.910526275634765625e-01 4.853578805923461914e-01 4.841486215591430664e-01 5.096693038940429688e-01 5.001881122589111328e-01 5.111219882965087891e-01 5.221356153488159180e-01 5.636346340179443359e-01 6.154456138610839844e-01 6.713123321533203125e-01 7.354365587234497070e-01 8.541507720947265625e-01 9.969552755355834961e-01 nan 8.802629709243774414e-01
4.440128803253173828e-01 4.532521963119506836e-01 4.509620666503906250e-01 4.484100341796875000e-01 4.485162496566772461e-01 4.511219263076782227e-01 4.619534015655517578e-01 4.728659391403198242e-01 4.838597774505615234e-01 5.049014091491699219e-01 5.595204830169677734e-01 6.213550567626953125e-01 6.883238554000854492e-01 7.707899808883666992e-01 8.943731784820556641e-01 nan
