nan 1.025405406951904297e+00 9.948803186416625977e-01 9.648151397705078125e-01 9.352033138275146484e-01 9.145483970642089844e-01 9.058293104171752930e-01 8.919304609298706055e-01 8.757734298706054688e-01 8.538480997085571289e-01 8.321789503097534180e-01 8.107632398605346680e-01 7.987550497055053711e-01 8.109227418899536133e-01 8.048537969589233398e-01 8.166444301605224609e-01 0.000000000000000000e+00 0.000000000000000000e+00 0.000000000000000000e+00 0.000000000000000000e+00 0.000000000000000000e+00 0.000000000000000000e+00
9.927725791931152344e-01 nan 1.065331459045410156e+00 1.034204483032226562e+00 1.002062082290649414e+00 9.548562765121459961e-01 9.218268394470214844e-01 9.078115224838256836e-01 8.893681764602661133e-01 8.672838211059570312e-01 8.454577922821044922e-01 8.238867521286010742e-01 8.025678396224975586e-01 7.925469875335693359e-01 7.894197702407836914e-01 7.955595254898071289e-01 0.000000000000000000e+00 0.000000000000000000e+00 0.000000000000000000e+00 0.000000000000000000e+00 0.000000000000000000e+00 0.000000000000000000e+00
9.374614953994750977e-01 1.035970926284790039e+00 nan 1.106044769287109375e+00 1.067859888076782227e+00 1.018682003021240234e+00 9.681980609893798828e-01 9.238256216049194336e-01 9.030611515045166016e-01 8.808168172836303711e-01 8.588325977325439453e-01 8.371051549911499023e-01 8.156317472457885742e-01 7.877893447875976562e-01 7.694416046142578125e-01 7.744129896163940430e-01 0.000000000000000000e+00 0.000000000000000000e+00 0.000000000000000000e+00 0.000000000000000000e+00 0.000000000000000000e+00 0.000000000000000000e+00
8.837789297103881836e-01 9.797415733337402344e-01 1.080592632293701172e+00 nan 1.135820627212524414e+00 1.084231853485107422e+00 1.032108783721923828e+00 9.808294773101806641e-01 9.227401018142700195e-01 8.944481611251831055e-01 8.723044395446777344e-01 8.504196405410766602e-01 8.281772136688232422e-01 7.921659946441650391e-01 7.599654197692871094e-01 7.535153627395629883e-01 0.000000000000000000e+00 0.000000000000000000e+00 0.000000000000000000e+00 0.000000000000000000e+00 0.000000000000000000e+00 0.000000000000000000e+00
8.356599807739257812e-01 9.260897636413574219e-01 1.024075031280517578e+00 1.127045154571533203e+00 nan 1.152491569519042969e+00 1.098523855209350586e+00 1.042698144912719727e+00 9.828522205352783203e-01 9.247597455978393555e-01 8.858739137649536133e-01 8.638305664062500000e-01 8.313205242156982422e-01 7.990978956222534180e-01 7.680648565292358398e-01 7.406712770462036133e-01 0.000000000000000000e+00 0.000000000000000000e+00 0.000000000000000000e+00 0.000000000000000000e+00 0.000000000000000000e+00 0.000000000000000000e+00
7.899160385131835938e-01 8.746632337570190430e-01 9.723699092864990234e-01 1.069504976272583008e+00 1.156001329421997070e+00 nan 1.168154954910278320e+00 1.104633569717407227e+00 1.042973279953002930e+00 9.831193685531616211e-01 9.250187873840332031e-01 8.739644289016723633e-01 8.346242904663085938e-01 8.024686574935913086e-01 7.727962732315063477e-01 7.454503774642944336e-01 0.000000000000000000e+00 0.000000000000000000e+00 0.000000000000000000e+00 0.000000000000000000e+00 0.000000000000000000e+00 0.000000000000000000e+00
7.700123786926269531e-01 8.201277256011962891e-01 9.158428907394409180e-01 1.007134914398193359e+00 1.088884353637695312e+00 1.167690515518188477e+00 nan 1.176228284835815430e+00 1.104917049407958984e+00 1.043248176574707031e+00 9.777729511260986328e-01 8.962963819503784180e-01 8.375668525695800781e-01 8.053596019744873047e-01 7.769383192062377930e-01 7.495286464691162109e-01 0.000000000000000000e+00 0.000000000000000000e+00 0.000000000000000000e+00 0.000000000000000000e+00 0.000000000000000000e+00 0.000000000000000000e+00
7.560713291168212891e-01 8.029251098632812500e-01 8.601094484329223633e-01 9.432116746902465820e-01 1.019704818725585938e+00 1.093309164047241211e+00 1.186127185821533203e+00 nan 1.189047336578369141e+00 1.113054990768432617e+00 1.024083852767944336e+00 9.387109279632568359e-01 8.628165721893310547e-01 8.105641603469848633e-01 7.810901403427124023e-01 7.536163330078125000e-01 0.000000000000000000e+00 0.000000000000000000e+00 0.000000000000000000e+00 0.000000000000000000e+00 0.000000000000000000e+00 0.000000000000000000e+00
7.412279844284057617e-01 7.934828996658325195e-01 8.394265174865722656e-01 8.818483352661132812e-01 9.528164863586425781e-01 1.023983001708984375e+00 1.103234291076660156e+00 1.204720735549926758e+00 nan 1.183241128921508789e+00 1.091314792633056641e+00 1.003904581069946289e+00 9.271661043167114258e-01 8.533663749694824219e-01 8.057166337966918945e-01 7.731525897979736328e-01 0.000000000000000000e+00 0.000000000000000000e+00 0.000000000000000000e+00 0.000000000000000000e+00 0.000000000000000000e+00 0.000000000000000000e+00
7.255907058715820312e-01 7.823513746261596680e-01 8.234473466873168945e-01 8.607546091079711914e-01 8.881429433822631836e-01 9.569528102874755859e-01 1.028270244598388672e+00 1.121122598648071289e+00 1.206883192062377930e+00 nan 1.160778522491455078e+00 1.073127985000610352e+00 9.937385320663452148e-01 9.173895120620727539e-01 8.428494930267333984e-01 8.008122444152832031e-01 0.000000000000000000e+00 0.000000000000000000e+00 0.000000000000000000e+00 0.000000000000000000e+00 0.000000000000000000e+00 0.000000000000000000e+00
7.074257135391235352e-01 7.672857046127319336e-01 8.105124235153198242e-01 8.382549285888671875e-01 8.574366569519042969e-01 8.921426534652709961e-01 9.587781429290771484e-01 1.023272752761840820e+00 1.102027416229248047e+00 1.183847427368164062e+00 nan 1.144742727279663086e+00 1.062611103057861328e+00 9.836243391036987305e-01 9.064766168594360352e-01 8.294236660003662109e-01 0.000000000000000000e+00 0.000000000000000000e+00 0.000000000000000000e+00 0.000000000000000000e+00 0.000000000000000000e+00 0.000000000000000000e+00
7.213219404220581055e-01 7.523475885391235352e-01 7.962279319763183594e-01 8.217384815216064453e-01 8.361518383026123047e-01 8.484896421432495117e-01 8.738484382629394531e-01 9.295030832290649414e-01 1.006763935089111328e+00 1.087118387222290039e+00 1.172335386276245117e+00 nan 1.133862257003784180e+00 1.052147150039672852e+00 9.723002910614013672e-01 8.926824331283569336e-01 0.000000000000000000e+00 0.000000000000000000e+00 0.000000000000000000e+00 0.000000000000000000e+00 0.000000000000000000e+00 0.000000000000000000e+00
7.357858419418334961e-01 7.537136077880859375e-01 7.752356529235839844e-01 7.965875864028930664e-01 8.086597919464111328e-01 8.172522783279418945e-01 8.224020004272460938e-01 8.501895666122436523e-01 9.242744445800781250e-01 1.001325845718383789e+00 1.081462621688842773e+00 1.185378551483154297e+00 nan 1.123037099838256836e+00 1.040396928787231445e+00 9.581285715103149414e-01 0.000000000000000000e+00 0.000000000000000000e+00 0.000000000000000000e+00 0.000000000000000000e+00 0.000000000000000000e+00 0.000000000000000000e+00
7.494899034500122070e-01 7.670581340789794922e-01 7.602814435958862305e-01 7.634305953979492188e-01 7.789248228073120117e-01 7.839660644531250000e-01 7.890214920043945312e-01 7.969775199890136719e-01 8.451759815216064453e-01 9.190599918365478516e-01 9.959026575088500977e-01 1.075822353363037109e+00 1.198500156402587891e+00 nan 1.110844373703002930e+00 1.025837659835815430e+00 0.000000000000000000e+00 0.000000000000000000e+00 0.000000000000000000e+00 0.000000000000000000e+00 0.000000000000000000e+00 0.000000000000000000e+00
7.632985115051269531e-01 7.689325809478759766e-01 7.617396116256713867e-01 7.471538782119750977e-01 7.349921464920043945e-01 7.432527542114257812e-01 7.515528202056884766e-01 7.598922252655029297e-01 7.927794456481933594e-01 8.401758670806884766e-01 9.138598442077636719e-01 9.904942512512207031e-01 1.082939147949218750e+00 1.211097240447998047e+00 nan 1.095888376235961914e+00 0.000000000000000000e+00 0.000000000000000000e+00 0.000000000000000000e+00 0.000000000000000000e+00 0.000000000000000000e+00 0.000000000000000000e+00
7.742258310317993164e-01 7.708090543746948242e-01 7.615367174148559570e-01 7.385842800140380859e-01 7.159308195114135742e-01 7.000056505203247070e-01 7.080996036529541016e-01 7.162322998046875000e-01 7.473301887512207031e-01 7.822461128234863281e-01 8.321937322616577148e-01 9.086736440658569336e-01 9.851002693176269531e-01 1.095445632934570312e+00 1.206366539001464844e+00 nan 0.000000000000000000e+00 0.000000000000000000e+00 0.000000000000000000e+00 0.000000000000000000e+00 0.000000000000000000e+00 0.000000000000000000e+00
7.565494775772094727e-01 7.592383623123168945e-01 7.459759712219238281e-01 7.299276590347290039e-01 7.075144052505493164e-01 6.852657794952392578e-01 6.657246351242065430e-01 6.736553907394409180e-01 7.010574340820312500e-01 7.350487709045410156e-01 7.697193622589111328e-01 8.186346292495727539e-01 8.950911760330200195e-01 9.803286790847778320e-01 1.095918178558349609e+00 1.184827327728271484e+00 nan 0.000000000000000000e+00 0.000000000000000000e+00 0.000000000000000000e+00 0.000000000000000000e+00 0.000000000000000000e+00
6.005325317382812500e-01 7.184245586395263672e-01 7.061312198638916016e-01 6.911144256591796875e-01 6.752547025680541992e-01 6.595437526702880859e-01 6.439802646636962891e-01 6.285626888275146484e-01 6.560101509094238281e-01 6.891013383865356445e-01 7.228537797927856445e-01 7.572805881500244141e-01 8.051757812500000000e-01 8.810665607452392578e-01 9.723755121231079102e-01 1.070536613464355469e+00 0.000000000000000000e+00 nan 0.000000000000000000e+00 0.000000000000000000e+00 0.000000000000000000e+00 0.000000000000000000e+00
5.557123422622680664e-01 5.555578470230102539e-01 6.342893838882446289e-01 6.531716585159301758e-01 6.376678943634033203e-01 6.223095655441284180e-01 6.070952415466308594e-01 5.920234918594360352e-01 5.941795110702514648e-01 6.277716159820556641e-01 6.649243831634521484e-01 7.029250860214233398e-01 7.417933940887451172e-01 7.918164730072021484e-01 8.653112649917602539e-01 9.484901428222656250e-01 0.000000000000000000e+00 0.000000000000000000e+00 nan 0.000000000000000000e+00 0.000000000000000000e+00 0.000000000000000000e+00
5.335825681686401367e-01 5.328066349029541016e-01 5.296548604965209961e-01 5.542461872100830078e-01 6.009244918823242188e-01 5.859106779098510742e-01 5.710376501083374023e-01 5.563042163848876953e-01 5.601284503936767578e-01 5.679916143417358398e-01 5.992729663848876953e-01 6.357753276824951172e-01 6.731107234954833984e-01 7.112984657287597656e-01 7.515692710876464844e-01 8.279560804367065430e-01 0.000000000000000000e+00 0.000000000000000000e+00 0.000000000000000000e+00 nan 0.000000000000000000e+00 0.000000000000000000e+00
5.096697807312011719e-01 5.103881359100341797e-01 5.077452659606933594e-01 5.036823749542236328e-01 5.023044347763061523e-01 5.503284931182861328e-01 5.357891321182250977e-01 5.213862657546997070e-01 5.268045663833618164e-01 5.344998836517333984e-01 5.422340631484985352e-01 5.712733268737792969e-01 6.071364879608154297e-01 6.438183784484863281e-01 6.825271844863891602e-01 7.237972021102905273e-01 0.000000000000000000e+00 0.000000000000000000e+00 0.000000000000000000e+00 0.000000000000000000e+00 nan 0.000000000000000000e+00
4.795950651168823242e-01 4.861426353454589844e-01 4.858074188232421875e-01 4.819829463958740234e-01 4.796383380889892578e-01 4.795345067977905273e-01 4.985363483428955078e-01 4.872517585754394531e-01 4.941926002502441406e-01 5.017235279083251953e-01 5.092924833297729492e-01 5.168995857238769531e-01 5.437637567520141602e-01 5.789991617202758789e-01 6.162064075469970703e-01 6.558496952056884766e-01 0.000000000000000000e+00 0.000000000000000000e+00 0.000000000000000000e+00 0.000000000000000000e+00 0.000000000000000000e+00 nan
