nan 1.114071846008300781e+00 1.068204641342163086e+00 1.014359712600708008e+00 9.673519134521484375e-01 9.385219812393188477e-01 9.272425174713134766e-01 9.160288572311401367e-01 9.048801660537719727e-01 9.249354600906372070e-01 8.860617876052856445e-01 8.305572271347045898e-01 7.840907573699951172e-01 7.265859842300415039e-01 6.709346771240234375e-01 6.170771121978759766e-01
1.070974826812744141e+00 nan 1.174530744552612305e+00 1.110679149627685547e+00 1.032993316650390625e+00 9.803723096847534180e-01 9.688494205474853516e-01 9.573937654495239258e-01 9.418762922286987305e-01 9.020335674285888672e-01 8.415250778198242188e-01 7.995443344116210938e-01 7.601538896560668945e-01 7.034205198287963867e-01 6.485159397125244141e-01 5.953809022903442383e-01
9.872369766235351562e-01 1.139842748641967773e+00 nan 1.215549468994140625e+00 1.148892164230346680e+00 1.081537485122680664e+00 1.016294717788696289e+00 9.996515512466430664e-01 9.691406488418579102e-01 8.963569402694702148e-01 7.980401515960693359e-01 7.690567970275878906e-01 7.365380525588989258e-01 6.805659532546997070e-01 6.263978481292724609e-01 5.739758014678955078e-01
9.053283929824829102e-01 1.051730394363403320e+00 1.199036121368408203e+00 nan 1.265460014343261719e+00 1.190121412277221680e+00 1.122151851654052734e+00 1.052027940750122070e+00 9.586055278778076172e-01 8.866457939147949219e-01 7.990154027938842773e-01 7.342084646224975586e-01 7.139539718627929688e-01 6.586160659790039062e-01 6.050649881362915039e-01 5.532428026199340820e-01
8.257867097854614258e-01 9.660767316818237305e-01 1.105978012084960938e+00 1.257243871688842773e+00 nan 1.315459966659545898e+00 1.228567600250244141e+00 1.092065095901489258e+00 9.534856081008911133e-01 8.684344291687011719e-01 7.889515161514282227e-01 7.157200574874877930e-01 6.874123811721801758e-01 6.393678188323974609e-01 5.864381790161132812e-01 5.352174043655395508e-01
7.858407497406005859e-01 8.839992284774780273e-01 1.014003753662109375e+00 1.147692203521728516e+00 1.321750640869140625e+00 nan 1.319670200347900391e+00 1.170956611633300781e+00 1.027150869369506836e+00 8.902542591094970703e-01 7.971589565277099609e-01 7.259594202041625977e-01 6.807132959365844727e-01 6.203429698944091797e-01 5.680274963378906250e-01 5.174012184143066406e-01
7.552896738052368164e-01 8.543133735656738281e-01 9.261947870254516602e-01 1.050495624542236328e+00 1.200799226760864258e+00 1.339976787567138672e+00 nan 1.252823114395141602e+00 1.103594303131103516e+00 9.613124132156372070e-01 8.213616609573364258e-01 7.649834156036376953e-01 7.187141180038452148e-01 6.431978940963745117e-01 5.696908235549926758e-01 5.127799510955810547e-01
7.202794551849365234e-01 8.208218812942504883e-01 8.917725086212158203e-01 9.498715400695800781e-01 1.044846534729003906e+00 1.157301187515258789e+00 1.275939941406250000e+00 nan 1.182920932769775391e+00 1.035041570663452148e+00 8.952856063842773438e-01 8.048894405364990234e-01 7.575740814208984375e-01 6.926862001419067383e-01 5.885509252548217773e-01 5.238854885101318359e-01
7.265167236328125000e-01 7.786458730697631836e-01 8.418675661087036133e-01 8.682540655136108398e-01 8.852113485336303711e-01 9.888863563537597656e-01 1.098263740539550781e+00 1.213655710220336914e+00 nan 1.116726160049438477e+00 9.906717538833618164e-01 8.751082420349121094e-01 7.973127365112304688e-01 7.436647415161132812e-01 6.363933086395263672e-01 5.357211828231811523e-01
7.611967325210571289e-01 7.524425983428955078e-01 7.680867910385131836e-01 7.746160030364990234e-01 7.811692953109741211e-01 8.336199522018432617e-01 9.344578981399536133e-01 1.043916225433349609e+00 1.184207201004028320e+00 nan 1.090857982635498047e+00 9.694789648056030273e-01 8.551456928253173828e-01 7.897677421569824219e-01 6.856765747070312500e-01 5.819725990295410156e-01
7.836852073669433594e-01 7.469196319580078125e-01 7.108609676361083984e-01 6.913208961486816406e-01 7.029649019241333008e-01 7.456793785095214844e-01 8.068908452987670898e-01 9.176323413848876953e-01 1.034713268280029297e+00 1.196741580963134766e+00 nan 1.068598985671997070e+00 9.485116004943847656e-01 8.353956937789916992e-01 7.364441156387329102e-01 6.296169757843017578e-01
7.417454719543457031e-01 7.112238407135009766e-01 6.891239881515502930e-01 6.662904024124145508e-01 6.422784328460693359e-01 6.792989969253540039e-01 7.279840707778930664e-01 7.876076698303222656e-01 8.971673250198364258e-01 1.017962932586669922e+00 1.164618015289306641e+00 nan 1.046576499938964844e+00 9.276330471038818359e-01 7.879099845886230469e-01 6.726528406143188477e-01
5.530600547790527344e-01 6.551033258438110352e-01 6.346565485000610352e-01 6.125593185424804688e-01 5.907607078552246094e-01 5.968606472015380859e-01 6.497725248336791992e-01 7.044377326965332031e-01 7.685303688049316406e-01 8.757615089416503906e-01 9.837812185287475586e-01 1.147595643997192383e+00 nan 1.013971090316772461e+00 8.692638874053955078e-01 7.085394859313964844e-01
5.212506055831909180e-01 5.185694694519042969e-01 5.540519952774047852e-01 5.605608224868774414e-01 5.394651889801025391e-01 5.446540117263793945e-01 5.566352605819702148e-01 6.082142591476440430e-01 6.615024805068969727e-01 7.173246145248413086e-01 8.191717863082885742e-01 9.424849748611450195e-01 1.113441467285156250e+00 nan 9.611229896545410156e-01 7.743512392044067383e-01
4.858003854751586914e-01 4.871295690536499023e-01 4.814666509628295898e-01 4.801739454269409180e-01 4.898235797882080078e-01 4.972243309020996094e-01 5.081366300582885742e-01 5.191284418106079102e-01 5.677030086517333984e-01 6.204096078872680664e-01 6.781326532363891602e-01 7.573748826980590820e-01 8.811497688293457031e-01 9.974912405014038086e-01 nan 8.672963380813598633e-01
4.390974044799804688e-01 4.483052492141723633e-01 4.468522071838378906e-01 4.442228078842163086e-01 4.443286657333374023e-01 4.479461908340454102e-01 4.587540626525878906e-01 4.696425199508666992e-01 4.806123971939086914e-01 5.065549612045288086e-01 5.627682209014892578e-01 6.234477758407592773e-01 6.905028820037841797e-01 7.846685647964477539e-01 8.965303897857666016e-01 nan
