nan 1.302801847457885742e+00 1.198089838027954102e+00 1.107891082763671875e+00 1.076371908187866211e+00 1.029674530029296875e+00 9.798564910888671875e-01 9.757699966430664062e-01 9.680171012878417969e-01 9.602948427200317383e-01 9.526025056838989258e-01 9.449404478073120117e-01 9.320092201232910156e-01 9.060858488082885742e-01 8.894531726837158203e-01 8.726429939270019531e-01 0.000000000000000000e+00 0.000000000000000000e+00 0.000000000000000000e+00 0.000000000000000000e+00 0.000000000000000000e+00 0.000000000000000000e+00
1.240693330764770508e+00 nan 1.337673425674438477e+00 1.227908849716186523e+00 1.147892236709594727e+00 1.097445487976074219e+00 1.060927391052246094e+00 1.021284580230712891e+00 9.982981681823730469e-01 9.904569387435913086e-01 9.826463460922241211e-01 9.748666286468505859e-01 9.604034423828125000e-01 9.044560194015502930e-01 8.853526115417480469e-01 8.685790300369262695e-01 0.000000000000000000e+00 0.000000000000000000e+00 0.000000000000000000e+00 0.000000000000000000e+00 0.000000000000000000e+00 0.000000000000000000e+00
1.117222309112548828e+00 1.281667232513427734e+00 nan 1.373073101043701172e+00 1.252659797668457031e+00 1.183418035507202148e+00 1.145683288574218750e+00 1.101435661315917969e+00 1.055845022201538086e+00 1.021083116531372070e+00 1.013152599334716797e+00 1.005253076553344727e+00 9.885106086730957031e-01 9.324450492858886719e-01 8.812611103057861328e-01 8.645237684249877930e-01 0.000000000000000000e+00 0.000000000000000000e+00 0.000000000000000000e+00 0.000000000000000000e+00 0.000000000000000000e+00 0.000000000000000000e+00
1.012193918228149414e+00 1.153817653656005859e+00 1.326146364212036133e+00 nan 1.417417049407958984e+00 1.312051773071289062e+00 1.233213901519775391e+00 1.184764623641967773e+00 1.137366294860839844e+00 1.090996503829956055e+00 1.045632362365722656e+00 1.033866167068481445e+00 1.013775587081909180e+00 9.608457088470458984e-01 9.069784879684448242e-01 8.604774475097656250e-01 0.000000000000000000e+00 0.000000000000000000e+00 0.000000000000000000e+00 0.000000000000000000e+00 0.000000000000000000e+00 0.000000000000000000e+00
9.576873779296875000e-01 1.057639122009277344e+00 1.191046476364135742e+00 1.384758710861206055e+00 nan 1.493097782135009766e+00 1.382926702499389648e+00 1.280797243118286133e+00 1.222120523452758789e+00 1.173911809921264648e+00 1.126749038696289062e+00 1.072833061218261719e+00 1.039362192153930664e+00 9.896632432937622070e-01 9.350365400314331055e-01 8.739347457885742188e-01 0.000000000000000000e+00 0.000000000000000000e+00 0.000000000000000000e+00 0.000000000000000000e+00 0.000000000000000000e+00 0.000000000000000000e+00
9.086968898773193359e-01 1.006037950515747070e+00 1.108343124389648438e+00 1.243148803710937500e+00 1.439670324325561523e+00 nan 1.563506841659545898e+00 1.434457302093505859e+00 1.324122190475463867e+00 1.259222507476806641e+00 1.199283599853515625e+00 1.138839244842529297e+00 1.080399751663208008e+00 1.013236045837402344e+00 9.524444341659545898e-01 8.698906898498535156e-01 0.000000000000000000e+00 0.000000000000000000e+00 0.000000000000000000e+00 0.000000000000000000e+00 0.000000000000000000e+00 0.000000000000000000e+00
8.609323501586914062e-01 9.558373689651489258e-01 1.057592868804931641e+00 1.171314239501953125e+00 1.297954559326171875e+00 1.527821779251098633e+00 nan 1.625026226043701172e+00 1.492880105972290039e+00 1.368031978607177734e+00 1.287253618240356445e+00 1.214392423629760742e+00 1.143851757049560547e+00 1.059777736663818359e+00 9.441055059432983398e-01 8.626481294631958008e-01 0.000000000000000000e+00 0.000000000000000000e+00 0.000000000000000000e+00 0.000000000000000000e+00 0.000000000000000000e+00 0.000000000000000000e+00
8.111935853958129883e-01 9.024815559387207031e-01 1.009693145751953125e+00 1.114362239837646484e+00 1.213375806808471680e+00 1.357184171676635742e+00 1.601370096206665039e+00 nan 1.688021421432495117e+00 1.552384138107299805e+00 1.409417867660522461e+00 1.302966117858886719e+00 1.229604244232177734e+00 1.115285158157348633e+00 9.800789356231689453e-01 8.728009462356567383e-01 0.000000000000000000e+00 0.000000000000000000e+00 0.000000000000000000e+00 0.000000000000000000e+00 0.000000000000000000e+00 0.000000000000000000e+00
7.900438308715820312e-01 8.557291030883789062e-01 9.548130035400390625e-01 1.051029443740844727e+00 1.144042968750000000e+00 1.254347562789916992e+00 1.417579412460327148e+00 1.677059412002563477e+00 nan 1.744475603103637695e+00 1.590749263763427734e+00 1.445634365081787109e+00 1.290398836135864258e+00 1.174062728881835938e+00 1.034939289093017578e+00 9.033623933792114258e-01 0.000000000000000000e+00 0.000000000000000000e+00 0.000000000000000000e+00 0.000000000000000000e+00 0.000000000000000000e+00 0.000000000000000000e+00
7.691124677658081055e-01 8.400719165802001953e-01 9.085094928741455078e-01 9.887356758117675781e-01 1.077436447143554688e+00 1.173314094543457031e+00 1.296077966690063477e+00 1.487920761108398438e+00 1.754950761795043945e+00 nan 1.791743755340576172e+00 1.581197500228881836e+00 1.376205444335937500e+00 1.234473705291748047e+00 1.091319799423217773e+00 9.578864574432373047e-01 0.000000000000000000e+00 0.000000000000000000e+00 0.000000000000000000e+00 0.000000000000000000e+00 0.000000000000000000e+00 0.000000000000000000e+00
7.409247159957885742e-01 8.221595287322998047e-01 8.907682895660400391e-01 9.411914348602294922e-01 1.012898921966552734e+00 1.102677345275878906e+00 1.213543891906738281e+00 1.335756540298461914e+00 1.549938440322875977e+00 1.835078001022338867e+00 nan 1.737100362777709961e+00 1.492584705352783203e+00 1.320678949356079102e+00 1.149262666702270508e+00 1.013972520828247070e+00 0.000000000000000000e+00 0.000000000000000000e+00 0.000000000000000000e+00 0.000000000000000000e+00 0.000000000000000000e+00 0.000000000000000000e+00
7.183272838592529297e-01 8.054559230804443359e-01 8.731925487518310547e-01 9.180334806442260742e-01 9.562778472900390625e-01 1.033905267715454102e+00 1.124380826950073242e+00 1.238078355789184570e+00 1.371574640274047852e+00 1.569343566894531250e+00 1.806543350219726562e+00 nan 1.661347150802612305e+00 1.433712482452392578e+00 1.229372262954711914e+00 1.071664810180664062e+00 0.000000000000000000e+00 0.000000000000000000e+00 0.000000000000000000e+00 0.000000000000000000e+00 0.000000000000000000e+00 0.000000000000000000e+00
7.351351976394653320e-01 7.847142219543457031e-01 8.506640195846557617e-01 8.910940885543823242e-01 9.233853816986083984e-01 9.587905406951904297e-01 1.040410280227661133e+00 1.144568443298339844e+00 1.247871637344360352e+00 1.332967281341552734e+00 1.501585721969604492e+00 1.746107101440429688e+00 nan 1.607800960540771484e+00 1.347810745239257812e+00 1.144900798797607422e+00 0.000000000000000000e+00 0.000000000000000000e+00 0.000000000000000000e+00 0.000000000000000000e+00 0.000000000000000000e+00 0.000000000000000000e+00
7.538565397262573242e-01 7.820385694503784180e-01 8.137515783309936523e-01 8.534854650497436523e-01 8.889354467391967773e-01 9.211897850036621094e-01 9.650555849075317383e-01 1.048225879669189453e+00 1.125763893127441406e+00 1.206237077713012695e+00 1.289756536483764648e+00 1.469451904296875000e+00 1.698997259140014648e+00 nan 1.515741586685180664e+00 1.262881278991699219e+00 0.000000000000000000e+00 0.000000000000000000e+00 0.000000000000000000e+00 0.000000000000000000e+00 0.000000000000000000e+00 0.000000000000000000e+00
7.798303365707397461e-01 7.875851392745971680e-01 7.932132482528686523e-01 8.126871585845947266e-01 8.523979187011718750e-01 8.867788314819335938e-01 9.159317016601562500e-01 9.369624853134155273e-01 1.010288715362548828e+00 1.086390256881713867e+00 1.165372610092163086e+00 1.247345924377441406e+00 1.445607423782348633e+00 1.672936201095581055e+00 nan 1.426955938339233398e+00 0.000000000000000000e+00 0.000000000000000000e+00 0.000000000000000000e+00 0.000000000000000000e+00 0.000000000000000000e+00 0.000000000000000000e+00
8.061892986297607422e-01 7.898201942443847656e-01 7.889266014099121094e-01 7.953770160675048828e-01 8.116239309310913086e-01 8.513113260269165039e-01 8.550095558166503906e-01 8.585096597671508789e-01 9.010864496231079102e-01 9.730540513992309570e-01 1.047746419906616211e+00 1.125266075134277344e+00 1.222422122955322266e+00 1.421992778778076172e+00 1.594033241271972656e+00 nan 0.000000000000000000e+00 0.000000000000000000e+00 0.000000000000000000e+00 0.000000000000000000e+00 0.000000000000000000e+00 0.000000000000000000e+00
7.844886779785156250e-01 7.815043926239013672e-01 7.739708423614501953e-01 7.910852432250976562e-01 7.975434064865112305e-01 7.812700271606445312e-01 7.859960794448852539e-01 7.907342910766601562e-01 8.214854001998901367e-01 8.658746480941772461e-01 9.365094900131225586e-01 1.009818077087402344e+00 1.085901975631713867e+00 1.199408531188964844e+00 1.360947132110595703e+00 1.527717351913452148e+00 nan 0.000000000000000000e+00 0.000000000000000000e+00 0.000000000000000000e+00 0.000000000000000000e+00 0.000000000000000000e+00
6.317764520645141602e-01 7.336190938949584961e-01 7.220495939254760742e-01 7.269939184188842773e-01 7.218858003616333008e-01 7.098578214645385742e-01 7.010903358459472656e-01 7.191747426986694336e-01 7.534197568893432617e-01 7.866141796112060547e-01 8.317546844482421875e-01 9.068051576614379883e-01 9.849303960800170898e-01 1.071129322052001953e+00 1.163038015365600586e+00 1.310914039611816406e+00 0.000000000000000000e+00 nan 0.000000000000000000e+00 0.000000000000000000e+00 0.000000000000000000e+00 0.000000000000000000e+00
6.023609638214111328e-01 5.881034135818481445e-01 6.552428007125854492e-01 6.676501035690307617e-01 6.520242691040039062e-01 6.365448236465454102e-01 6.227356195449829102e-01 6.130328178405761719e-01 6.520427465438842773e-01 6.938790082931518555e-01 7.367748022079467773e-01 7.878512144088745117e-01 8.754588365554809570e-01 9.569629430770874023e-01 1.031035184860229492e+00 1.131965637207031250e+00 0.000000000000000000e+00 0.000000000000000000e+00 nan 0.000000000000000000e+00 0.000000000000000000e+00 0.000000000000000000e+00
5.840293169021606445e-01 5.695556402206420898e-01 5.461380481719970703e-01 5.774044990539550781e-01 6.150183677673339844e-01 5.998855829238891602e-01 5.848946571350097656e-01 5.700442790985107422e-01 5.780594348907470703e-01 6.141365766525268555e-01 6.510385274887084961e-01 6.887842416763305664e-01 7.273927927017211914e-01 8.043922185897827148e-01 8.865826129913330078e-01 9.776875972747802734e-01 0.000000000000000000e+00 0.000000000000000000e+00 0.000000000000000000e+00 nan 0.000000000000000000e+00 0.000000000000000000e+00
5.657315254211425781e-01 5.444447994232177734e-01 5.239385366439819336e-01 5.198199748992919922e-01 5.187103748321533203e-01 5.640474557876586914e-01 5.493924617767333984e-01 5.363256931304931641e-01 5.440566539764404297e-01 5.518265962600708008e-01 5.861932039260864258e-01 6.224563121795654297e-01 6.595485210418701172e-01 6.974886655807495117e-01 7.605375051498413086e-01 8.455556631088256836e-01 0.000000000000000000e+00 0.000000000000000000e+00 0.000000000000000000e+00 0.000000000000000000e+00 nan 0.000000000000000000e+00
5.445542335510253906e-01 5.126137733459472656e-01 5.016142129898071289e-01 4.977370500564575195e-01 4.956637620925903320e-01 4.956269264221191406e-01 5.146853923797607422e-01 5.034570693969726562e-01 5.110226869583129883e-01 5.186264514923095703e-01 5.262683629989624023e-01 5.587334632873535156e-01 5.943689346313476562e-01 6.308188438415527344e-01 6.703457832336425781e-01 7.222516536712646484e-01 0.000000000000000000e+00 0.000000000000000000e+00 0.000000000000000000e+00 0.000000000000000000e+00 0.000000000000000000e+00 nan
