nan 1.167169570922851562e+00 1.088654756546020508e+00 1.057422876358032227e+00 1.026658296585083008e+00 9.813581705093383789e-01 9.586117267608642578e-01 9.358203411102294922e-01 9.132941961288452148e-01 8.910303115844726562e-01 8.690253496170043945e-01 8.594683408737182617e-01 8.546957969665527344e-01 8.536921739578247070e-01 8.372724056243896484e-01 8.209266662597656250e-01 0.000000000000000000e+00 0.000000000000000000e+00 0.000000000000000000e+00 0.000000000000000000e+00 0.000000000000000000e+00 0.000000000000000000e+00
1.244856595993041992e+00 nan 1.194753408432006836e+00 1.131220579147338867e+00 1.096761703491210938e+00 1.047568559646606445e+00 9.905854463577270508e-01 9.503091573715209961e-01 9.276144504547119141e-01 9.051839113235473633e-01 8.955172300338745117e-01 8.880792856216430664e-01 8.751984834671020508e-01 8.496762514114379883e-01 8.332852125167846680e-01 8.169748783111572266e-01 0.000000000000000000e+00 0.000000000000000000e+00 0.000000000000000000e+00 0.000000000000000000e+00 0.000000000000000000e+00 0.000000000000000000e+00
1.115134954452514648e+00 1.277171373367309570e+00 nan 1.224527359008789062e+00 1.166828393936157227e+00 1.115328788757324219e+00 1.053413629531860352e+00 9.933108091354370117e-01 9.420418739318847656e-01 9.322649240493774414e-01 9.246827363967895508e-01 9.171303510665893555e-01 8.990242481231689453e-01 8.686614036560058594e-01 8.293067216873168945e-01 8.130317926406860352e-01 0.000000000000000000e+00 0.000000000000000000e+00 0.000000000000000000e+00 0.000000000000000000e+00 0.000000000000000000e+00 0.000000000000000000e+00
1.027985572814941406e+00 1.151694536209106445e+00 1.320403814315795898e+00 nan 1.247832059860229492e+00 1.182094573974609375e+00 1.118225097656250000e+00 1.056225299835205078e+00 1.009452581405639648e+00 9.658582210540771484e-01 9.542969465255737305e-01 9.423394203186035156e-01 9.231528043746948242e-01 8.961246013641357422e-01 8.451089859008789062e-01 8.110038042068481445e-01 0.000000000000000000e+00 0.000000000000000000e+00 0.000000000000000000e+00 0.000000000000000000e+00 0.000000000000000000e+00 0.000000000000000000e+00
9.730297327041625977e-01 1.073787450790405273e+00 1.188886404037475586e+00 1.364457607269287109e+00 nan 1.266822814941406250e+00 1.188468694686889648e+00 1.135462999343872070e+00 1.089134454727172852e+00 1.043811082839965820e+00 9.994705915451049805e-01 9.670177698135375977e-01 9.475874900817871094e-01 9.239909648895263672e-01 8.722566366195678711e-01 8.271389007568359375e-01 0.000000000000000000e+00 0.000000000000000000e+00 0.000000000000000000e+00 0.000000000000000000e+00 0.000000000000000000e+00 0.000000000000000000e+00
9.189949035644531250e-01 1.019381046295166016e+00 1.122366666793823242e+00 1.226682424545288086e+00 1.383526563644409180e+00 nan 1.301600694656372070e+00 1.230323791503906250e+00 1.172249794006347656e+00 1.122255563735961914e+00 1.073517322540283203e+00 1.016862869262695312e+00 9.716169834136962891e-01 9.518374204635620117e-01 8.996573686599731445e-01 8.403065204620361328e-01 0.000000000000000000e+00 0.000000000000000000e+00 0.000000000000000000e+00 0.000000000000000000e+00 0.000000000000000000e+00 0.000000000000000000e+00
8.636487722396850586e-01 9.617656469345092773e-01 1.065048217773437500e+00 1.162294387817382812e+00 1.263739585876464844e+00 1.425215005874633789e+00 nan 1.345084905624389648e+00 1.265484333038330078e+00 1.206495046615600586e+00 1.139765501022338867e+00 1.075999021530151367e+00 1.019276618957519531e+00 9.680624008178710938e-01 9.002048969268798828e-01 8.343422412872314453e-01 0.000000000000000000e+00 0.000000000000000000e+00 0.000000000000000000e+00 0.000000000000000000e+00 0.000000000000000000e+00 0.000000000000000000e+00
8.098984956741333008e-01 9.051858186721801758e-01 1.005489587783813477e+00 1.093967437744140625e+00 1.178305864334106445e+00 1.283509254455566406e+00 1.473674774169921875e+00 nan 1.389389753341674805e+00 1.298576593399047852e+00 1.225354433059692383e+00 1.154464960098266602e+00 1.085833549499511719e+00 1.005020141601562500e+00 8.920887708663940430e-01 8.281780481338500977e-01 0.000000000000000000e+00 0.000000000000000000e+00 0.000000000000000000e+00 0.000000000000000000e+00 0.000000000000000000e+00 0.000000000000000000e+00
7.858046293258666992e-01 8.502377271652221680e-01 9.465358257293701172e-01 1.027799606323242188e+00 1.105558633804321289e+00 1.197625875473022461e+00 1.329035758972167969e+00 1.529433012008666992e+00 nan 1.424946784973144531e+00 1.314367294311523438e+00 1.240642309188842773e+00 1.157725095748901367e+00 1.057929754257202148e+00 9.284030199050903320e-01 8.354552984237670898e-01 0.000000000000000000e+00 0.000000000000000000e+00 0.000000000000000000e+00 0.000000000000000000e+00 0.000000000000000000e+00 0.000000000000000000e+00
7.648098468780517578e-01 8.311799764633178711e-01 8.853250741958618164e-01 9.637228250503540039e-01 1.036350250244140625e+00 1.118631362915039062e+00 1.238306045532226562e+00 1.383033990859985352e+00 1.589732885360717773e+00 nan 1.449125051498413086e+00 1.322061300277709961e+00 1.214664936065673828e+00 1.112236499786376953e+00 9.818317890167236328e-01 8.694024085998535156e-01 0.000000000000000000e+00 0.000000000000000000e+00 0.000000000000000000e+00 0.000000000000000000e+00 0.000000000000000000e+00 0.000000000000000000e+00
7.366907596588134766e-01 8.157297372817993164e-01 8.646311759948730469e-01 9.042179584503173828e-01 9.694166183471679688e-01 1.049203157424926758e+00 1.157849311828613281e+00 1.276476144790649414e+00 1.427957773208618164e+00 1.655812501907348633e+00 nan 1.426996231079101562e+00 1.273107767105102539e+00 1.167975902557373047e+00 1.036741018295288086e+00 9.229536056518554688e-01 0.000000000000000000e+00 0.000000000000000000e+00 0.000000000000000000e+00 0.000000000000000000e+00 0.000000000000000000e+00 0.000000000000000000e+00
7.167690992355346680e-01 7.949885129928588867e-01 8.441644906997680664e-01 8.779985904693603516e-01 9.046828746795654297e-01 9.818120002746582031e-01 1.070545196533203125e+00 1.181361436843872070e+00 1.298108577728271484e+00 1.466862201690673828e+00 1.671059608459472656e+00 nan 1.383996486663818359e+00 1.225076436996459961e+00 1.093170642852783203e+00 9.780110120773315430e-01 0.000000000000000000e+00 0.000000000000000000e+00 0.000000000000000000e+00 0.000000000000000000e+00 0.000000000000000000e+00 0.000000000000000000e+00
7.125818729400634766e-01 7.710859775543212891e-01 8.234527111053466797e-01 8.478320837020874023e-01 8.648139238357543945e-01 9.086211919784545898e-01 9.881504774093627930e-01 1.090221166610717773e+00 1.202090740203857422e+00 1.289782285690307617e+00 1.443299055099487305e+00 1.643291234970092773e+00 nan 1.347641944885253906e+00 1.150436878204345703e+00 1.033723592758178711e+00 0.000000000000000000e+00 0.000000000000000000e+00 0.000000000000000000e+00 0.000000000000000000e+00 0.000000000000000000e+00 0.000000000000000000e+00
7.261825799942016602e-01 7.434101104736328125e-01 7.870485782623291016e-01 8.113571405410766602e-01 8.310546875000000000e-01 8.623207807540893555e-01 9.147168397903442383e-01 1.002692461013793945e+00 1.086012363433837891e+00 1.164776563644409180e+00 1.246514797210693359e+00 1.420813322067260742e+00 1.616966724395751953e+00 nan 1.255362033843994141e+00 1.095784425735473633e+00 0.000000000000000000e+00 0.000000000000000000e+00 0.000000000000000000e+00 0.000000000000000000e+00 0.000000000000000000e+00 0.000000000000000000e+00
7.398914098739624023e-01 7.497800588607788086e-01 7.451374530792236328e-01 7.694672346115112305e-01 7.977839708328247070e-01 8.282885551452636719e-01 8.593108654022216797e-01 9.001231193542480469e-01 9.718683958053588867e-01 1.046322584152221680e+00 1.123588085174560547e+00 1.218811035156250000e+00 1.398624897003173828e+00 1.588798284530639648e+00 nan 1.211698293685913086e+00 0.000000000000000000e+00 0.000000000000000000e+00 0.000000000000000000e+00 0.000000000000000000e+00 0.000000000000000000e+00 0.000000000000000000e+00
7.577934265136718750e-01 7.516435384750366211e-01 7.441825866699218750e-01 7.327390909194946289e-01 7.598404884338378906e-01 7.946969270706176758e-01 8.100829124450683594e-01 8.112266063690185547e-01 8.639698028564453125e-01 9.343498945236206055e-01 1.007766485214233398e+00 1.085816860198974609e+00 1.200752973556518555e+00 1.382021665573120117e+00 1.512884855270385742e+00 nan 0.000000000000000000e+00 0.000000000000000000e+00 0.000000000000000000e+00 0.000000000000000000e+00 0.000000000000000000e+00 0.000000000000000000e+00
7.590856552124023438e-01 7.558170557022094727e-01 7.454605102539062500e-01 7.341744899749755859e-01 7.342479228973388672e-01 7.499834299087524414e-01 7.563418149948120117e-01 7.617622613906860352e-01 7.881797552108764648e-01 8.418004512786865234e-01 9.133993387222290039e-01 9.877812862396240234e-01 1.072254419326782227e+00 1.195364952087402344e+00 1.339056491851806641e+00 1.503035068511962891e+00 nan 0.000000000000000000e+00 0.000000000000000000e+00 0.000000000000000000e+00 0.000000000000000000e+00 0.000000000000000000e+00
6.164596080780029297e-01 7.245320081710815430e-01 7.219842672348022461e-01 7.178554534912109375e-01 7.098727226257324219e-01 6.972264051437377930e-01 7.022396326065063477e-01 7.084244489669799805e-01 7.343932390213012695e-01 7.670650482177734375e-01 8.244965076446533203e-01 8.981770277023315430e-01 9.741835594177246094e-01 1.076772212982177734e+00 1.177141904830932617e+00 1.329692602157592773e+00 0.000000000000000000e+00 nan 0.000000000000000000e+00 0.000000000000000000e+00 0.000000000000000000e+00 0.000000000000000000e+00
5.764656066894531250e-01 5.785530805587768555e-01 6.788095235824584961e-01 6.873333454132080078e-01 6.715091466903686523e-01 6.558334827423095703e-01 6.403048038482666016e-01 6.419060230255126953e-01 6.740375757217407227e-01 7.122462987899780273e-01 7.513271570205688477e-01 8.109943866729736328e-01 8.871300220489501953e-01 9.661318063735961914e-01 1.062460422515869141e+00 1.169589042663574219e+00 0.000000000000000000e+00 0.000000000000000000e+00 nan 0.000000000000000000e+00 0.000000000000000000e+00 0.000000000000000000e+00
5.581005811691284180e-01 5.593373775482177734e-01 5.604815483093261719e-01 6.053843498229980469e-01 6.340065002441406250e-01 6.186825037002563477e-01 6.035020351409912109e-01 5.884641408920288086e-01 6.080267429351806641e-01 6.447288990020751953e-01 6.822687387466430664e-01 7.206654548645019531e-01 7.719519138336181641e-01 8.538832664489746094e-01 9.352892637252807617e-01 1.041931867599487305e+00 0.000000000000000000e+00 0.000000000000000000e+00 0.000000000000000000e+00 nan 0.000000000000000000e+00 0.000000000000000000e+00
5.396872758865356445e-01 5.403556823730468750e-01 5.381304025650024414e-01 5.339857339859008789e-01 5.328602790832519531e-01 5.823649168014526367e-01 5.675251483917236328e-01 5.528246164321899414e-01 5.591142177581787109e-01 5.798739194869995117e-01 6.159334182739257812e-01 6.528160572052001953e-01 6.905404329299926758e-01 7.304437160491943359e-01 8.064296245574951172e-01 8.894083499908447266e-01 0.000000000000000000e+00 0.000000000000000000e+00 0.000000000000000000e+00 0.000000000000000000e+00 nan 0.000000000000000000e+00
5.211064815521240234e-01 5.163396596908569336e-01 5.160994529724121094e-01 5.120141506195068359e-01 5.097332000732421875e-01 5.096273422241210938e-01 5.323555469512939453e-01 5.181603431701660156e-01 5.258121490478515625e-01 5.335024595260620117e-01 5.522137880325317383e-01 5.876419544219970703e-01 6.238788366317749023e-01 6.612137556076049805e-01 7.019611597061157227e-01 7.628490924835205078e-01 0.000000000000000000e+00 0.000000000000000000e+00 0.000000000000000000e+00 0.000000000000000000e+00 0.000000000000000000e+00 nan
