nan 9.742159843444824219e-01 9.317173957824707031e-01 8.816875219345092773e-01 8.614624738693237305e-01 8.421915769577026367e-01 8.231204748153686523e-01 8.032200336456298828e-01 7.787111997604370117e-01 7.945553064346313477e-01 7.974340915679931641e-01 8.144621849060058594e-01 7.927978038787841797e-01 7.292517423629760742e-01 6.679577827453613281e-01 6.088365316390991211e-01
8.918364048004150391e-01 nan 1.032593965530395508e+00 9.731843471527099609e-01 9.029749631881713867e-01 8.659495115280151367e-01 8.466323614120483398e-01 8.255751132965087891e-01 8.050479888916015625e-01 7.801994085311889648e-01 7.754596471786499023e-01 7.858836650848388672e-01 7.787432670593261719e-01 7.216449975967407227e-01 6.613821983337402344e-01 6.024940013885498047e-01
8.362356424331665039e-01 9.538614749908447266e-01 nan 1.068361759185791016e+00 9.944087266921997070e-01 9.230996370315551758e-01 8.704475164413452148e-01 8.526059389114379883e-01 8.317747116088867188e-01 8.013712167739868164e-01 7.486239671707153320e-01 7.557661533355712891e-01 7.559417486190795898e-01 6.995756626129150391e-01 6.450184583663940430e-01 5.922129154205322266e-01
7.804067134857177734e-01 8.897410631179809570e-01 1.017594099044799805e+00 nan 1.094143390655517578e+00 1.019077062606811523e+00 9.431028366088867188e-01 8.771075010299682617e-01 8.561738729476928711e-01 8.157684803009033203e-01 7.574810981750488281e-01 7.248888015747070312e-01 7.320338487625122070e-01 6.788063049316406250e-01 6.248241662979125977e-01 5.725780725479125977e-01
7.679041624069213867e-01 8.310594558715820312e-01 9.384239912033081055e-01 1.053858757019042969e+00 nan 1.116780996322631836e+00 1.027957201004028320e+00 9.524314403533935547e-01 8.732361793518066406e-01 8.224066495895385742e-01 7.641048431396484375e-01 7.250854969024658203e-01 6.996350288391113281e-01 6.603294610977172852e-01 6.069415807723999023e-01 5.552704334259033203e-01
7.646138668060302734e-01 8.226780891418457031e-01 8.719812631607055664e-01 9.696462154388427734e-01 1.072225809097290039e+00 nan 1.134925365447998047e+00 1.035460233688354492e+00 9.312422275543212891e-01 8.290690183639526367e-01 7.759181261062622070e-01 7.315872907638549805e-01 6.932872533798217773e-01 6.420559883117675781e-01 5.892558097839355469e-01 5.381532907485961914e-01
7.440133094787597656e-01 8.140398263931274414e-01 8.546943664550781250e-01 8.907539844512939453e-01 9.843864440917968750e-01 1.096595764160156250e+00 nan 1.140357017517089844e+00 1.028985738754272461e+00 9.178525209426879883e-01 8.165919780731201172e-01 7.690834999084472656e-01 7.228176593780517578e-01 6.579153537750244141e-01 5.800536870956420898e-01 5.229387283325195312e-01
7.252694368362426758e-01 7.962715625762939453e-01 8.314182758331298828e-01 8.569093942642211914e-01 9.049040079116821289e-01 9.966878890991210938e-01 1.112481594085693359e+00 nan 1.131675958633422852e+00 1.014918088912963867e+00 9.024142026901245117e-01 8.096009492874145508e-01 7.622752189636230469e-01 7.091931104660034180e-01 6.043262481689453125e-01 5.348883867263793945e-01
7.463706731796264648e-01 7.711455821990966797e-01 8.084344863891601562e-01 8.300825357437133789e-01 8.480337858200073242e-01 8.856551647186279297e-01 9.888397455215454102e-01 1.105036735534667969e+00 nan 1.116896629333496094e+00 9.987939596176147461e-01 8.828934431076049805e-01 8.026366233825683594e-01 7.554932832717895508e-01 6.539467573165893555e-01 5.524693727493286133e-01
7.677301168441772461e-01 7.808259725570678711e-01 7.689547538757324219e-01 7.913353443145751953e-01 8.018165826797485352e-01 8.093553781509399414e-01 8.724344968795776367e-01 9.818307161331176758e-01 1.118825674057006836e+00 nan 1.124587297439575195e+00 9.782842397689819336e-01 8.634822368621826172e-01 7.955050468444824219e-01 7.042931318283081055e-01 5.994435548782348633e-01
7.876527309417724609e-01 7.830082178115844727e-01 7.662273645401000977e-01 7.400616407394409180e-01 7.521747350692749023e-01 7.623685598373413086e-01 7.929316759109497070e-01 8.658177852630615234e-01 9.746862649917602539e-01 1.136955499649047852e+00 nan 1.105757713317871094e+00 9.572676420211791992e-01 8.436434268951416016e-01 7.556213140487670898e-01 6.476141214370727539e-01
7.741966247558593750e-01 7.741292715072631836e-01 7.601480484008789062e-01 7.277109622955322266e-01 6.952884197235107422e-01 7.017396688461303711e-01 7.315706014633178711e-01 7.817710638046264648e-01 8.582440614700317383e-01 9.766207933425903320e-01 1.152970075607299805e+00 nan 1.087199687957763672e+00 9.364305734634399414e-01 8.084954023361206055e-01 6.972354650497436523e-01
5.746539831161499023e-01 6.854003667831420898e-01 7.033987045288085938e-01 6.803722381591796875e-01 6.576569080352783203e-01 6.352487802505493164e-01 6.598678827285766602e-01 7.140183448791503906e-01 7.637100219726562500e-01 8.384128808975219727e-01 9.851857423782348633e-01 1.145715713500976562e+00 nan 1.068805217742919922e+00 9.088768959045410156e-01 7.483510971069335938e-01
5.464324951171875000e-01 5.429514646530151367e-01 5.671938657760620117e-01 6.261869668960571289e-01 6.042041778564453125e-01 5.825185775756835938e-01 5.773954391479492188e-01 6.180553436279296875e-01 6.716696023941040039e-01 7.270603179931640625e-01 8.009759187698364258e-01 9.585933685302734375e-01 1.138485908508300781e+00 nan 1.050573348999023438e+00 8.334447145462036133e-01
5.109404325485229492e-01 5.111311674118041992e-01 5.052529573440551758e-01 5.039489269256591797e-01 5.524752140045166016e-01 5.314887762069702148e-01 5.289603471755981445e-01 5.401039123535156250e-01 5.772961378097534180e-01 6.295598745346069336e-01 6.853761672973632812e-01 7.521301507949829102e-01 8.669494390487670898e-01 1.047867774963378906e+00 nan 9.753401279449462891e-01
4.642566442489624023e-01 4.736676216125488281e-01 4.709378480911254883e-01 4.682739973068237305e-01 4.683816432952880859e-01 4.687926769256591797e-01 4.797561168670654297e-01 4.908013343811035156e-01 5.019291639328002930e-01 5.232771635055541992e-01 5.774335861206054688e-01 6.425881385803222656e-01 7.104339599609375000e-01 7.967116832733154297e-01 9.440281391143798828e-01 nan
