nan 1.017133235931396484e+00 9.737105369567871094e-01 9.273180961608886719e-01 9.080286026000976562e-01 8.882757425308227539e-01 8.675338029861450195e-01 8.362251520156860352e-01 8.054414987564086914e-01 8.152261972427368164e-01 7.999099493026733398e-01 8.072614669799804688e-01 7.816300392150878906e-01 7.244391441345214844e-01 6.690840721130371094e-01 6.155059337615966797e-01
9.722925424575805664e-01 nan 1.076780080795288086e+00 1.021033525466918945e+00 9.496639966964721680e-01 9.126279354095458984e-01 8.877574205398559570e-01 8.561097383499145508e-01 8.249925374984741211e-01 7.828710079193115234e-01 7.695559263229370117e-01 7.767835855484008789e-01 7.587915658950805664e-01 7.023338079452514648e-01 6.476883888244628906e-01 5.947968959808349609e-01
8.955590724945068359e-01 1.036955356597900391e+00 nan 1.119108915328979492e+00 1.043341159820556641e+00 9.702825546264648438e-01 9.081999063491821289e-01 8.762097358703613281e-01 8.360509872436523438e-01 7.836705446243286133e-01 7.397137880325317383e-01 7.468194961547851562e-01 7.362458705902099609e-01 6.805117130279541016e-01 6.264623403549194336e-01 5.740381479263305664e-01
8.258641958236694336e-01 9.618761539459228516e-01 1.108020067214965820e+00 nan 1.145471334457397461e+00 1.062788963317871094e+00 9.762309789657592773e-01 8.932434320449829102e-01 8.350859880447387695e-01 7.921653985977172852e-01 7.425082921981811523e-01 7.160471677780151367e-01 7.144179344177246094e-01 6.590652465820312500e-01 6.054996252059936523e-01 5.536634922027587891e-01
7.756972312927246094e-01 8.898367881774902344e-01 1.025779247283935547e+00 1.142008781433105469e+00 nan 1.154823541641235352e+00 1.060529470443725586e+00 9.390475749969482422e-01 8.360776901245117188e-01 7.963306903839111328e-01 7.483921051025390625e-01 7.095702886581420898e-01 6.907067298889160156e-01 6.398117542266845703e-01 5.868676900863647461e-01 5.356332063674926758e-01
7.568753957748413086e-01 8.370270729064941406e-01 9.352668523788452148e-01 1.040575504302978516e+00 1.156787633895874023e+00 nan 1.147045135498046875e+00 1.017695903778076172e+00 9.012790918350219727e-01 8.177525997161865234e-01 7.688050270080566406e-01 7.224357128143310547e-01 6.772817373275756836e-01 6.207817792892456055e-01 5.684521198272705078e-01 5.178121328353881836e-01
7.354882955551147461e-01 8.140642642974853516e-01 8.773412704467773438e-01 9.436833858489990234e-01 1.046822309494018555e+00 1.160320520401000977e+00 nan 1.115210533142089844e+00 9.985924959182739258e-01 8.926651477813720703e-01 8.087977170944213867e-01 7.613799571990966797e-01 7.152049541473388672e-01 6.370910406112670898e-01 5.670564174652099609e-01 5.102410316467285156e-01
7.123956680297851562e-01 7.933357954025268555e-01 8.394926786422729492e-01 8.714041709899902344e-01 9.244527816772460938e-01 1.020735979080200195e+00 1.136284828186035156e+00 nan 1.100886821746826172e+00 9.878243207931518555e-01 8.762195110321044922e-01 8.012046813964843750e-01 7.539857625961303711e-01 6.863954067230224609e-01 5.826470851898193359e-01 5.213279724121093750e-01
7.327291965484619141e-01 7.654223442077636719e-01 8.083214759826660156e-01 8.196972608566284180e-01 8.271504640579223633e-01 8.962554931640625000e-01 1.006900310516357422e+00 1.124001026153564453e+00 nan 1.087767839431762695e+00 9.706460237503051758e-01 8.562451601028442383e-01 7.936432361602783203e-01 7.371845245361328125e-01 6.303116083145141602e-01 5.324962139129638672e-01
7.535778284072875977e-01 7.649390697479248047e-01 7.524070739746093750e-01 7.644716501235961914e-01 7.766193151473999023e-01 8.041900396347045898e-01 8.888376951217651367e-01 9.990496635437011719e-01 1.121922254562377930e+00 nan 1.069824934005737305e+00 9.496665000915527344e-01 8.364834785461425781e-01 7.861136198043823242e-01 6.794118881225585938e-01 5.760931968688964844e-01
7.736052274703979492e-01 7.617590427398681641e-01 7.286975383758544922e-01 7.015932798385620117e-01 7.133080959320068359e-01 7.380703687667846680e-01 7.884593009948730469e-01 8.765535354614257812e-01 9.912297725677490234e-01 1.140349864959716797e+00 nan 1.047789573669433594e+00 9.289101362228393555e-01 8.264976739883422852e-01 7.299908399581909180e-01 6.235605478286743164e-01
7.446233034133911133e-01 7.291843891143798828e-01 7.067663669586181641e-01 6.836943626403808594e-01 6.526448726654052734e-01 6.719793081283569336e-01 7.204521894454956055e-01 7.703303098678588867e-01 8.565269708633422852e-01 9.703105688095092773e-01 1.132001161575317383e+00 nan 1.025988340377807617e+00 9.083749055862426758e-01 7.820930480957031250e-01 6.724573373794555664e-01
5.536963939666748047e-01 6.724747419357299805e-01 6.517301797866821289e-01 6.294019222259521484e-01 6.073757410049438477e-01 5.935289859771728516e-01 6.426050662994384766e-01 6.970328092575073242e-01 7.523851394653320312e-01 8.367141485214233398e-01 9.528828859329223633e-01 1.120193243026733398e+00 nan 1.004419565200805664e+00 8.634736537933349609e-01 7.177203893661499023e-01
5.218739509582519531e-01 5.190906524658203125e-01 5.592321157455444336e-01 5.768603086471557617e-01 5.555443763732910156e-01 5.445984601974487305e-01 5.558561086654663086e-01 6.012274026870727539e-01 6.542840003967285156e-01 7.090986967086791992e-01 7.847027778625488281e-01 9.075797796249389648e-01 1.091831207275390625e+00 nan 9.567234516143798828e-01 7.703704833984375000e-01
4.873241186141967773e-01 4.875901937484741211e-01 4.819751977920532227e-01 4.808294773101806641e-01 5.053844451904296875e-01 4.971704483032226562e-01 5.080823898315429688e-01 5.190738439559936523e-01 5.608921051025390625e-01 6.126122474670410156e-01 6.679652929306030273e-01 7.316991090774536133e-01 8.473466634750366211e-01 9.847959280014038086e-01 nan 8.630992174148559570e-01
4.408559799194335938e-01 4.500751495361328125e-01 4.476330280303955078e-01 4.451460838317871094e-01 4.452520608901977539e-01 4.481782913208007812e-01 4.589878320693969727e-01 4.698781967163085938e-01 4.808497428894042969e-01 5.020226240158081055e-01 5.561493635177612305e-01 6.176056861877441406e-01 6.844196319580078125e-01 7.636662721633911133e-01 8.839000463485717773e-01 nan
