nan 1.127598047256469727e+00 1.066111564636230469e+00 1.011263847351074219e+00 9.515924453735351562e-01 9.279739856719970703e-01 8.956521749496459961e-01 8.643556833267211914e-01 8.537974357604980469e-01 8.393498659133911133e-01 8.160287141799926758e-01 8.163374662399291992e-01 7.766064405441284180e-01 7.194999456405639648e-01 6.585518121719360352e-01 5.997638702392578125e-01
1.037367105484008789e+00 nan 1.174006223678588867e+00 1.109061002731323242e+00 1.034217834472656250e+00 9.540209770202636719e-01 9.167869091033935547e-01 9.059321880340576172e-01 8.951388597488403320e-01 8.463385105133056641e-01 8.120691776275634766e-01 7.863888740539550781e-01 7.538324594497680664e-01 6.975337266921997070e-01 6.430423259735107422e-01 5.903000831604003906e-01
9.581019878387451172e-01 1.104163646697998047e+00 nan 1.211010932922363281e+00 1.131957530975341797e+00 1.044491052627563477e+00 9.807331562042236328e-01 9.484359025955200195e-01 9.313055276870727539e-01 8.856617212295532227e-01 7.912729978561401367e-01 7.569339275360107422e-01 7.313501834869384766e-01 6.757733821868896484e-01 6.219803094863891602e-01 5.699142217636108398e-01
8.857767581939697266e-01 1.026251792907714844e+00 1.170922517776489258e+00 nan 1.241028070449829102e+00 1.151167869567871094e+00 1.084748268127441406e+00 1.020379543304443359e+00 9.613221883773803711e-01 8.899120092391967773e-01 7.966825962066650391e-01 7.234237194061279297e-01 7.100857496261596680e-01 6.550980806350708008e-01 6.018784046173095703e-01 5.503700971603393555e-01
8.087495565414428711e-01 9.478927850723266602e-01 1.081925868988037109e+00 1.203814506530761719e+00 nan 1.283872842788696289e+00 1.196719408035278320e+00 1.109843254089355469e+00 9.959965944290161133e-01 8.782181739807128906e-01 7.879681587219238281e-01 7.168711423873901367e-01 6.838198900222778320e-01 6.368821859359741211e-01 5.842483043670654297e-01 5.333068370819091797e-01
7.810636758804321289e-01 8.701602220535278320e-01 9.875711202621459961e-01 1.094604969024658203e+00 1.233451604843139648e+00 nan 1.346460103988647461e+00 1.210590839385986328e+00 1.064441442489624023e+00 9.265285730361938477e-01 8.012456893920898438e-01 7.374047040939331055e-01 6.919672489166259766e-01 6.188668012619018555e-01 5.668122768402099609e-01 5.164314508438110352e-01
7.511003017425537109e-01 8.461651802062988281e-01 9.030196666717529297e-01 9.958881139755249023e-01 1.118420600891113281e+00 1.293414592742919922e+00 nan 1.308509826660156250e+00 1.143591403961181641e+00 1.001871347427368164e+00 8.483341932296752930e-01 7.771966457366943359e-01 7.307183742523193359e-01 6.574203968048095703e-01 5.723712444305419922e-01 5.155338048934936523e-01
7.205115556716918945e-01 8.154761791229248047e-01 8.652871847152709961e-01 9.018236398696899414e-01 1.008173704147338867e+00 1.148966073989868164e+00 1.267455339431762695e+00 nan 1.235966920852661133e+00 1.078622341156005859e+00 9.401081800460815430e-01 8.276106119155883789e-01 7.703570127487182617e-01 7.086831331253051758e-01 6.038472652435302734e-01 5.274255275726318359e-01
7.294015884399414062e-01 7.770413160324096680e-01 8.206355571746826172e-01 8.448532819747924805e-01 8.973093032836914062e-01 9.824045896530151367e-01 1.091710329055786133e+00 1.207042694091796875e+00 nan 1.169832706451416016e+00 1.038397789001464844e+00 9.201610088348388672e-01 8.107532262802124023e-01 7.608175277709960938e-01 6.524908542633056641e-01 5.508284568786621094e-01
7.505534887313842773e-01 7.523885965347290039e-01 7.605342864990234375e-01 7.930595874786376953e-01 7.977439165115356445e-01 8.331005573272705078e-01 9.371590614318847656e-01 1.048413276672363281e+00 1.191495180130004883e+00 nan 1.145245790481567383e+00 1.016798973083496094e+00 8.997187614440917969e-01 8.031518459320068359e-01 7.022590637207031250e-01 5.975347757339477539e-01
7.628601789474487305e-01 7.548438310623168945e-01 7.383004426956176758e-01 7.237409353256225586e-01 7.356081008911132812e-01 7.594828605651855469e-01 8.216187953948974609e-01 9.279085397720336914e-01 1.040400266647338867e+00 1.210526943206787109e+00 nan 1.126339912414550781e+00 9.953279495239257812e-01 8.794941902160644531e-01 7.535260915756225586e-01 6.456478834152221680e-01
7.396436929702758789e-01 7.399281263351440430e-01 7.218366861343383789e-01 6.960233449935913086e-01 6.737583875656127930e-01 6.925777196884155273e-01 7.416477203369140625e-01 8.037984371185302734e-01 9.143505096435546875e-01 1.043927192687988281e+00 1.201722383499145508e+00 nan 1.107600450515747070e+00 9.740856885910034180e-01 8.292629718780517578e-01 6.952099800109863281e-01
5.648297071456909180e-01 6.782850027084350586e-01 6.663144826889038086e-01 6.437891721725463867e-01 6.215684413909912109e-01 6.117265224456787109e-01 6.651309728622436523e-01 7.203052043914794922e-01 7.845484018325805664e-01 8.939206600189208984e-01 1.022984743118286133e+00 1.194303989410400391e+00 nan 1.089026451110839844e+00 9.354310035705566406e-01 7.556836605072021484e-01
5.352362394332885742e-01 5.319342613220214844e-01 5.605565309524536133e-01 5.907835960388183594e-01 5.692794322967529297e-01 5.567153692245483398e-01 5.711265802383422852e-01 6.231858730316162109e-01 6.769701242446899414e-01 7.325365543365478516e-01 8.438962697982788086e-01 9.798135757446289062e-01 1.180485010147094727e+00 nan 1.057077407836914062e+00 8.445899486541748047e-01
4.996119737625122070e-01 5.003411769866943359e-01 4.945048093795776367e-01 4.932498931884765625e-01 5.186765193939208984e-01 5.089151859283447266e-01 5.199128389358520508e-01 5.315495729446411133e-01 5.822974443435668945e-01 6.347267627716064453e-01 6.931836605072021484e-01 7.856739759445190430e-01 9.114419221878051758e-01 1.070055484771728516e+00 nan 9.559220075607299805e-01
4.526668787002563477e-01 4.619895219802856445e-01 4.598067998886108398e-01 4.572017192840576172e-01 4.573085308074951172e-01 4.594731330871582031e-01 4.703670740127563477e-01 4.813423156738281250e-01 4.923994541168212891e-01 5.219819545745849609e-01 5.783888101577758789e-01 6.435828208923339844e-01 7.114697694778442383e-01 8.231543302536010742e-01 9.574733972549438477e-01 nan
