nan 1.150592803955078125e+00 1.074386835098266602e+00 1.043368339538574219e+00 1.012813806533813477e+00 9.698895215988159180e-01 9.556132555007934570e-01 9.343199729919433594e-01 9.118113517761230469e-01 8.895646333694458008e-01 8.675767183303833008e-01 8.553533554077148438e-01 8.537046909332275391e-01 8.571960926055908203e-01 8.408762216567993164e-01 8.244981765747070312e-01 0.000000000000000000e+00 0.000000000000000000e+00 0.000000000000000000e+00 0.000000000000000000e+00 0.000000000000000000e+00 0.000000000000000000e+00
1.237524271011352539e+00 nan 1.177734851837158203e+00 1.116662025451660156e+00 1.084625005722045898e+00 1.035716533660888672e+00 9.843031167984008789e-01 9.487975835800170898e-01 9.261205196380615234e-01 9.037072658538818359e-01 8.913224935531616211e-01 8.839008808135986328e-01 8.743910789489746094e-01 8.531726598739624023e-01 8.368810415267944336e-01 8.205387592315673828e-01 0.000000000000000000e+00 0.000000000000000000e+00 0.000000000000000000e+00 0.000000000000000000e+00 0.000000000000000000e+00 0.000000000000000000e+00
1.107933282852172852e+00 1.269118070602416992e+00 nan 1.207277774810791016e+00 1.154286146163940430e+00 1.103539943695068359e+00 1.046933174133300781e+00 9.870198965072631836e-01 9.405367374420166016e-01 9.279888868331909180e-01 9.204233884811401367e-01 9.128876924514770508e-01 8.982065916061401367e-01 8.697509765625000000e-01 8.328945636749267578e-01 8.165878057479858398e-01 0.000000000000000000e+00 0.000000000000000000e+00 0.000000000000000000e+00 0.000000000000000000e+00 0.000000000000000000e+00 0.000000000000000000e+00
1.019581317901611328e+00 1.144368410110473633e+00 1.312197685241699219e+00 nan 1.228596448898315430e+00 1.173005104064941406e+00 1.111539840698242188e+00 1.049735784530639648e+00 1.000228166580200195e+00 9.576541185379028320e-01 9.499722719192504883e-01 9.415029287338256836e-01 9.223247766494750977e-01 8.972302675247192383e-01 8.456107378005981445e-01 8.132956027984619141e-01 0.000000000000000000e+00 0.000000000000000000e+00 0.000000000000000000e+00 0.000000000000000000e+00 0.000000000000000000e+00 0.000000000000000000e+00
9.648532867431640625e-01 1.065193414688110352e+00 1.181433439254760742e+00 1.356095552444458008e+00 nan 1.253768920898437500e+00 1.178185701370239258e+00 1.125660181045532227e+00 1.079544305801391602e+00 1.034428834915161133e+00 9.902919530868530273e-01 9.661706686019897461e-01 9.467488527297973633e-01 9.251128435134887695e-01 8.727657794952392578e-01 8.185262680053710938e-01 0.000000000000000000e+00 0.000000000000000000e+00 0.000000000000000000e+00 0.000000000000000000e+00 0.000000000000000000e+00 0.000000000000000000e+00
9.135468006134033203e-01 1.011135101318359375e+00 1.113700389862060547e+00 1.219295263290405273e+00 1.380671262741088867e+00 nan 1.283713340759277344e+00 1.215775728225708008e+00 1.158438920974731445e+00 1.112078666687011719e+00 1.066713809967041016e+00 1.010767459869384766e+00 9.705055952072143555e-01 9.513198137283325195e-01 8.932362794876098633e-01 8.276479244232177734e-01 0.000000000000000000e+00 0.000000000000000000e+00 0.000000000000000000e+00 0.000000000000000000e+00 0.000000000000000000e+00 0.000000000000000000e+00
8.594288825988769531e-01 9.573236703872680664e-01 1.060372352600097656e+00 1.158635377883911133e+00 1.259380102157592773e+00 1.425660848617553711e+00 nan 1.326859712600708008e+00 1.250706911087036133e+00 1.192101955413818359e+00 1.129595518112182617e+00 1.069725036621093750e+00 1.013173818588256836e+00 9.638643264770507812e-01 8.851498365402221680e-01 8.215062618255615234e-01 0.000000000000000000e+00 0.000000000000000000e+00 0.000000000000000000e+00 0.000000000000000000e+00 0.000000000000000000e+00 0.000000000000000000e+00
8.058003187179565430e-01 9.008718729019165039e-01 1.000948190689086914e+00 1.091858386993408203e+00 1.175165653228759766e+00 1.279431343078613281e+00 1.468410491943359375e+00 nan 1.370820045471191406e+00 1.286188364028930664e+00 1.214777708053588867e+00 1.144225120544433594e+00 1.075919866561889648e+00 9.806072711944580078e-01 8.770980834960937500e-01 8.153852224349975586e-01 0.000000000000000000e+00 0.000000000000000000e+00 0.000000000000000000e+00 0.000000000000000000e+00 0.000000000000000000e+00 0.000000000000000000e+00
7.826546430587768555e-01 8.460482358932495117e-01 9.432383775711059570e-01 1.025757312774658203e+00 1.103669404983520508e+00 1.193405628204345703e+00 1.322622060775756836e+00 1.524049758911132812e+00 nan 1.410387992858886719e+00 1.303367376327514648e+00 1.229992866516113281e+00 1.131452560424804688e+00 1.032872438430786133e+00 9.090690612792968750e-01 8.243637084960937500e-01 0.000000000000000000e+00 0.000000000000000000e+00 0.000000000000000000e+00 0.000000000000000000e+00 0.000000000000000000e+00 0.000000000000000000e+00
7.618379592895507812e-01 8.285750150680541992e-01 8.847813606262207031e-01 9.617449045181274414e-01 1.034523010253906250e+00 1.111922025680541992e+00 1.231217622756958008e+00 1.376471519470214844e+00 1.581272840499877930e+00 nan 1.434420824050903320e+00 1.293787956237792969e+00 1.187699317932128906e+00 1.086517810821533203e+00 9.619621038436889648e-01 8.523858785629272461e-01 0.000000000000000000e+00 0.000000000000000000e+00 0.000000000000000000e+00 0.000000000000000000e+00 0.000000000000000000e+00 0.000000000000000000e+00
7.340726852416992188e-01 8.129930496215820312e-01 8.640935420989990234e-01 9.041198492050170898e-01 9.676493406295776367e-01 1.044531822204589844e+00 1.151015758514404297e+00 1.272519826889038086e+00 1.424871206283569336e+00 1.651229858398437500e+00 nan 1.391967773437500000e+00 1.245430469512939453e+00 1.141578674316406250e+00 1.016320943832397461e+00 9.054497480392456055e-01 0.000000000000000000e+00 0.000000000000000000e+00 0.000000000000000000e+00 0.000000000000000000e+00 0.000000000000000000e+00 0.000000000000000000e+00
7.131547927856445312e-01 7.918221950531005859e-01 8.436328172683715820e-01 8.779019117355346680e-01 9.029736518859863281e-01 9.802340269088745117e-01 1.067056894302368164e+00 1.177686214447021484e+00 1.294236660003662109e+00 1.438531160354614258e+00 1.642129421234130859e+00 nan 1.340526103973388672e+00 1.198091983795166016e+00 1.072185039520263672e+00 9.600332975387573242e-01 0.000000000000000000e+00 0.000000000000000000e+00 0.000000000000000000e+00 0.000000000000000000e+00 0.000000000000000000e+00 0.000000000000000000e+00
7.104517221450805664e-01 7.703651189804077148e-01 8.227103948593139648e-01 8.504838943481445312e-01 8.674901723861694336e-01 9.071013927459716797e-01 9.865673780441284180e-01 1.086699485778808594e+00 1.186116695404052734e+00 1.268874645233154297e+00 1.414908885955810547e+00 1.614522218704223633e+00 nan 1.305134057998657227e+00 1.129597425460815430e+00 1.016334772109985352e+00 0.000000000000000000e+00 0.000000000000000000e+00 0.000000000000000000e+00 0.000000000000000000e+00 0.000000000000000000e+00 0.000000000000000000e+00
7.240356206893920898e-01 7.420889139175415039e-01 7.891542911529541016e-01 8.139568567276000977e-01 8.311458826065063477e-01 8.624134063720703125e-01 9.132010936737060547e-01 9.919557571411132812e-01 1.067363500595092773e+00 1.145625829696655273e+00 1.226850986480712891e+00 1.391590356826782227e+00 1.587203741073608398e+00 nan 1.224383115768432617e+00 1.086515665054321289e+00 0.000000000000000000e+00 0.000000000000000000e+00 0.000000000000000000e+00 0.000000000000000000e+00 0.000000000000000000e+00 0.000000000000000000e+00
7.377274036407470703e-01 7.511384487152099609e-01 7.480050325393676758e-01 7.719687223434448242e-01 7.983477115631103516e-01 8.290553092956542969e-01 8.563078641891479492e-01 8.837494850158691406e-01 9.550611972808837891e-01 1.029072046279907227e+00 1.105884790420532227e+00 1.194765090942382812e+00 1.368497610092163086e+00 1.560213565826416016e+00 nan 1.189002990722656250e+00 0.000000000000000000e+00 0.000000000000000000e+00 0.000000000000000000e+00 0.000000000000000000e+00 0.000000000000000000e+00 0.000000000000000000e+00
7.522091865539550781e-01 7.530606985092163086e-01 7.456588745117187500e-01 7.342200279235839844e-01 7.609748840332031250e-01 7.959567308425903320e-01 7.972813844680786133e-01 7.997946739196777344e-01 8.488585948944091797e-01 9.189591407775878906e-01 9.935575723648071289e-01 1.071055650711059570e+00 1.179162263870239258e+00 1.357003688812255859e+00 1.506097316741943359e+00 nan 0.000000000000000000e+00 0.000000000000000000e+00 0.000000000000000000e+00 0.000000000000000000e+00 0.000000000000000000e+00 0.000000000000000000e+00
7.548743486404418945e-01 7.534991502761840820e-01 7.470431327819824219e-01 7.357206344604492188e-01 7.344928979873657227e-01 7.370269298553466797e-01 7.433382272720336914e-01 7.496722936630249023e-01 7.791451215744018555e-01 8.287661075592041016e-01 8.998583555221557617e-01 9.757481813430786133e-01 1.056347370147705078e+00 1.183465003967285156e+00 1.330923318862915039e+00 1.495159149169921875e+00 nan 0.000000000000000000e+00 0.000000000000000000e+00 0.000000000000000000e+00 0.000000000000000000e+00 0.000000000000000000e+00
6.199172735214233398e-01 7.243297100067138672e-01 7.219307422637939453e-01 7.177618741989135742e-01 7.042063474655151367e-01 6.882239580154418945e-01 6.920683383941650391e-01 7.003679275512695312e-01 7.295007705688476562e-01 7.640604972839355469e-01 8.181061744689941406e-01 8.945336341857910156e-01 9.703942537307739258e-01 1.068694114685058594e+00 1.171765089035034180e+00 1.320554733276367188e+00 0.000000000000000000e+00 nan 0.000000000000000000e+00 0.000000000000000000e+00 0.000000000000000000e+00 0.000000000000000000e+00
5.719919204711914062e-01 5.764740705490112305e-01 6.848474740982055664e-01 6.817417144775390625e-01 6.659700870513916016e-01 6.503461599349975586e-01 6.348689794540405273e-01 6.367914676666259766e-01 6.703755855560302734e-01 7.085007429122924805e-01 7.474960088729858398e-01 8.046511411666870117e-01 8.805201053619384766e-01 9.595783948898315430e-01 1.054562807083129883e+00 1.163642168045043945e+00 0.000000000000000000e+00 0.000000000000000000e+00 nan 0.000000000000000000e+00 0.000000000000000000e+00 0.000000000000000000e+00
5.534881353378295898e-01 5.572837591171264648e-01 5.563032627105712891e-01 6.058689355850219727e-01 6.285916566848754883e-01 6.133183240890502930e-01 5.981882810592651367e-01 5.832002162933349609e-01 6.045091152191162109e-01 6.411309242248535156e-01 6.785887479782104492e-01 7.169013023376464844e-01 7.638270854949951172e-01 8.457376956939697266e-01 9.272193908691406250e-01 1.028324842453002930e+00 0.000000000000000000e+00 0.000000000000000000e+00 0.000000000000000000e+00 nan 0.000000000000000000e+00 0.000000000000000000e+00
5.338625907897949219e-01 5.365509986877441406e-01 5.340120792388916016e-01 5.298784971237182617e-01 5.288267135620117188e-01 5.771211385726928711e-01 5.623306035995483398e-01 5.476787090301513672e-01 5.553932189941406250e-01 5.764178037643432617e-01 6.123985052108764648e-01 6.492003202438354492e-01 6.868422031402587891e-01 7.253432273864746094e-01 7.988970279693603516e-01 8.811143636703491211e-01 0.000000000000000000e+00 0.000000000000000000e+00 0.000000000000000000e+00 0.000000000000000000e+00 nan 0.000000000000000000e+00
5.104132890701293945e-01 5.124758481979370117e-01 5.120401382446289062e-01 5.079656839370727539e-01 5.057604312896728516e-01 5.056546926498413086e-01 5.272774696350097656e-01 5.145370960235595703e-01 5.221706628799438477e-01 5.298426151275634766e-01 5.488182306289672852e-01 5.841690301895141602e-01 6.203265190124511719e-01 6.573094129562377930e-01 6.977502107620239258e-01 7.551106214523315430e-01 0.000000000000000000e+00 0.000000000000000000e+00 0.000000000000000000e+00 0.000000000000000000e+00 0.000000000000000000e+00 nan
