nan 1.334256649017333984e+00 1.227614641189575195e+00 1.141604423522949219e+00 1.126511335372924805e+00 1.091494321823120117e+00 1.051651954650878906e+00 1.035282611846923828e+00 1.027296066284179688e+00 1.019340991973876953e+00 1.011417150497436523e+00 1.003524541854858398e+00 9.924105405807495117e-01 9.692246913909912109e-01 9.518213272094726562e-01 9.344564676284790039e-01 0.000000000000000000e+00 0.000000000000000000e+00 0.000000000000000000e+00 0.000000000000000000e+00 0.000000000000000000e+00 0.000000000000000000e+00
1.217445850372314453e+00 nan 1.369000673294067383e+00 1.272420167922973633e+00 1.214442014694213867e+00 1.177930593490600586e+00 1.133007287979125977e+00 1.086731910705566406e+00 1.058489322662353516e+00 1.050411701202392578e+00 1.042366027832031250e+00 1.034351825714111328e+00 1.017725706100463867e+00 9.718897342681884766e-01 9.475854635238647461e-01 9.302582740783691406e-01 0.000000000000000000e+00 0.000000000000000000e+00 0.000000000000000000e+00 0.000000000000000000e+00 0.000000000000000000e+00 0.000000000000000000e+00
1.095111846923828125e+00 1.255774021148681641e+00 nan 1.441038131713867188e+00 1.334128379821777344e+00 1.266765594482421875e+00 1.217588424682617188e+00 1.169478178024291992e+00 1.122411489486694336e+00 1.081960678100585938e+00 1.073791027069091797e+00 1.063748121261596680e+00 1.043362379074096680e+00 1.000869989395141602e+00 9.468306303024291992e-01 9.240102767944335938e-01 0.000000000000000000e+00 0.000000000000000000e+00 0.000000000000000000e+00 0.000000000000000000e+00 0.000000000000000000e+00 0.000000000000000000e+00
1.021127462387084961e+00 1.135277032852172852e+00 1.325577974319458008e+00 nan 1.518044948577880859e+00 1.392776727676391602e+00 1.305523395538330078e+00 1.255505323410034180e+00 1.206572532653808594e+00 1.158701181411743164e+00 1.111868381500244141e+00 1.089969158172607422e+00 1.069324254989624023e+00 1.030275821685791016e+00 9.754750728607177734e-01 8.933287858963012695e-01 0.000000000000000000e+00 0.000000000000000000e+00 0.000000000000000000e+00 0.000000000000000000e+00 0.000000000000000000e+00 0.000000000000000000e+00
9.640989303588867188e-01 1.085673570632934570e+00 1.215188741683959961e+00 1.410879611968994141e+00 nan 1.599673986434936523e+00 1.468803882598876953e+00 1.353964567184448242e+00 1.292665243148803711e+00 1.243421792984008789e+00 1.194755792617797852e+00 1.134679555892944336e+00 1.095616579055786133e+00 1.060114145278930664e+00 9.779227972030639648e-01 8.940209150314331055e-01 0.000000000000000000e+00 0.000000000000000000e+00 0.000000000000000000e+00 0.000000000000000000e+00 0.000000000000000000e+00 0.000000000000000000e+00
9.094913005828857422e-01 1.030664920806884766e+00 1.159528017044067383e+00 1.284824371337890625e+00 1.471417665481567383e+00 nan 1.662062168121337891e+00 1.528051376342773438e+00 1.403055429458618164e+00 1.328263282775878906e+00 1.260792255401611328e+00 1.197382926940917969e+00 1.137343883514404297e+00 1.057739973068237305e+00 9.703829288482666016e-01 8.870706558227539062e-01 0.000000000000000000e+00 0.000000000000000000e+00 0.000000000000000000e+00 0.000000000000000000e+00 0.000000000000000000e+00 0.000000000000000000e+00
8.585467338562011719e-01 9.771068096160888672e-01 1.102571010589599609e+00 1.216385126113891602e+00 1.332144737243652344e+00 1.549352884292602539e+00 nan 1.725947141647338867e+00 1.588720083236694336e+00 1.458401441574096680e+00 1.359785556793212891e+00 1.276323556900024414e+00 1.184604644775390625e+00 1.078905105590820312e+00 9.646421670913696289e-01 8.790106773376464844e-01 0.000000000000000000e+00 0.000000000000000000e+00 0.000000000000000000e+00 0.000000000000000000e+00 0.000000000000000000e+00 0.000000000000000000e+00
8.208298683166503906e-01 9.249615669250488281e-01 1.047116756439208984e+00 1.149996519088745117e+00 1.249995470046997070e+00 1.386563062667846680e+00 1.623528718948364258e+00 nan 1.791363716125488281e+00 1.643845319747924805e+00 1.495755910873413086e+00 1.360964775085449219e+00 1.242253541946411133e+00 1.136671304702758789e+00 9.954378604888916016e-01 8.927639722824096680e-01 0.000000000000000000e+00 0.000000000000000000e+00 0.000000000000000000e+00 0.000000000000000000e+00 0.000000000000000000e+00 0.000000000000000000e+00
8.041385412216186523e-01 8.953038454055786133e-01 9.877585172653198242e-01 1.085596561431884766e+00 1.180097579956054688e+00 1.289933443069458008e+00 1.444783449172973633e+00 1.699862718582153320e+00 nan 1.842820167541503906e+00 1.659273147583007812e+00 1.444607257843017578e+00 1.301424026489257812e+00 1.194982528686523438e+00 1.050723552703857422e+00 9.138569831848144531e-01 0.000000000000000000e+00 0.000000000000000000e+00 0.000000000000000000e+00 0.000000000000000000e+00 0.000000000000000000e+00 0.000000000000000000e+00
7.877705097198486328e-01 8.803527355194091797e-01 9.542090892791748047e-01 1.022178888320922852e+00 1.112371206283569336e+00 1.207620859146118164e+00 1.337889432907104492e+00 1.506293296813964844e+00 1.767502069473266602e+00 nan 1.793480157852172852e+00 1.567980766296386719e+00 1.373322963714599609e+00 1.252905368804931641e+00 1.107541561126708984e+00 9.668828248977661133e-01 0.000000000000000000e+00 0.000000000000000000e+00 0.000000000000000000e+00 0.000000000000000000e+00 0.000000000000000000e+00 0.000000000000000000e+00
7.723751068115234375e-01 8.631153106689453125e-01 9.360430240631103516e-01 9.875043630599975586e-01 1.046748161315917969e+00 1.134676456451416016e+00 1.238648414611816406e+00 1.377748489379882812e+00 1.549503564834594727e+00 1.741521835327148438e+00 nan 1.699914216995239258e+00 1.484998941421508789e+00 1.321438312530517578e+00 1.165933609008789062e+00 1.022664308547973633e+00 0.000000000000000000e+00 0.000000000000000000e+00 0.000000000000000000e+00 0.000000000000000000e+00 0.000000000000000000e+00 0.000000000000000000e+00
7.695239782333374023e-01 8.455162048339843750e-01 9.137127399444580078e-01 9.598290920257568359e-01 9.932941198348999023e-01 1.055840492248535156e+00 1.145114898681640625e+00 1.260021448135375977e+00 1.356941223144531250e+00 1.474016904830932617e+00 1.670014619827270508e+00 nan 1.625190496444702148e+00 1.430671691894531250e+00 1.227299928665161133e+00 1.080605745315551758e+00 0.000000000000000000e+00 0.000000000000000000e+00 0.000000000000000000e+00 0.000000000000000000e+00 0.000000000000000000e+00 0.000000000000000000e+00
7.874926328659057617e-01 8.214683532714843750e-01 8.798019886016845703e-01 9.225687980651855469e-01 9.575921297073364258e-01 9.910187721252441406e-01 1.062415599822998047e+00 1.137758255004882812e+00 1.218685865402221680e+00 1.302676439285278320e+00 1.408204317092895508e+00 1.612517595291137695e+00 nan 1.582474231719970703e+00 1.334202051162719727e+00 1.140207290649414062e+00 0.000000000000000000e+00 0.000000000000000000e+00 0.000000000000000000e+00 0.000000000000000000e+00 0.000000000000000000e+00 0.000000000000000000e+00
8.047804832458496094e-01 8.263459205627441406e-01 8.399426937103271484e-01 8.802502155303955078e-01 9.214410781860351562e-01 9.553575515747070312e-01 9.650534391403198242e-01 1.021632194519042969e+00 1.098163127899169922e+00 1.177591323852539062e+00 1.260026693344116211e+00 1.365270376205444336e+00 1.583977937698364258e+00 nan 1.479055881500244141e+00 1.240138053894042969e+00 0.000000000000000000e+00 0.000000000000000000e+00 0.000000000000000000e+00 0.000000000000000000e+00 0.000000000000000000e+00 0.000000000000000000e+00
8.303076028823852539e-01 8.286290168762207031e-01 8.336162567138671875e-01 8.402276039123535156e-01 8.791469335556030273e-01 8.978190422058105469e-01 9.025689363479614258e-01 9.184191226959228516e-01 9.841871261596679688e-01 1.059300899505615234e+00 1.137257814407348633e+00 1.218166112899780273e+00 1.341386079788208008e+00 1.559026956558227539e+00 nan 1.383399009704589844e+00 0.000000000000000000e+00 0.000000000000000000e+00 0.000000000000000000e+00 0.000000000000000000e+00 0.000000000000000000e+00 0.000000000000000000e+00
8.455570936203002930e-01 8.309154510498046875e-01 8.292329311370849609e-01 8.358286619186401367e-01 8.251945972442626953e-01 8.252573013305664062e-01 8.301000595092773438e-01 8.455719947814941406e-01 8.784708976745605469e-01 9.459106922149658203e-01 1.021158695220947266e+00 1.097671985626220703e+00 1.177081584930419922e+00 1.318778038024902344e+00 1.471272468566894531e+00 nan 0.000000000000000000e+00 0.000000000000000000e+00 0.000000000000000000e+00 0.000000000000000000e+00 0.000000000000000000e+00 0.000000000000000000e+00
8.078249692916870117e-01 8.046184778213500977e-01 7.947877645492553711e-01 8.039667606353759766e-01 7.908818721771240234e-01 7.637600898742675781e-01 7.601276636123657227e-01 7.718337774276733398e-01 8.034182786941528320e-01 8.355658054351806641e-01 9.009623527526855469e-01 9.788483381271362305e-01 1.059925317764282227e+00 1.151878356933593750e+00 1.246625661849975586e+00 1.405320167541503906e+00 nan 0.000000000000000000e+00 0.000000000000000000e+00 0.000000000000000000e+00 0.000000000000000000e+00 0.000000000000000000e+00
6.515934467315673828e-01 7.562640905380249023e-01 7.374653816223144531e-01 7.145758867263793945e-01 7.025991678237915039e-01 6.907061338424682617e-01 6.788959503173828125e-01 6.920179128646850586e-01 7.348666191101074219e-01 7.749190330505371094e-01 8.085204362869262695e-01 8.741365671157836914e-01 9.507344961166381836e-01 1.030182600021362305e+00 1.091564416885375977e+00 1.196401596069335938e+00 0.000000000000000000e+00 nan 0.000000000000000000e+00 0.000000000000000000e+00 0.000000000000000000e+00 0.000000000000000000e+00
6.234041452407836914e-01 6.063735485076904297e-01 6.461025476455688477e-01 6.404058933258056641e-01 6.272135972976684570e-01 6.158468723297119141e-01 6.045597791671752930e-01 5.999808311462402344e-01 6.291787624359130859e-01 6.702824831008911133e-01 7.124230861663818359e-01 7.556269168853759766e-01 8.260971307754516602e-01 9.149208068847656250e-01 9.769275188446044922e-01 1.044099330902099609e+00 0.000000000000000000e+00 0.000000000000000000e+00 nan 0.000000000000000000e+00 0.000000000000000000e+00 0.000000000000000000e+00
6.045231819152832031e-01 5.713918209075927734e-01 5.343841314315795898e-01 5.499957799911499023e-01 5.886057615280151367e-01 5.737075805664062500e-01 5.589489936828613281e-01 5.525301694869995117e-01 5.603551864624023438e-01 5.833607912063598633e-01 6.194999217987060547e-01 6.564639806747436523e-01 6.942714452743530273e-01 7.478027343750000000e-01 8.245506286621093750e-01 9.112166166305541992e-01 0.000000000000000000e+00 0.000000000000000000e+00 0.000000000000000000e+00 nan 0.000000000000000000e+00 0.000000000000000000e+00
5.695440769195556641e-01 5.369098186492919922e-01 5.073595046997070312e-01 5.032975673675537109e-01 5.020184516906738281e-01 5.383991003036499023e-01 5.239716768264770508e-01 5.193686485290527344e-01 5.270265340805053711e-01 5.347229242324829102e-01 5.556397438049316406e-01 5.911461114883422852e-01 6.274628639221191406e-01 6.647179126739501953e-01 7.055511474609375000e-01 7.831965684890747070e-01 0.000000000000000000e+00 0.000000000000000000e+00 0.000000000000000000e+00 0.000000000000000000e+00 nan 0.000000000000000000e+00
5.384379625320434570e-01 5.065524578094482422e-01 4.847877025604248047e-01 4.809656143188476562e-01 4.787367582321166992e-01 4.788117408752441406e-01 4.876430034637451172e-01 4.868316650390625000e-01 4.944097995758056641e-01 5.019419193267822266e-01 5.095118284225463867e-01 5.284038782119750977e-01 5.632886886596679688e-01 5.990991592407226562e-01 6.383228302001953125e-01 6.812845468521118164e-01 0.000000000000000000e+00 0.000000000000000000e+00 0.000000000000000000e+00 0.000000000000000000e+00 0.000000000000000000e+00 nan
