nan 1.036753654479980469e+00 1.004769563674926758e+00 9.747921228408813477e-01 9.452629089355468750e-01 9.210993051528930664e-01 9.125078916549682617e-01 8.987787961959838867e-01 8.851481676101684570e-01 8.711282014846801758e-01 8.493547439575195312e-01 8.278349637985229492e-01 8.136252164840698242e-01 8.250875473022460938e-01 8.091504573822021484e-01 8.033499717712402344e-01 0.000000000000000000e+00 0.000000000000000000e+00 0.000000000000000000e+00 0.000000000000000000e+00 0.000000000000000000e+00 0.000000000000000000e+00
1.005355834960937500e+00 nan 1.076678514480590820e+00 1.045625686645507812e+00 1.015037536621093750e+00 9.715863466262817383e-01 9.295496940612792969e-01 9.156981706619262695e-01 9.019460678100585938e-01 8.851326704025268555e-01 8.631963729858398438e-01 8.415154218673706055e-01 8.200867176055908203e-01 8.103402853012084961e-01 7.885237932205200195e-01 7.822406291961669922e-01 0.000000000000000000e+00 0.000000000000000000e+00 0.000000000000000000e+00 0.000000000000000000e+00 0.000000000000000000e+00 0.000000000000000000e+00
9.510132074356079102e-01 1.050646543502807617e+00 nan 1.119000196456909180e+00 1.086420774459838867e+00 1.037031888961791992e+00 9.863274097442626953e-01 9.368848800659179688e-01 9.188939332962036133e-01 8.992421627044677734e-01 8.771417140960693359e-01 8.552983999252319336e-01 8.347636461257934570e-01 8.179111480712890625e-01 7.620780467987060547e-01 7.613781690597534180e-01 0.000000000000000000e+00 0.000000000000000000e+00 0.000000000000000000e+00 0.000000000000000000e+00 0.000000000000000000e+00 0.000000000000000000e+00
8.981431722640991211e-01 9.950766563415527344e-01 1.096960306167602539e+00 nan 1.156141996383666992e+00 1.104300975799560547e+00 1.051922082901000977e+00 1.000846862792968750e+00 9.510352611541748047e-01 9.134572744369506836e-01 8.911913633346557617e-01 8.703336715698242188e-01 8.573365211486816406e-01 8.155230283737182617e-01 7.542214393615722656e-01 7.407599687576293945e-01 0.000000000000000000e+00 0.000000000000000000e+00 0.000000000000000000e+00 0.000000000000000000e+00 0.000000000000000000e+00 0.000000000000000000e+00
8.481379747390747070e-01 9.423907995223999023e-01 1.041450023651123047e+00 1.145561218261718750e+00 nan 1.174764633178710938e+00 1.120492935180664062e+00 1.067575454711914062e+00 1.012390136718750000e+00 9.535448551177978516e-01 9.061104059219360352e-01 8.973982334136962891e-01 8.551673889160156250e-01 8.125931024551391602e-01 7.632521390914916992e-01 7.288222312927246094e-01 0.000000000000000000e+00 0.000000000000000000e+00 0.000000000000000000e+00 0.000000000000000000e+00 0.000000000000000000e+00 0.000000000000000000e+00
8.018891811370849609e-01 8.937832117080688477e-01 9.903633594512939453e-01 1.091869354248046875e+00 1.182038784027099609e+00 nan 1.195187807083129883e+00 1.136411190032958984e+00 1.073939561843872070e+00 1.013294458389282227e+00 9.580997228622436523e-01 8.867022991180419922e-01 8.447508811950683594e-01 8.017300367355346680e-01 7.630543708801269531e-01 7.337116003036499023e-01 0.000000000000000000e+00 0.000000000000000000e+00 0.000000000000000000e+00 0.000000000000000000e+00 0.000000000000000000e+00 0.000000000000000000e+00
7.704358100891113281e-01 8.463919162750244141e-01 9.405554533004760742e-01 1.037005186080932617e+00 1.121816396713256836e+00 1.208559513092041016e+00 nan 1.211837291717529297e+00 1.137371540069580078e+00 1.074871540069580078e+00 9.944007396697998047e-01 9.123494625091552734e-01 8.442904949188232422e-01 8.040237426757812500e-01 7.675139904022216797e-01 7.382327318191528320e-01 0.000000000000000000e+00 0.000000000000000000e+00 0.000000000000000000e+00 0.000000000000000000e+00 0.000000000000000000e+00 0.000000000000000000e+00
7.497619390487670898e-01 8.137145042419433594e-01 8.879827260971069336e-01 9.788042306900024414e-01 1.056770563125610352e+00 1.131848573684692383e+00 1.227847576141357422e+00 nan 1.225369215011596680e+00 1.137645721435546875e+00 1.047724485397338867e+00 9.615856409072875977e-01 8.790705204010009766e-01 8.150315284729003906e-01 7.804014682769775391e-01 7.475128173828125000e-01 0.000000000000000000e+00 0.000000000000000000e+00 0.000000000000000000e+00 0.000000000000000000e+00 0.000000000000000000e+00 0.000000000000000000e+00
7.337517738342285156e-01 7.984117269515991211e-01 8.572981357574462891e-01 9.162753820419311523e-01 9.891654253005981445e-01 1.061775922775268555e+00 1.143768548965454102e+00 1.247303962707519531e+00 nan 1.209056377410888672e+00 1.116131067276000977e+00 1.027115106582641602e+00 9.418430328369140625e-01 8.641920089721679688e-01 8.084958791732788086e-01 7.751244306564331055e-01 0.000000000000000000e+00 0.000000000000000000e+00 0.000000000000000000e+00 0.000000000000000000e+00 0.000000000000000000e+00 0.000000000000000000e+00
7.194367647171020508e-01 7.795406579971313477e-01 8.416274785995483398e-01 8.848377466201782227e-01 9.237827062606811523e-01 9.940065145492553711e-01 1.066793441772460938e+00 1.154313802719116211e+00 1.238957881927490234e+00 nan 1.186822891235351562e+00 1.094833135604858398e+00 1.006442785263061523e+00 9.290134906768798828e-01 8.551108837127685547e-01 8.031724691390991211e-01 0.000000000000000000e+00 0.000000000000000000e+00 0.000000000000000000e+00 0.000000000000000000e+00 0.000000000000000000e+00 0.000000000000000000e+00
7.017564773559570312e-01 7.606638669967651367e-01 8.220638036727905273e-01 8.595534563064575195e-01 8.819273710250854492e-01 9.284646511077880859e-01 9.910225868225097656e-01 1.057341098785400391e+00 1.138175010681152344e+00 1.222184896469116211e+00 nan 1.164813518524169922e+00 1.075469255447387695e+00 9.960889816284179688e-01 9.197132587432861328e-01 8.423130512237548828e-01 0.000000000000000000e+00 0.000000000000000000e+00 0.000000000000000000e+00 0.000000000000000000e+00 0.000000000000000000e+00 0.000000000000000000e+00
7.101526260375976562e-01 7.462124824523925781e-01 7.995239496231079102e-01 8.339492082595825195e-01 8.560150861740112305e-01 8.746914863586425781e-01 9.048066139221191406e-01 9.647334814071655273e-01 1.041702508926391602e+00 1.121257066726684570e+00 1.203911781311035156e+00 nan 1.147637367248535156e+00 1.065496444702148438e+00 9.864976406097412109e-01 9.064123630523681641e-01 0.000000000000000000e+00 0.000000000000000000e+00 0.000000000000000000e+00 0.000000000000000000e+00 0.000000000000000000e+00 0.000000000000000000e+00
7.242282629013061523e-01 7.424668073654174805e-01 7.759020328521728516e-01 8.083969354629516602e-01 8.240770101547241211e-01 8.273727893829345703e-01 8.306742906570434570e-01 8.694167137145996094e-01 9.432951211929321289e-01 1.021207809448242188e+00 1.102244615554809570e+00 1.191066741943359375e+00 nan 1.137031316757202148e+00 1.055194854736328125e+00 9.723331928253173828e-01 0.000000000000000000e+00 0.000000000000000000e+00 0.000000000000000000e+00 0.000000000000000000e+00 0.000000000000000000e+00 0.000000000000000000e+00
7.379215955734252930e-01 7.576673030853271484e-01 7.586609125137329102e-01 7.713737487792968750e-01 7.804176807403564453e-01 7.889891862869262695e-01 7.946696281433105469e-01 8.067815303802490234e-01 8.636250495910644531e-01 9.382479190826416016e-01 1.015858888626098633e+00 1.096577405929565430e+00 1.204222679138183594e+00 nan 1.126189947128295898e+00 1.040533542633056641e+00 0.000000000000000000e+00 0.000000000000000000e+00 0.000000000000000000e+00 0.000000000000000000e+00 0.000000000000000000e+00 0.000000000000000000e+00
7.517237663269042969e-01 7.675342559814453125e-01 7.601736783981323242e-01 7.391000986099243164e-01 7.364165782928466797e-01 7.446839809417724609e-01 7.529907226562500000e-01 7.651785612106323242e-01 8.004512786865234375e-01 8.585749864578247070e-01 9.329957962036132812e-01 1.010396242141723633e+00 1.090896129608154297e+00 1.217457532882690430e+00 nan 1.111092090606689453e+00 0.000000000000000000e+00 0.000000000000000000e+00 0.000000000000000000e+00 0.000000000000000000e+00 0.000000000000000000e+00 0.000000000000000000e+00
7.655762434005737305e-01 7.694149017333984375e-01 7.534166574478149414e-01 7.305700778961181641e-01 7.080209255218505859e-01 7.014012336730957031e-01 7.095021009445190430e-01 7.184332609176635742e-01 7.527717351913452148e-01 7.877964973449707031e-01 8.462035655975341797e-01 9.238191843032836914e-01 1.004698038101196289e+00 1.100899696350097656e+00 1.230771541595458984e+00 nan 0.000000000000000000e+00 0.000000000000000000e+00 0.000000000000000000e+00 0.000000000000000000e+00 0.000000000000000000e+00 0.000000000000000000e+00
7.488965988159179688e-01 7.459205389022827148e-01 7.327399253845214844e-01 7.166574001312255859e-01 6.996433734893798828e-01 6.774973869323730469e-01 6.670922040939331055e-01 6.750295162200927734e-01 7.063549757003784180e-01 7.404521703720092773e-01 7.752306461334228516e-01 8.325407505035400391e-01 9.095820188522338867e-01 9.898622035980224609e-01 1.107352972030639648e+00 1.221825122833251953e+00 nan 0.000000000000000000e+00 0.000000000000000000e+00 0.000000000000000000e+00 0.000000000000000000e+00 0.000000000000000000e+00
6.057885885238647461e-01 7.067644596099853516e-01 6.931972503662109375e-01 6.781417131423950195e-01 6.624038219451904297e-01 6.468135118484497070e-01 6.313692331314086914e-01 6.243273019790649414e-01 6.580853462219238281e-01 6.943615674972534180e-01 7.282191514968872070e-01 7.627531290054321289e-01 8.189790248870849609e-01 8.954502344131469727e-01 9.833800792694091797e-01 1.089592456817626953e+00 0.000000000000000000e+00 nan 0.000000000000000000e+00 0.000000000000000000e+00 0.000000000000000000e+00 0.000000000000000000e+00
5.465134382247924805e-01 5.463489294052124023e-01 6.387517452239990234e-01 6.404901742935180664e-01 6.251052618026733398e-01 6.098647117614746094e-01 5.947670936584472656e-01 5.798110961914062500e-01 5.927035808563232422e-01 6.290559768676757812e-01 6.662379503250122070e-01 7.042686939239501953e-01 7.431676387786865234e-01 8.018661737442016602e-01 8.814228773117065430e-01 9.644470214843750000e-01 0.000000000000000000e+00 0.000000000000000000e+00 nan 0.000000000000000000e+00 0.000000000000000000e+00 0.000000000000000000e+00
5.245145559310913086e-01 5.237324237823486328e-01 5.208035707473754883e-01 5.584044456481933594e-01 5.886437892913818359e-01 5.737451314926147461e-01 5.589863061904907227e-01 5.446807146072387695e-01 5.524661540985107422e-01 5.648188591003417969e-01 6.005347967147827148e-01 6.370660066604614258e-01 6.744308471679687500e-01 7.126486301422119141e-01 7.600350379943847656e-01 8.382234573364257812e-01 0.000000000000000000e+00 0.000000000000000000e+00 0.000000000000000000e+00 nan 0.000000000000000000e+00 0.000000000000000000e+00
5.017471313476562500e-01 5.014467239379882812e-01 4.990208148956298828e-01 4.949814081192016602e-01 4.938789606094360352e-01 5.384358167648315430e-01 5.240081548690795898e-01 5.116869211196899414e-01 5.193060636520385742e-01 5.269634723663330078e-01 5.374224185943603516e-01 5.725129842758178711e-01 6.084045171737670898e-01 6.451153755187988281e-01 6.826639175415039062e-01 7.238993644714355469e-01 0.000000000000000000e+00 0.000000000000000000e+00 0.000000000000000000e+00 0.000000000000000000e+00 nan 0.000000000000000000e+00
4.716047048568725586e-01 4.781169891357421875e-01 4.769940376281738281e-01 4.731920957565307617e-01 4.711419343948364258e-01 4.712165594100952148e-01 4.898147583007812500e-01 4.793977737426757812e-01 4.868541955947875977e-01 4.943481683731079102e-01 5.018799304962158203e-01 5.105055570602416992e-01 5.449818372726440430e-01 5.802450180053710938e-01 6.163129806518554688e-01 6.559429168701171875e-01 0.000000000000000000e+00 0.000000000000000000e+00 0.000000000000000000e+00 0.000000000000000000e+00 0.000000000000000000e+00 nan
