nan 9.948737621307373047e-01 9.648088216781616211e-01 9.351968765258789062e-01 9.060313701629638672e-01 8.991520404815673828e-01 8.908334970474243164e-01 8.770442008972167969e-01 8.633553981781005859e-01 8.477575778961181641e-01 8.261597156524658203e-01 8.048143386840820312e-01 7.955259084701538086e-01 8.076716661453247070e-01 8.109823465347290039e-01 8.159077167510986328e-01 0.000000000000000000e+00 0.000000000000000000e+00 0.000000000000000000e+00 0.000000000000000000e+00 0.000000000000000000e+00 0.000000000000000000e+00
9.681015014648437500e-01 nan 1.034198284149169922e+00 1.003540515899658203e+00 9.733449220657348633e-01 9.288316965103149414e-01 9.067053794860839844e-01 8.928000926971435547e-01 8.789963722229003906e-01 8.611493110656738281e-01 8.393946886062622070e-01 8.178946971893310547e-01 7.966457605361938477e-01 7.912335395812988281e-01 7.910028696060180664e-01 7.945215702056884766e-01 0.000000000000000000e+00 0.000000000000000000e+00 0.000000000000000000e+00 0.000000000000000000e+00 0.000000000000000000e+00 0.000000000000000000e+00
9.134751558303833008e-01 1.010746717453002930e+00 nan 1.074297666549682617e+00 1.040330886840820312e+00 9.918774366378784180e-01 9.420639276504516602e-01 9.086884260177612305e-01 8.947687149047851562e-01 8.746378421783447266e-01 8.527257442474365234e-01 8.310697078704833984e-01 8.096668720245361328e-01 7.822029590606689453e-01 7.698079347610473633e-01 7.733871936798095703e-01 0.000000000000000000e+00 0.000000000000000000e+00 0.000000000000000000e+00 0.000000000000000000e+00 0.000000000000000000e+00 0.000000000000000000e+00
8.604400157928466797e-01 9.552136659622192383e-01 1.054815292358398438e+00 nan 1.107386589050292969e+00 1.056557178497314453e+00 1.005126237869262695e+00 9.549814462661743164e-01 9.105561971664428711e-01 8.882243633270263672e-01 8.661533594131469727e-01 8.443404436111450195e-01 8.155770301818847656e-01 7.898749113082885742e-01 7.565937042236328125e-01 7.525017261505126953e-01 0.000000000000000000e+00 0.000000000000000000e+00 0.000000000000000000e+00 0.000000000000000000e+00 0.000000000000000000e+00 0.000000000000000000e+00
8.184723854064941406e-01 9.025416374206542969e-01 9.993289709091186523e-01 1.101040124893188477e+00 nan 1.124261856079101562e+00 1.071002006530761719e+00 1.019077539443969727e+00 9.654166698455810547e-01 9.078348875045776367e-01 8.798452615737915039e-01 8.523179292678833008e-01 8.233926296234130859e-01 7.975798845291137695e-01 7.645400762557983398e-01 7.356252670288085938e-01 0.000000000000000000e+00 0.000000000000000000e+00 0.000000000000000000e+00 0.000000000000000000e+00 0.000000000000000000e+00 0.000000000000000000e+00
7.781566381454467773e-01 8.539412021636962891e-01 9.482560157775878906e-01 1.047369003295898438e+00 1.133450984954833984e+00 nan 1.142809391021728516e+00 1.086127281188964844e+00 1.025008916854858398e+00 9.656814336776733398e-01 9.039036035537719727e-01 8.535699844360351562e-01 8.274478912353515625e-01 8.016939163208007812e-01 7.688133716583251953e-01 7.400851249694824219e-01 0.000000000000000000e+00 0.000000000000000000e+00 0.000000000000000000e+00 0.000000000000000000e+00 0.000000000000000000e+00 0.000000000000000000e+00
7.659460306167602539e-01 8.083668947219848633e-01 8.978528976440429688e-01 9.908226728439331055e-01 1.073548793792724609e+00 1.149542808532714844e+00 nan 1.149379491806030273e+00 1.086408138275146484e+00 1.023844480514526367e+00 9.404697418212890625e-01 8.647025823593139648e-01 8.314708471298217773e-01 8.047863245010375977e-01 7.728077173233032227e-01 7.441507577896118164e-01 0.000000000000000000e+00 0.000000000000000000e+00 0.000000000000000000e+00 0.000000000000000000e+00 0.000000000000000000e+00 0.000000000000000000e+00
7.510191202163696289e-01 7.988960742950439453e-01 8.460183143615722656e-01 9.290956258773803711e-01 1.005275726318359375e+00 1.078354120254516602e+00 1.163293361663818359e+00 nan 1.160160303115844727e+00 1.070331811904907227e+00 9.831598997116088867e-01 9.075049161911010742e-01 8.408702611923217773e-01 8.076810836791992188e-01 7.759976387023925781e-01 7.482259273529052734e-01 0.000000000000000000e+00 0.000000000000000000e+00 0.000000000000000000e+00 0.000000000000000000e+00 0.000000000000000000e+00 0.000000000000000000e+00
7.362183332443237305e-01 7.894748449325561523e-01 8.323458433151245117e-01 8.758391141891479492e-01 9.388651847839355469e-01 1.009523391723632812e+00 1.082756757736206055e+00 1.181692361831665039e+00 nan 1.139098644256591797e+00 1.049031019210815430e+00 9.745756387710571289e-01 9.055978059768676758e-01 8.359484672546386719e-01 8.013920783996582031e-01 7.689031362533569336e-01 0.000000000000000000e+00 0.000000000000000000e+00 0.000000000000000000e+00 0.000000000000000000e+00 0.000000000000000000e+00 0.000000000000000000e+00
7.209585905075073242e-01 7.772233486175537109e-01 8.219360113143920898e-01 8.548127412796020508e-01 8.782862424850463867e-01 9.429721832275390625e-01 1.013780117034912109e+00 1.086405754089355469e+00 1.168291807174682617e+00 nan 1.117992162704467773e+00 1.044004678726196289e+00 9.726015329360961914e-01 8.993700742721557617e-01 8.290821313858032227e-01 7.964963912963867188e-01 0.000000000000000000e+00 0.000000000000000000e+00 0.000000000000000000e+00 0.000000000000000000e+00 0.000000000000000000e+00 0.000000000000000000e+00
7.059217691421508789e-01 7.622011899948120117e-01 8.090118169784545898e-01 8.370540142059326172e-01 8.546009063720703125e-01 8.786250352859497070e-01 9.333249330520629883e-01 9.921220541000366211e-01 1.071875333786010742e+00 1.155506849288940430e+00 nan 1.115875005722045898e+00 1.041961193084716797e+00 9.649825096130371094e-01 8.897345066070556641e-01 8.245202302932739258e-01 0.000000000000000000e+00 0.000000000000000000e+00 0.000000000000000000e+00 0.000000000000000000e+00 0.000000000000000000e+00 0.000000000000000000e+00
7.202563285827636719e-01 7.473058700561523438e-01 7.942657470703125000e-01 8.205485343933105469e-01 8.379377126693725586e-01 8.495452404022216797e-01 8.604661226272583008e-01 9.152203798294067383e-01 9.919092655181884766e-01 1.071668863296508789e+00 1.154622316360473633e+00 nan 1.113759517669677734e+00 1.032861232757568359e+00 9.550138711929321289e-01 8.763148784637451172e-01 0.000000000000000000e+00 0.000000000000000000e+00 0.000000000000000000e+00 0.000000000000000000e+00 0.000000000000000000e+00 0.000000000000000000e+00
7.345069646835327148e-01 7.529596090316772461e-01 7.748843431472778320e-01 8.007762432098388672e-01 8.105368614196777344e-01 8.156675100326538086e-01 8.208128213882446289e-01 8.364938497543334961e-01 9.100303649902343750e-01 9.865113496780395508e-01 1.066055059432983398e+00 1.152170658111572266e+00 nan 1.103085041046142578e+00 1.022548437118530273e+00 9.411948919296264648e-01 0.000000000000000000e+00 0.000000000000000000e+00 0.000000000000000000e+00 0.000000000000000000e+00 0.000000000000000000e+00 0.000000000000000000e+00
7.481971979141235352e-01 7.672504186630249023e-01 7.656623125076293945e-01 7.646195888519287109e-01 7.730214595794677734e-01 7.814631462097167969e-01 7.874612808227539062e-01 7.949390411376953125e-01 8.315173387527465820e-01 9.048546552658081055e-01 9.811284542083740234e-01 1.060456514358520508e+00 1.157989501953125000e+00 nan 1.092415809631347656e+00 1.008318662643432617e+00 0.000000000000000000e+00 0.000000000000000000e+00 0.000000000000000000e+00 0.000000000000000000e+00 0.000000000000000000e+00 0.000000000000000000e+00
7.619955539703369141e-01 7.743934392929077148e-01 7.661454677581787109e-01 7.431329488754272461e-01 7.290357351303100586e-01 7.372680902481079102e-01 7.455394268035888672e-01 7.538503408432006836e-01 7.882299423217773438e-01 8.265542984008789062e-01 8.996930122375488281e-01 9.757599830627441406e-01 1.056867599487304688e+00 1.163824081420898438e+00 nan 1.077763319015502930e+00 0.000000000000000000e+00 0.000000000000000000e+00 0.000000000000000000e+00 0.000000000000000000e+00 0.000000000000000000e+00 0.000000000000000000e+00
7.759029865264892578e-01 7.762756347656250000e-01 7.574828863143920898e-01 7.345831394195556641e-01 7.119817733764648438e-01 6.941692829132080078e-01 7.022355794906616211e-01 7.103402614593505859e-01 7.408741712570190430e-01 7.756612300872802734e-01 8.139694929122924805e-01 8.902301788330078125e-01 9.696967601776123047e-01 1.069217681884765625e+00 1.169674634933471680e+00 nan 0.000000000000000000e+00 0.000000000000000000e+00 0.000000000000000000e+00 0.000000000000000000e+00 0.000000000000000000e+00 0.000000000000000000e+00
7.592127323150634766e-01 7.526165246963500977e-01 7.395043373107910156e-01 7.234529256820678711e-01 7.035846710205078125e-01 6.813874244689941406e-01 6.600060462951660156e-01 6.679096221923828125e-01 6.947724819183349609e-01 7.286381721496582031e-01 7.631807327270507812e-01 8.005452156066894531e-01 8.762414455413818359e-01 9.551199674606323242e-01 1.074990510940551758e+00 1.142900466918945312e+00 nan 0.000000000000000000e+00 0.000000000000000000e+00 0.000000000000000000e+00 0.000000000000000000e+00 0.000000000000000000e+00
6.017286777496337891e-01 7.134994268417358398e-01 6.998072862625122070e-01 6.847847700119018555e-01 6.689845323562622070e-01 6.533324718475341797e-01 6.378271579742431641e-01 6.224672794342041016e-01 6.488596200942993164e-01 6.828604936599731445e-01 7.164882421493530273e-01 7.507878541946411133e-01 7.872203588485717773e-01 8.623563051223754883e-01 9.526815414428710938e-01 1.049862384796142578e+00 0.000000000000000000e+00 nan 0.000000000000000000e+00 0.000000000000000000e+00 0.000000000000000000e+00 0.000000000000000000e+00
5.491428375244140625e-01 5.490469932556152344e-01 6.346517801284790039e-01 6.469842195510864258e-01 6.315383911132812500e-01 6.162375211715698242e-01 6.010801792144775391e-01 5.860648155212402344e-01 5.881599187850952148e-01 6.199917793273925781e-01 6.569669246673583984e-01 6.947861909866333008e-01 7.334685325622558594e-01 7.737097740173339844e-01 8.484761714935302734e-01 9.290344715118408203e-01 0.000000000000000000e+00 0.000000000000000000e+00 nan 0.000000000000000000e+00 0.000000000000000000e+00 0.000000000000000000e+00
5.271065235137939453e-01 5.263910293579101562e-01 5.233632326126098633e-01 5.545901060104370117e-01 5.949325561523437500e-01 5.799750089645385742e-01 5.651576519012451172e-01 5.504792928695678711e-01 5.542373657226562500e-01 5.620709657669067383e-01 5.916293859481811523e-01 6.279572248458862305e-01 6.651141643524169922e-01 7.031193971633911133e-01 7.420821189880371094e-01 8.084735870361328125e-01 0.000000000000000000e+00 0.000000000000000000e+00 0.000000000000000000e+00 nan 0.000000000000000000e+00 0.000000000000000000e+00
5.038000345230102539e-01 5.040663480758666992e-01 5.015438795089721680e-01 4.974977970123291016e-01 4.962325096130371094e-01 5.445258617401123047e-01 5.300409793853759766e-01 5.156919956207275391e-01 5.210393667221069336e-01 5.287057161331176758e-01 5.364105701446533203e-01 5.637636184692382812e-01 5.994553565979003906e-01 6.359617710113525391e-01 6.734138727188110352e-01 7.144604921340942383e-01 0.000000000000000000e+00 0.000000000000000000e+00 0.000000000000000000e+00 0.000000000000000000e+00 nan 0.000000000000000000e+00
4.738743305206298828e-01 4.803967475891113281e-01 4.796731472015380859e-01 4.758644104003906250e-01 4.736520051956176758e-01 4.735546112060546875e-01 4.957123994827270508e-01 4.816852807998657227e-01 4.885505437850952148e-01 4.960530996322631836e-01 5.035934448242187500e-01 5.111718177795410156e-01 5.363855361938476562e-01 5.714524984359741211e-01 6.074523925781250000e-01 6.468811035156250000e-01 0.000000000000000000e+00 0.000000000000000000e+00 0.000000000000000000e+00 0.000000000000000000e+00 0.000000000000000000e+00 nan
