nan 1.006116390228271484e+00 9.629310369491577148e-01 9.190317392349243164e-01 9.068248271942138672e-01 8.870844841003417969e-01 8.669257164001464844e-01 8.356271982192993164e-01 8.048535585403442383e-01 8.209772109985351562e-01 8.029874563217163086e-01 8.103516101837158203e-01 7.848961353302001953e-01 7.276004552841186523e-01 6.721439361572265625e-01 6.184674501419067383e-01
9.906628131866455078e-01 nan 1.065437555313110352e+00 1.012344121932983398e+00 9.415045976638793945e-01 9.114211797714233398e-01 8.871426582336425781e-01 8.555054664611816406e-01 8.243983983993530273e-01 7.880594730377197266e-01 7.725815773010253906e-01 7.798215150833129883e-01 7.620158195495605469e-01 7.054544687271118164e-01 6.507089138031005859e-01 5.977205038070678711e-01
9.132145643234252930e-01 1.055927991867065430e+00 nan 1.110193967819213867e+00 1.034789562225341797e+00 9.620367288589477539e-01 9.075785875320434570e-01 8.755987882614135742e-01 8.370770215988159180e-01 7.807834148406982422e-01 7.426884174346923828e-01 7.498062849044799805e-01 7.394287586212158203e-01 6.835925579071044922e-01 6.295485496520996094e-01 5.772396326065063477e-01
8.419806957244873047e-01 9.791932106018066406e-01 1.126627206802368164e+00 nan 1.135460615158081055e+00 1.055225372314453125e+00 9.689848423004150391e-01 8.935493230819702148e-01 8.353825807571411133e-01 7.903586626052856445e-01 7.417266368865966797e-01 7.195650339126586914e-01 7.177499532699584961e-01 6.625157594680786133e-01 6.090575456619262695e-01 5.571515560150146484e-01
7.808232307434082031e-01 9.080516099929809570e-01 1.046048641204833984e+00 1.168031215667724609e+00 nan 1.146636486053466797e+00 1.055486917495727539e+00 9.344633817672729492e-01 8.368482589721679688e-01 7.952097654342651367e-01 7.482541799545288086e-01 7.094353437423706055e-01 6.943002939224243164e-01 6.434932947158813477e-01 5.904303789138793945e-01 5.390807390213012695e-01
7.601023912429809570e-01 8.429642915725708008e-01 9.583021402359008789e-01 1.065853834152221680e+00 1.187725782394409180e+00 nan 1.138616561889648438e+00 1.009775161743164062e+00 8.913041353225708008e-01 8.134784698486328125e-01 7.649141550064086914e-01 7.186467647552490234e-01 6.771223545074462891e-01 6.244205236434936523e-01 5.719734430313110352e-01 5.212197303771972656e-01
7.392728328704833984e-01 8.205255270004272461e-01 8.880184888839721680e-01 9.681395292282104492e-01 1.072575807571411133e+00 1.193179845809936523e+00 nan 1.106906890869140625e+00 9.881072044372558594e-01 8.831409215927124023e-01 8.048187494277954102e-01 7.575052976608276367e-01 7.114319801330566406e-01 6.336847543716430664e-01 5.672434568405151367e-01 5.104213953018188477e-01
7.166216373443603516e-01 7.990392446517944336e-01 8.499544858932495117e-01 8.820476531982421875e-01 9.508274793624877930e-01 1.051472187042236328e+00 1.168778657913208008e+00 nan 1.089864730834960938e+00 9.778212308883666992e-01 8.668745756149291992e-01 7.972424030303955078e-01 7.501273155212402344e-01 6.828864812850952148e-01 5.793540477752685547e-01 5.215095281600952148e-01
7.267836332321166992e-01 7.714616060256958008e-01 8.145617246627807617e-01 8.292102813720703125e-01 8.367024660110473633e-01 9.225180149078369141e-01 1.034695148468017578e+00 1.153417825698852539e+00 nan 1.077261924743652344e+00 9.608308076858520508e-01 8.469996452331542969e-01 7.896976470947265625e-01 7.335699796676635742e-01 6.269196271896362305e-01 5.326790809631347656e-01
7.473473548889160156e-01 7.635828256607055664e-01 7.641965150833129883e-01 7.763422727584838867e-01 7.883062362670898438e-01 8.163155317306518555e-01 9.149974584579467773e-01 1.026735782623291016e+00 1.158369302749633789e+00 nan 1.059515714645385742e+00 9.399557113647460938e-01 8.301626443862915039e-01 7.821847200393676758e-01 6.759176254272460938e-01 5.728139877319335938e-01
7.673035860061645508e-01 7.617712020874023438e-01 7.287094593048095703e-01 7.130409479141235352e-01 7.248344421386718750e-01 7.523620128631591797e-01 8.031651973724365234e-01 9.053816795349121094e-01 1.018807649612426758e+00 1.177113533020019531e+00 nan 1.037590026855468750e+00 9.193027019500732422e-01 8.224797248840332031e-01 7.263913154602050781e-01 6.201825141906738281e-01
7.468191385269165039e-01 7.317749261856079102e-01 7.092531919479370117e-01 6.842634677886962891e-01 6.633687019348144531e-01 6.857275962829589844e-01 7.345989942550659180e-01 7.848871946334838867e-01 8.850474357604980469e-01 1.003419399261474609e+00 1.172027111053466797e+00 nan 1.015897512435913086e+00 8.988698720932006836e-01 7.783851623535156250e-01 6.689776182174682617e-01
5.566568374633789062e-01 6.749804019927978516e-01 6.541365385055541992e-01 6.317759752273559570e-01 6.097176074981689453e-01 6.047475337982177734e-01 6.579207181930541992e-01 7.128559350967407227e-01 7.667945623397827148e-01 8.649301528930664062e-01 9.895459413528442383e-01 1.158241510391235352e+00 nan 9.944361448287963867e-01 8.544430732727050781e-01 7.141565084457397461e-01
5.247737169265747070e-01 5.222847461700439453e-01 5.737315416336059570e-01 5.791578292846679688e-01 5.578107833862304688e-01 5.487903356552124023e-01 5.643234252929687500e-01 6.161572933197021484e-01 6.697086095809936523e-01 7.250343561172485352e-01 8.151432275772094727e-01 9.398857355117797852e-01 1.136510133743286133e+00 nan 9.463222026824951172e-01 7.609599828720092773e-01
4.904364347457885742e-01 4.906075000762939453e-01 4.850912094116210938e-01 4.840632677078247070e-01 5.075776576995849609e-01 5.012334585189819336e-01 5.121750831604003906e-01 5.249177217483520508e-01 5.754458904266357422e-01 6.276482343673706055e-01 6.835008859634399414e-01 7.546240091323852539e-01 8.782051801681518555e-01 1.021970510482788086e+00 nan 8.525760173797607422e-01
4.440661668777465820e-01 4.533058404922485352e-01 4.508727788925170898e-01 4.484976530075073242e-01 4.486037492752075195e-01 4.523044824600219727e-01 4.631448984146118164e-01 4.740662574768066406e-01 4.850690364837646484e-01 5.179405212402343750e-01 5.726255178451538086e-01 6.343694925308227539e-01 7.018758058547973633e-01 7.981684207916259766e-01 9.110503196716308594e-01 nan
