nan 1.044570207595825195e+00 1.013756275177001953e+00 9.834066629409790039e-01 9.535144567489624023e-01 9.221911430358886719e-01 9.131708145141601562e-01 8.975523710250854492e-01 8.753722906112670898e-01 8.534516096115112305e-01 8.317871093750000000e-01 8.103760480880737305e-01 7.932280302047729492e-01 7.990311384201049805e-01 7.966637611389160156e-01 8.084008693695068359e-01 0.000000000000000000e+00 0.000000000000000000e+00 0.000000000000000000e+00 0.000000000000000000e+00 0.000000000000000000e+00 0.000000000000000000e+00
1.027272224426269531e+00 nan 1.084874153137207031e+00 1.053452730178833008e+00 1.018316268920898438e+00 9.707272052764892578e-01 9.292300939559936523e-01 9.113048315048217773e-01 8.889639377593994141e-01 8.668844699859619141e-01 8.450629711151123047e-01 8.234965801239013672e-01 8.021823167800903320e-01 7.805457115173339844e-01 7.812997102737426758e-01 7.929365634918212891e-01 0.000000000000000000e+00 0.000000000000000000e+00 0.000000000000000000e+00 0.000000000000000000e+00 0.000000000000000000e+00 0.000000000000000000e+00
9.710534811019897461e-01 1.070963859558105469e+00 nan 1.125972747802734375e+00 1.084648132324218750e+00 1.035014152526855469e+00 9.841217994689941406e-01 9.284121990203857422e-01 9.026541709899902344e-01 8.804146051406860352e-01 8.584350347518920898e-01 8.367123603820800781e-01 8.142757415771484375e-01 7.823557853698730469e-01 7.660671472549438477e-01 7.776043415069580078e-01 0.000000000000000000e+00 0.000000000000000000e+00 0.000000000000000000e+00 0.000000000000000000e+00 0.000000000000000000e+00 0.000000000000000000e+00
9.163450002670288086e-01 1.013767719268798828e+00 1.116352319717407227e+00 nan 1.153160572052001953e+00 1.101094245910644531e+00 1.048549413681030273e+00 9.887671470642089844e-01 9.304448366165161133e-01 8.940429687500000000e-01 8.719040155410766602e-01 8.500239849090576172e-01 8.226207494735717773e-01 7.938773632049560547e-01 7.673001289367675781e-01 7.616691589355468750e-01 0.000000000000000000e+00 0.000000000000000000e+00 0.000000000000000000e+00 0.000000000000000000e+00 0.000000000000000000e+00 0.000000000000000000e+00
8.662062883377075195e-01 9.581516981124877930e-01 1.057902812957763672e+00 1.161635398864746094e+00 nan 1.169320106506347656e+00 1.112975358963012695e+00 1.051010608673095703e+00 9.908633232116699219e-01 9.324796199798583984e-01 8.854706287384033203e-01 8.634319305419921875e-01 8.322147130966186523e-01 8.069505691528320312e-01 7.814817428588867188e-01 7.539355754852294922e-01 0.000000000000000000e+00 0.000000000000000000e+00 0.000000000000000000e+00 0.000000000000000000e+00 0.000000000000000000e+00 0.000000000000000000e+00
8.229409456253051758e-01 9.074717760086059570e-01 1.004509925842285156e+00 1.100428819656372070e+00 1.188217401504516602e+00 nan 1.180974721908569336e+00 1.113893032073974609e+00 1.051961421966552734e+00 9.918441772460937500e-01 9.334880113601684570e-01 8.739466667175292969e-01 8.434871435165405273e-01 8.181939125061035156e-01 7.879681587219238281e-01 7.603882551193237305e-01 0.000000000000000000e+00 0.000000000000000000e+00 0.000000000000000000e+00 0.000000000000000000e+00 0.000000000000000000e+00 0.000000000000000000e+00
7.822326421737670898e-01 8.536303043365478516e-01 9.500882625579833984e-01 1.039750099182128906e+00 1.122623443603515625e+00 1.211330890655517578e+00 nan 1.193821907043457031e+00 1.119659662246704102e+00 1.052237510681152344e+00 9.921121597290039062e-01 9.234954118728637695e-01 8.564341068267822266e-01 8.220173120498657227e-01 7.921456098556518555e-01 7.645013332366943359e-01 0.000000000000000000e+00 0.000000000000000000e+00 0.000000000000000000e+00 0.000000000000000000e+00 0.000000000000000000e+00 0.000000000000000000e+00
7.728987932205200195e-01 8.153727054595947266e-01 8.933584690093994141e-01 9.747879505157470703e-01 1.052326202392578125e+00 1.127482175827026367e+00 1.230138778686523438e+00 nan 1.206744432449340820e+00 1.132145404815673828e+00 1.055701255798339844e+00 9.762878417968750000e-01 8.975291252136230469e-01 8.265962600708007812e-01 7.963328361511230469e-01 7.686239480972290039e-01 0.000000000000000000e+00 0.000000000000000000e+00 0.000000000000000000e+00 0.000000000000000000e+00 0.000000000000000000e+00 0.000000000000000000e+00
7.589974403381347656e-01 8.058651685714721680e-01 8.484483957290649414e-01 9.118949174880981445e-01 9.843575954437255859e-01 1.056673765182495117e+00 1.145576953887939453e+00 1.249106645584106445e+00 nan 1.219743490219116211e+00 1.134188175201416016e+00 1.043341636657714844e+00 9.566093683242797852e-01 8.816819190979003906e-01 8.121207952499389648e-01 7.790985107421875000e-01 0.000000000000000000e+00 0.000000000000000000e+00 0.000000000000000000e+00 0.000000000000000000e+00 0.000000000000000000e+00 0.000000000000000000e+00
7.432904243469238281e-01 7.964074611663818359e-01 8.341103792190551758e-01 8.698464632034301758e-01 9.186397790908813477e-01 9.885609149932861328e-01 1.064221620559692383e+00 1.163825511932373047e+00 1.268235921859741211e+00 nan 1.210397720336914062e+00 1.109953165054321289e+00 1.024199008941650391e+00 9.466832876205444336e-01 8.699344396591186523e-01 8.068509101867675781e-01 0.000000000000000000e+00 0.000000000000000000e+00 0.000000000000000000e+00 0.000000000000000000e+00 0.000000000000000000e+00 0.000000000000000000e+00
7.249392271041870117e-01 7.853212356567382812e-01 8.210998773574829102e-01 8.487455844879150391e-01 8.664041757583618164e-01 9.227039813995361328e-01 9.927732944488525391e-01 1.076459407806396484e+00 1.170547723770141602e+00 1.277853012084960938e+00 nan 1.178736209869384766e+00 1.094123601913452148e+00 1.013930320739746094e+00 9.345939159393310547e-01 8.561295270919799805e-01 0.000000000000000000e+00 0.000000000000000000e+00 0.000000000000000000e+00 0.000000000000000000e+00 0.000000000000000000e+00 0.000000000000000000e+00
7.183856964111328125e-01 7.702305316925048828e-01 8.081815242767333984e-01 8.321350812911987305e-01 8.492817878723144531e-01 8.617080450057983398e-01 9.164252281188964844e-01 9.856544733047485352e-01 1.073751211166381836e+00 1.154470682144165039e+00 1.270530223846435547e+00 nan 1.169543027877807617e+00 1.083499908447265625e+00 1.001489162445068359e+00 9.203116893768310547e-01 0.000000000000000000e+00 0.000000000000000000e+00 0.000000000000000000e+00 0.000000000000000000e+00 0.000000000000000000e+00 0.000000000000000000e+00
7.328249216079711914e-01 7.515463829040527344e-01 7.925674915313720703e-01 8.094346523284912109e-01 8.215931653976440430e-01 8.338333368301391602e-01 8.511314392089843750e-01 9.082945585250854492e-01 9.808348417282104492e-01 1.060151100158691406e+00 1.147493600845336914e+00 1.280245542526245117e+00 nan 1.174309730529785156e+00 1.070619583129882812e+00 9.867131710052490234e-01 0.000000000000000000e+00 0.000000000000000000e+00 0.000000000000000000e+00 0.000000000000000000e+00 0.000000000000000000e+00 0.000000000000000000e+00
7.466895580291748047e-01 7.632073163986206055e-01 7.610361576080322266e-01 7.813055515289306641e-01 7.943191528320312500e-01 8.063760995864868164e-01 8.185139894485473633e-01 8.329986333847045898e-01 8.994114398956298828e-01 9.754672050476074219e-01 1.054568529129028320e+00 1.160387754440307617e+00 1.293936729431152344e+00 nan 1.162277460098266602e+00 1.055410861968994141e+00 0.000000000000000000e+00 0.000000000000000000e+00 0.000000000000000000e+00 0.000000000000000000e+00 0.000000000000000000e+00 0.000000000000000000e+00
7.604759931564331055e-01 7.673518657684326172e-01 7.600673437118530273e-01 7.485196590423583984e-01 7.674535512924194336e-01 7.793298959732055664e-01 7.858508825302124023e-01 7.909116744995117188e-01 8.213347196578979492e-01 8.942643404006958008e-01 9.701142311096191406e-01 1.049000978469848633e+00 1.173359155654907227e+00 1.307710409164428711e+00 nan 1.147086620330810547e+00 0.000000000000000000e+00 0.000000000000000000e+00 0.000000000000000000e+00 0.000000000000000000e+00 0.000000000000000000e+00 0.000000000000000000e+00
7.732315063476562500e-01 7.692266702651977539e-01 7.615253925323486328e-01 7.499680519104003906e-01 7.384865283966064453e-01 7.459752559661865234e-01 7.531398534774780273e-01 7.581079006195068359e-01 7.771272659301757812e-01 8.163992166519165039e-01 8.891313076019287109e-01 9.647754430770874023e-01 1.059119701385498047e+00 1.186408996582031250e+00 1.303115129470825195e+00 nan 0.000000000000000000e+00 0.000000000000000000e+00 0.000000000000000000e+00 0.000000000000000000e+00 0.000000000000000000e+00 0.000000000000000000e+00
7.657456398010253906e-01 7.686462402343750000e-01 7.626695632934570312e-01 7.514177560806274414e-01 7.337474822998046875e-01 7.111570835113525391e-01 7.107672691345214844e-01 7.189126014709472656e-01 7.378594875335693359e-01 7.725863456726074219e-01 8.114773035049438477e-01 8.840121030807495117e-01 9.594511985778808594e-01 1.071483373641967773e+00 1.181797742843627930e+00 1.293203830718994141e+00 nan 0.000000000000000000e+00 0.000000000000000000e+00 0.000000000000000000e+00 0.000000000000000000e+00 0.000000000000000000e+00
6.014647483825683594e-01 7.294760942459106445e-01 7.363647222518920898e-01 7.275534868240356445e-01 7.113522291183471680e-01 6.953027248382568359e-01 6.794039011001586914e-01 6.762691736221313477e-01 6.918376684188842773e-01 7.256447076797485352e-01 7.601274251937866211e-01 8.011317253112792969e-01 8.768527507781982422e-01 9.625985622406005859e-01 1.066870689392089844e+00 1.171263933181762695e+00 0.000000000000000000e+00 nan 0.000000000000000000e+00 0.000000000000000000e+00 0.000000000000000000e+00 0.000000000000000000e+00
5.724020004272460938e-01 5.766499042510986328e-01 6.617927551269531250e-01 6.887934207916259766e-01 6.729556322097778320e-01 6.572662591934204102e-01 6.417241096496582031e-01 6.263276338577270508e-01 6.333335638046264648e-01 6.706132888793945312e-01 7.087439298629760742e-01 7.477447986602783203e-01 7.878025770187377930e-01 8.629630804061889648e-01 9.497010707855224609e-01 1.052787542343139648e+00 0.000000000000000000e+00 0.000000000000000000e+00 nan 0.000000000000000000e+00 0.000000000000000000e+00 0.000000000000000000e+00
5.538933277130126953e-01 5.566529035568237305e-01 5.533527135848999023e-01 5.804024934768676758e-01 6.354203224182128906e-01 6.200830936431884766e-01 6.048896312713623047e-01 5.898386240005493164e-01 5.838304758071899414e-01 6.047375202178955078e-01 6.413645744323730469e-01 6.788276433944702148e-01 7.171456813812255859e-01 7.563383579254150391e-01 8.321577310562133789e-01 9.164671897888183594e-01 0.000000000000000000e+00 0.000000000000000000e+00 0.000000000000000000e+00 nan 0.000000000000000000e+00 0.000000000000000000e+00
5.328774452209472656e-01 5.338855981826782227e-01 5.311037302017211914e-01 5.269778966903686523e-01 5.256078243255615234e-01 5.837341547012329102e-01 5.688816308975219727e-01 5.541683435440063477e-01 5.500004291534423828e-01 5.578126907348632812e-01 5.766422748565673828e-01 6.126279830932617188e-01 6.494350433349609375e-01 6.870822906494140625e-01 7.275156974792480469e-01 7.859767675399780273e-01 0.000000000000000000e+00 0.000000000000000000e+00 0.000000000000000000e+00 0.000000000000000000e+00 nan 0.000000000000000000e+00
5.028665065765380859e-01 5.094735622406005859e-01 5.091735124588012695e-01 5.051068067550659180e-01 5.025900602340698242e-01 5.024846792221069336e-01 5.237402915954589844e-01 5.192983150482177734e-01 5.168930292129516602e-01 5.245383977890014648e-01 5.322222709655761719e-01 5.490386486053466797e-01 5.843944549560546875e-01 6.205571889877319336e-01 6.594216823577880859e-01 7.001250982284545898e-01 0.000000000000000000e+00 0.000000000000000000e+00 0.000000000000000000e+00 0.000000000000000000e+00 0.000000000000000000e+00 nan
