nan 1.152717590332031250e+00 1.063083648681640625e+00 1.004734039306640625e+00 9.747573137283325195e-01 9.388788938522338867e-01 9.136117696762084961e-01 8.998746871948242188e-01 8.862363100051879883e-01 8.726956844329833984e-01 8.592523336410522461e-01 8.447839021682739258e-01 8.274890184402465820e-01 8.323155641555786133e-01 8.167612552642822266e-01 8.018941879272460938e-01 0.000000000000000000e+00 0.000000000000000000e+00 0.000000000000000000e+00 0.000000000000000000e+00 0.000000000000000000e+00 0.000000000000000000e+00
1.095642328262329102e+00 nan 1.182510375976562500e+00 1.091070890426635742e+00 1.045589685440063477e+00 1.003645181655883789e+00 9.537717103958129883e-01 9.168039560317993164e-01 9.030439853668212891e-01 8.893826007843017578e-01 8.758195638656616211e-01 8.662604093551635742e-01 8.578954935073852539e-01 8.283460140228271484e-01 8.128253221511840820e-01 8.010512590408325195e-01 0.000000000000000000e+00 0.000000000000000000e+00 0.000000000000000000e+00 0.000000000000000000e+00 0.000000000000000000e+00 0.000000000000000000e+00
9.800282716751098633e-01 1.131865262985229492e+00 nan 1.212117671966552734e+00 1.119438171386718750e+00 1.069811582565307617e+00 1.018290996551513672e+00 9.680528640747070312e-01 9.200015068054199219e-01 9.062186479568481445e-01 9.004192352294921875e-01 8.949759006500244141e-01 8.875398635864257812e-01 8.486516475677490234e-01 8.088977336883544922e-01 7.897912263870239258e-01 0.000000000000000000e+00 0.000000000000000000e+00 0.000000000000000000e+00 0.000000000000000000e+00 0.000000000000000000e+00 0.000000000000000000e+00
9.132157564163208008e-01 1.014252901077270508e+00 1.168714046478271484e+00 nan 1.238682270050048828e+00 1.138163089752197266e+00 1.084941148757934570e+00 1.033044099807739258e+00 9.824388027191162109e-01 9.412238597869873047e-01 9.317131042480468750e-01 9.241331815719604492e-01 9.165828227996826172e-01 8.758207559585571289e-01 8.122349977493286133e-01 7.693083286285400391e-01 0.000000000000000000e+00 0.000000000000000000e+00 0.000000000000000000e+00 0.000000000000000000e+00 0.000000000000000000e+00 0.000000000000000000e+00
8.625472784042358398e-01 9.575347900390625000e-01 1.057366371154785156e+00 1.206420421600341797e+00 nan 1.264197111129760742e+00 1.161506175994873047e+00 1.100546360015869141e+00 1.056170463562011719e+00 1.020890235900878906e+00 9.826240539550781250e-01 9.537390470504760742e-01 9.460724592208862305e-01 8.965901136398315430e-01 8.128672838211059570e-01 7.605531215667724609e-01 0.000000000000000000e+00 0.000000000000000000e+00 0.000000000000000000e+00 0.000000000000000000e+00 0.000000000000000000e+00 0.000000000000000000e+00
8.159377574920654297e-01 9.085482358932495117e-01 1.005881547927856445e+00 1.108178853988647461e+00 1.234994411468505859e+00 nan 1.305487632751464844e+00 1.196089744567871094e+00 1.131959915161132812e+00 1.091569662094116211e+00 1.046645402908325195e+00 1.002686500549316406e+00 9.626220464706420898e-01 8.893610239028930664e-01 8.076397180557250977e-01 7.570892572402954102e-01 0.000000000000000000e+00 0.000000000000000000e+00 0.000000000000000000e+00 0.000000000000000000e+00 0.000000000000000000e+00 0.000000000000000000e+00
7.704945802688598633e-01 8.607875108718872070e-01 9.556851387023925781e-01 1.055132865905761719e+00 1.140317678451538086e+00 1.285506725311279297e+00 nan 1.347531318664550781e+00 1.247725963592529297e+00 1.168530941009521484e+00 1.112572908401489258e+00 1.067197799682617188e+00 9.785281419754028320e-01 8.812599182128906250e-01 8.015798330307006836e-01 7.511845827102661133e-01 0.000000000000000000e+00 0.000000000000000000e+00 0.000000000000000000e+00 0.000000000000000000e+00 0.000000000000000000e+00 0.000000000000000000e+00
7.555242776870727539e-01 8.142220973968505859e-01 9.067448377609252930e-01 9.989602565765380859e-01 1.081023693084716797e+00 1.169340133666992188e+00 1.337160825729370117e+00 nan 1.395735740661621094e+00 1.290192365646362305e+00 1.202717542648315430e+00 1.113385677337646484e+00 1.018691062927246094e+00 9.144989252090454102e-01 8.170584440231323242e-01 7.667354345321655273e-01 0.000000000000000000e+00 0.000000000000000000e+00 0.000000000000000000e+00 0.000000000000000000e+00 0.000000000000000000e+00 0.000000000000000000e+00
7.418431043624877930e-01 8.049539327621459961e-01 8.611342906951904297e-01 9.443228244781494141e-01 1.023372173309326172e+00 1.105106115341186523e+00 1.205182075500488281e+00 1.380985975265502930e+00 nan 1.440998792648315430e+00 1.300029277801513672e+00 1.170474767684936523e+00 1.071962118148803711e+00 9.676971435546875000e-01 8.587926626205444336e-01 7.839682102203369141e-01 0.000000000000000000e+00 0.000000000000000000e+00 0.000000000000000000e+00 0.000000000000000000e+00 0.000000000000000000e+00 0.000000000000000000e+00
7.282685041427612305e-01 7.966428995132446289e-01 8.526840209960937500e-01 8.969479799270629883e-01 9.673179388046264648e-01 1.040731430053710938e+00 1.121958494186401367e+00 1.231621980667114258e+00 1.436187982559204102e+00 nan 1.409720420837402344e+00 1.258989095687866211e+00 1.126638174057006836e+00 1.022373199462890625e+00 9.122374057769775391e-01 8.253244161605834961e-01 0.000000000000000000e+00 0.000000000000000000e+00 0.000000000000000000e+00 0.000000000000000000e+00 0.000000000000000000e+00 0.000000000000000000e+00
7.050786018371582031e-01 7.812876701354980469e-01 8.427327871322631836e-01 8.793276548385620117e-01 9.041470289230346680e-01 9.736540317535400391e-01 1.045698165893554688e+00 1.151405334472656250e+00 1.260409116744995117e+00 1.420799970626831055e+00 nan 1.365985631942749023e+00 1.210258245468139648e+00 1.078569412231445312e+00 9.672192335128784180e-01 8.888567686080932617e-01 0.000000000000000000e+00 0.000000000000000000e+00 0.000000000000000000e+00 0.000000000000000000e+00 0.000000000000000000e+00 0.000000000000000000e+00
6.948872804641723633e-01 7.604870796203613281e-01 8.236351013183593750e-01 8.534511327743530273e-01 8.757516145706176758e-01 9.087811708450317383e-01 9.784572124481201172e-01 1.060458898544311523e+00 1.139130115509033203e+00 1.229427576065063477e+00 1.402727365493774414e+00 nan 1.325831413269042969e+00 1.165297269821166992e+00 1.035345077514648438e+00 9.546005725860595703e-01 0.000000000000000000e+00 0.000000000000000000e+00 0.000000000000000000e+00 0.000000000000000000e+00 0.000000000000000000e+00 0.000000000000000000e+00
7.087099552154541016e-01 7.418649196624755859e-01 7.983160018920898438e-01 8.279306888580322266e-01 8.499242067337036133e-01 8.721822500228881836e-01 9.050424098968505859e-01 9.575829505920410156e-01 1.033859968185424805e+00 1.113108873367309570e+00 1.205527544021606445e+00 1.398556232452392578e+00 nan 1.306963920593261719e+00 1.136108398437500000e+00 1.022632598876953125e+00 0.000000000000000000e+00 0.000000000000000000e+00 0.000000000000000000e+00 0.000000000000000000e+00 0.000000000000000000e+00 0.000000000000000000e+00
7.222800254821777344e-01 7.502514123916625977e-01 7.690408229827880859e-01 7.988306283950805664e-01 8.202244043350219727e-01 8.351250886917114258e-01 8.384406566619873047e-01 8.622361421585083008e-01 9.347980022430419922e-01 1.010186910629272461e+00 1.088513612747192383e+00 1.186277627944946289e+00 1.392052888870239258e+00 nan 1.305084943771362305e+00 1.134100914001464844e+00 0.000000000000000000e+00 0.000000000000000000e+00 0.000000000000000000e+00 0.000000000000000000e+00 0.000000000000000000e+00 0.000000000000000000e+00
7.359578609466552734e-01 7.558178901672363281e-01 7.653678655624389648e-01 7.579972743988037109e-01 7.811217308044433594e-01 7.873221635818481445e-01 7.905513048171997070e-01 7.945417165756225586e-01 8.405610322952270508e-01 9.122780561447143555e-01 9.867898225784301758e-01 1.064204692840576172e+00 1.180349826812744141e+00 1.385567665100097656e+00 nan 1.302544355392456055e+00 0.000000000000000000e+00 0.000000000000000000e+00 0.000000000000000000e+00 0.000000000000000000e+00 0.000000000000000000e+00 0.000000000000000000e+00
7.497444152832031250e-01 7.648092508316040039e-01 7.578694820404052734e-01 7.505301237106323242e-01 7.276870012283325195e-01 7.296109199523925781e-01 7.360523939132690430e-01 7.437995672225952148e-01 7.762767076492309570e-01 8.244322538375854492e-01 8.975796699523925781e-01 9.736595153808593750e-01 1.052789688110351562e+00 1.190256118774414062e+00 1.411149978637695312e+00 nan 0.000000000000000000e+00 0.000000000000000000e+00 0.000000000000000000e+00 0.000000000000000000e+00 0.000000000000000000e+00 0.000000000000000000e+00
7.354727983474731445e-01 7.490983009338378906e-01 7.467750310897827148e-01 7.329691648483276367e-01 7.149473428726196289e-01 6.926158666610717773e-01 6.927893161773681641e-01 7.009389400482177734e-01 7.295192480087280273e-01 7.641438245773315430e-01 8.135526180267333984e-01 8.898739814758300781e-01 9.688414335250854492e-01 1.061026334762573242e+00 1.213886260986328125e+00 1.420491218566894531e+00 nan 0.000000000000000000e+00 0.000000000000000000e+00 0.000000000000000000e+00 0.000000000000000000e+00 0.000000000000000000e+00
6.087884902954101562e-01 7.192375659942626953e-01 7.094999551773071289e-01 6.941499710083007812e-01 6.782757043838500977e-01 6.625503301620483398e-01 6.469722986221313477e-01 6.505951881408691406e-01 6.815034151077270508e-01 7.177058458328247070e-01 7.520939111709594727e-01 8.005381822586059570e-01 8.763117790222167969e-01 9.552743434906005859e-01 1.075782299041748047e+00 1.222101449966430664e+00 0.000000000000000000e+00 nan 0.000000000000000000e+00 0.000000000000000000e+00 0.000000000000000000e+00 0.000000000000000000e+00
5.559386014938354492e-01 5.575220584869384766e-01 6.559717655181884766e-01 6.562002897262573242e-01 6.406817436218261719e-01 6.253086328506469727e-01 6.100794076919555664e-01 5.949931144714355469e-01 6.154615879058837891e-01 6.523938179016113281e-01 6.901704072952270508e-01 7.288107872009277344e-01 7.775200605392456055e-01 8.601435422897338867e-01 9.514048099517822266e-01 1.079657793045043945e+00 0.000000000000000000e+00 0.000000000000000000e+00 nan 0.000000000000000000e+00 0.000000000000000000e+00 0.000000000000000000e+00
5.357797145843505859e-01 5.346878767013549805e-01 5.317854881286621094e-01 5.746992826461791992e-01 6.039298772811889648e-01 5.889010429382324219e-01 5.740131139755249023e-01 5.592645406723022461e-01 5.639882087707519531e-01 5.874952077865600586e-01 6.237881183624267578e-01 6.609107255935668945e-01 6.988821029663085938e-01 7.377214431762695312e-01 8.187938928604125977e-01 9.084447622299194336e-01 0.000000000000000000e+00 0.000000000000000000e+00 0.000000000000000000e+00 nan 0.000000000000000000e+00 0.000000000000000000e+00
5.138159990310668945e-01 5.121883153915405273e-01 5.097919702529907227e-01 5.057116746902465820e-01 5.048757791519165039e-01 5.533090829849243164e-01 5.387545824050903320e-01 5.243364572525024414e-01 5.305279493331909180e-01 5.382297039031982422e-01 5.600130558013916016e-01 5.956776142120361328e-01 6.321575641632080078e-01 6.694715023040771484e-01 7.080277204513549805e-01 7.809388637542724609e-01 0.000000000000000000e+00 0.000000000000000000e+00 0.000000000000000000e+00 0.000000000000000000e+00 nan 0.000000000000000000e+00
4.831671714782714844e-01 4.893484115600585938e-01 4.876247644424438477e-01 4.837837219238281250e-01 4.819891452789306641e-01 4.820027351379394531e-01 5.042858123779296875e-01 4.902839660644531250e-01 4.977834224700927734e-01 5.053204298019409180e-01 5.128954648971557617e-01 5.330065488815307617e-01 5.680537223815917969e-01 6.039021015167236328e-01 6.405701637268066406e-01 6.842150688171386719e-01 0.000000000000000000e+00 0.000000000000000000e+00 0.000000000000000000e+00 0.000000000000000000e+00 0.000000000000000000e+00 nan
