nan 1.068666458129882812e+00 1.023784399032592773e+00 9.692435264587402344e-01 9.379613399505615234e-01 9.058220386505126953e-01 8.737286329269409180e-01 8.421754837036132812e-01 8.111538887023925781e-01 8.080651760101318359e-01 8.018206357955932617e-01 8.188475370407104492e-01 8.167464733123779297e-01 7.581890821456909180e-01 6.991214752197265625e-01 6.385253667831420898e-01
1.044629096984863281e+00 nan 1.127826929092407227e+00 1.063405752182006836e+00 9.875507354736328125e-01 9.258053302764892578e-01 8.933752775192260742e-01 8.614914417266845703e-01 8.285892009735107422e-01 7.971316576004028320e-01 7.820876836776733398e-01 7.882000207901000977e-01 7.923713922500610352e-01 7.345997095108032227e-01 6.786900758743286133e-01 6.245824098587036133e-01
9.619565010070800781e-01 1.109765291213989258e+00 nan 1.161985397338867188e+00 1.078024864196777344e+00 9.905775785446166992e-01 9.132280349731445312e-01 8.810099363327026367e-01 8.556554317474365234e-01 8.290206193923950195e-01 7.564396858215332031e-01 7.578599452972412109e-01 7.649984359741210938e-01 7.113267183303833008e-01 6.561671495437622070e-01 6.027855873107910156e-01
8.816428184509277344e-01 1.026224613189697266e+00 1.172226667404174805e+00 nan 1.171847105026245117e+00 1.080539226531982422e+00 9.930702447891235352e-01 9.214309453964233398e-01 8.868020772933959961e-01 8.335391283035278320e-01 7.629913091659545898e-01 7.278937101364135742e-01 7.350103855133056641e-01 6.883660554885864258e-01 6.339465379714965820e-01 5.812811851501464844e-01
8.030897378921508789e-01 9.416360855102539062e-01 1.074464082717895508e+00 1.199522256851196289e+00 nan 1.188840866088867188e+00 1.082769155502319336e+00 1.002238035202026367e+00 8.978461027145385742e-01 8.202614784240722656e-01 7.643498182296752930e-01 7.251735925674438477e-01 7.023781538009643555e-01 6.687175035476684570e-01 6.148401498794555664e-01 5.627024173736572266e-01
7.756712436676025391e-01 8.605786561965942383e-01 9.797126054763793945e-01 1.087826251983642578e+00 1.226595163345336914e+00 nan 1.207489252090454102e+00 1.088308334350585938e+00 9.499772787094116211e-01 8.292231559753417969e-01 7.727113962173461914e-01 7.309988737106323242e-01 6.925631761550903320e-01 6.493519544601440430e-01 5.960999727249145508e-01 5.445672273635864258e-01
7.540321350097656250e-01 8.321211338043212891e-01 8.916710615158081055e-01 9.886904954910278320e-01 1.105679512023925781e+00 1.253351688385009766e+00 nan 1.175575256347656250e+00 1.034228324890136719e+00 9.170649051666259766e-01 8.127923011779785156e-01 7.652696371078491211e-01 7.189929485321044922e-01 6.581808328628540039e-01 5.837465524673461914e-01 5.266425609588623047e-01
7.301725149154663086e-01 8.042354583740234375e-01 8.535333871841430664e-01 8.925079107284545898e-01 9.848603010177612305e-01 1.109913349151611328e+00 1.229560136795043945e+00 nan 1.130705595016479492e+00 1.013400793075561523e+00 8.973448276519775391e-01 8.051823377609252930e-01 7.578592300415039062e-01 7.081203460693359375e-01 6.030354499816894531e-01 5.375310182571411133e-01
7.318038940429687500e-01 7.782951593399047852e-01 8.083672523498535156e-01 8.298716545104980469e-01 8.737905025482177734e-01 9.626033306121826172e-01 1.073896884918212891e+00 1.210669755935668945e+00 nan 1.114577531814575195e+00 9.928345680236816406e-01 8.771456480026245117e-01 7.976042032241821289e-01 7.504799365997314453e-01 6.513142585754394531e-01 5.497242212295532227e-01
7.528626918792724609e-01 7.534382343292236328e-01 7.651785612106323242e-01 7.865869998931884766e-01 7.949836254119873047e-01 8.397762775421142578e-01 9.471254348754882812e-01 1.060738325119018555e+00 1.227877855300903320e+00 nan 1.093130350112915039e+00 9.716187715530395508e-01 8.571614027023315430e-01 7.900581359863281250e-01 7.010469436645507812e-01 5.963971614837646484e-01
7.637887001037597656e-01 7.564340829849243164e-01 7.398984432220458984e-01 7.324502468109130859e-01 7.443776130676269531e-01 7.687752246856689453e-01 8.325794935226440430e-01 9.395086765289306641e-01 1.060721397399902344e+00 1.243617296218872070e+00 nan 1.070846796035766602e+00 9.506287574768066406e-01 8.373899459838867188e-01 7.522772550582885742e-01 6.444760560989379883e-01
7.485822439193725586e-01 7.495526075363159180e-01 7.313097715377807617e-01 6.988196372985839844e-01 6.822152137756347656e-01 7.030118703842163086e-01 7.523841857910156250e-01 8.196549415588378906e-01 9.311788082122802734e-01 1.074926376342773438e+00 1.221318244934082031e+00 nan 1.048800230026245117e+00 9.298622608184814453e-01 8.050507307052612305e-01 6.940027475357055664e-01
5.739575624465942383e-01 6.961024999618530273e-01 6.767908334732055664e-01 6.541239023208618164e-01 6.317634582519531250e-01 6.273164749145507812e-01 6.812375783920288086e-01 7.346209287643432617e-01 8.002355098724365234e-01 9.098652601242065430e-01 1.043448686599731445e+00 1.213311672210693359e+00 nan 1.026988506317138672e+00 9.045561552047729492e-01 7.450209856033325195e-01
5.446783304214477539e-01 5.417587757110595703e-01 5.771598815917968750e-01 6.007851362228393555e-01 5.791457891464233398e-01 5.670872926712036133e-01 5.863239765167236328e-01 6.388866901397705078e-01 6.931911706924438477e-01 7.536497116088867188e-01 8.659554719924926758e-01 1.017457723617553711e+00 1.205853939056396484e+00 nan 1.005409240722656250e+00 8.247995376586914062e-01
5.084125995635986328e-01 5.099630355834960938e-01 5.040893554687500000e-01 5.027592182159423828e-01 5.282247066497802734e-01 5.189687013626098633e-01 5.300395488739013672e-01 5.463640689849853516e-01 5.976028442382812500e-01 6.510312557220458984e-01 7.098451852798461914e-01 8.044583797454833984e-01 9.315494298934936523e-01 1.109415292739868164e+00 nan 9.281572103500366211e-01
4.617099761962890625e-01 4.710625410079956055e-01 4.696613550186157227e-01 4.669731855392456055e-01 4.670807123184204102e-01 4.696898460388183594e-01 4.806599617004394531e-01 4.917120933532714844e-01 5.028465986251831055e-01 5.420155525207519531e-01 5.995520353317260742e-01 6.627765893936157227e-01 7.314561605453491211e-01 8.552176952362060547e-01 1.000000238418579102e+00 nan
