nan 1.032964944839477539e+00 1.002566099166870117e+00 9.726215600967407227e-01 9.431247711181640625e-01 9.173732995986938477e-01 9.088374376296997070e-01 8.951346874237060547e-01 8.749647140502929688e-01 8.531466722488403320e-01 8.315825462341308594e-01 8.102695941925048828e-01 7.944006919860839844e-01 8.039467334747314453e-01 7.982505559921264648e-01 8.099981546401977539e-01 0.000000000000000000e+00 0.000000000000000000e+00 0.000000000000000000e+00 0.000000000000000000e+00 0.000000000000000000e+00 0.000000000000000000e+00
1.020724534988403320e+00 nan 1.074396133422851562e+00 1.043377399444580078e+00 1.010446310043334961e+00 9.632780551910400391e-01 9.258465766906738281e-01 9.112044572830200195e-01 8.888648748397827148e-01 8.667864799499511719e-01 8.449661731719970703e-01 8.234008550643920898e-01 8.020877838134765625e-01 7.854110002517700195e-01 7.828730344772338867e-01 7.945200204849243164e-01 0.000000000000000000e+00 0.000000000000000000e+00 0.000000000000000000e+00 0.000000000000000000e+00 0.000000000000000000e+00 0.000000000000000000e+00
9.657461643218994141e-01 1.065767288208007812e+00 nan 1.116471529006958008e+00 1.077183485031127930e+00 1.027778625488281250e+00 9.770672321319580078e-01 9.250558614730834961e-01 9.025543928146362305e-01 8.803160190582275391e-01 8.583375215530395508e-01 8.366160392761230469e-01 8.151482343673706055e-01 7.849365472793579102e-01 7.676268815994262695e-01 7.791743278503417969e-01 0.000000000000000000e+00 0.000000000000000000e+00 0.000000000000000000e+00 0.000000000000000000e+00 0.000000000000000000e+00 0.000000000000000000e+00
9.117023944854736328e-01 1.009006738662719727e+00 1.111348628997802734e+00 nan 1.145450353622436523e+00 1.093623876571655273e+00 1.041265726089477539e+00 9.849213361740112305e-01 9.267120361328125000e-01 8.939434289932250977e-01 8.718057870864868164e-01 8.499268293380737305e-01 8.252599239349365234e-01 7.955403327941894531e-01 7.671741247177124023e-01 7.604373693466186523e-01 0.000000000000000000e+00 0.000000000000000000e+00 0.000000000000000000e+00 0.000000000000000000e+00 0.000000000000000000e+00 0.000000000000000000e+00
8.613054752349853516e-01 9.535220861434936523e-01 1.053037405014038086e+00 1.157622337341308594e+00 nan 1.161607027053833008e+00 1.107548952102661133e+00 1.047044515609741211e+00 9.870134592056274414e-01 9.287427663803100586e-01 8.853715658187866211e-01 8.633340597152709961e-01 8.339130878448486328e-01 8.086256980895996094e-01 7.784719467163085938e-01 7.509169578552246094e-01 0.000000000000000000e+00 0.000000000000000000e+00 0.000000000000000000e+00 0.000000000000000000e+00 0.000000000000000000e+00 0.000000000000000000e+00
8.198041915893554688e-01 9.030735492706298828e-01 9.998879432678222656e-01 1.097455263137817383e+00 1.183955907821655273e+00 nan 1.173426151275634766e+00 1.109750270843505859e+00 1.047940015792846680e+00 9.879405498504638672e-01 9.296989440917968750e-01 8.767422437667846680e-01 8.450814485549926758e-01 8.176690340042114258e-01 7.847800254821777344e-01 7.572493553161621094e-01 0.000000000000000000e+00 0.000000000000000000e+00 0.000000000000000000e+00 0.000000000000000000e+00 0.000000000000000000e+00 0.000000000000000000e+00
7.804199457168579102e-01 8.504406213760375977e-01 9.474499225616455078e-01 1.039036989212036133e+00 1.122207403182983398e+00 1.208855390548706055e+00 nan 1.186028480529785156e+00 1.112129688262939453e+00 1.048215866088867188e+00 9.882081747055053711e-01 9.225978851318359375e-01 8.530632257461547852e-01 8.205844163894653320e-01 7.889500856399536133e-01 7.613550424575805664e-01 0.000000000000000000e+00 0.000000000000000000e+00 0.000000000000000000e+00 0.000000000000000000e+00 0.000000000000000000e+00 0.000000000000000000e+00
7.710956335067749023e-01 8.135262727737426758e-01 8.907968997955322266e-01 9.742275476455688477e-01 1.051924228668212891e+00 1.126702547073364258e+00 1.227642059326171875e+00 nan 1.198905229568481445e+00 1.124571084976196289e+00 1.051462888717651367e+00 9.742588996887207031e-01 8.903167247772216797e-01 8.235044479370117188e-01 7.931299209594726562e-01 7.654703855514526367e-01 0.000000000000000000e+00 0.000000000000000000e+00 0.000000000000000000e+00 0.000000000000000000e+00 0.000000000000000000e+00 0.000000000000000000e+00
7.565325498580932617e-01 8.040285110473632812e-01 8.490314483642578125e-01 9.113522768020629883e-01 9.839687347412109375e-01 1.056270599365234375e+00 1.143175125122070312e+00 1.246588706970214844e+00 nan 1.211858034133911133e+00 1.129788160324096680e+00 1.033799409866333008e+00 9.491435289382934570e-01 8.745020627975463867e-01 8.102200031280517578e-01 7.772325277328491211e-01 0.000000000000000000e+00 0.000000000000000000e+00 0.000000000000000000e+00 0.000000000000000000e+00 0.000000000000000000e+00 0.000000000000000000e+00
7.410326004028320312e-01 7.945803403854370117e-01 8.335331678390502930e-01 8.704364299774169922e-01 9.182637929916381836e-01 9.881712198257446289e-01 1.061910867691040039e+00 1.161403179168701172e+00 1.265696525573730469e+00 nan 1.200075626373291016e+00 1.100100040435791016e+00 1.016475200653076172e+00 9.392554759979248047e-01 8.633549213409423828e-01 8.049558401107788086e-01 0.000000000000000000e+00 0.000000000000000000e+00 0.000000000000000000e+00 0.000000000000000000e+00 0.000000000000000000e+00 0.000000000000000000e+00
7.227052450180053711e-01 7.828195095062255859e-01 8.205267190933227539e-01 8.483996391296386719e-01 8.670667409896850586e-01 9.223271608352661133e-01 9.923826456069946289e-01 1.076709747314453125e+00 1.170809507369995117e+00 1.266678333282470703e+00 nan 1.169201374053955078e+00 1.086133003234863281e+00 1.006245613098144531e+00 9.277870655059814453e-01 8.495987653732299805e-01 0.000000000000000000e+00 0.000000000000000000e+00 0.000000000000000000e+00 0.000000000000000000e+00 0.000000000000000000e+00 0.000000000000000000e+00
7.168636322021484375e-01 7.677499055862426758e-01 8.076125383377075195e-01 8.317921161651611328e-01 8.492887020111083984e-01 8.636703491210937500e-01 9.176179170608520508e-01 9.858938455581665039e-01 1.068580627441406250e+00 1.149098634719848633e+00 1.259391546249389648e+00 nan 1.158196687698364258e+00 1.075549840927124023e+00 9.944318532943725586e-01 9.135550260543823242e-01 0.000000000000000000e+00 0.000000000000000000e+00 0.000000000000000000e+00 0.000000000000000000e+00 0.000000000000000000e+00 0.000000000000000000e+00
7.312899827957153320e-01 7.506537437438964844e-01 7.916539907455444336e-01 8.113421201705932617e-01 8.235132694244384766e-01 8.357664346694946289e-01 8.517848253250122070e-01 9.037917852401733398e-01 9.774620532989501953e-01 1.056643247604370117e+00 1.138994932174682617e+00 1.270857810974121094e+00 nan 1.157405376434326172e+00 1.063292503356933594e+00 9.797228574752807617e-01 0.000000000000000000e+00 0.000000000000000000e+00 0.000000000000000000e+00 0.000000000000000000e+00 0.000000000000000000e+00 0.000000000000000000e+00
7.450215816497802734e-01 7.622513771057128906e-01 7.625966072082519531e-01 7.828840017318725586e-01 7.962105274200439453e-01 8.082802295684814453e-01 8.180854320526123047e-01 8.286734819412231445e-01 8.961771726608276367e-01 9.721034765243530273e-01 1.051070213317871094e+00 1.151493310928344727e+00 1.284492731094360352e+00 nan 1.149550437927246094e+00 1.048178911209106445e+00 0.000000000000000000e+00 0.000000000000000000e+00 0.000000000000000000e+00 0.000000000000000000e+00 0.000000000000000000e+00 0.000000000000000000e+00
7.587949037551879883e-01 7.686504125595092773e-01 7.613991498947143555e-01 7.498426437377929688e-01 7.690491676330566406e-01 7.797404527664184570e-01 7.847839593887329102e-01 7.898416519165039062e-01 8.182336091995239258e-01 8.910388946533203125e-01 9.667595624923706055e-01 1.045512199401855469e+00 1.164411544799804688e+00 1.298209428787231445e+00 nan 1.133999109268188477e+00 0.000000000000000000e+00 0.000000000000000000e+00 0.000000000000000000e+00 0.000000000000000000e+00 0.000000000000000000e+00 0.000000000000000000e+00
7.726768255233764648e-01 7.705266475677490234e-01 7.628582715988159180e-01 7.512921094894409180e-01 7.387547492980957031e-01 7.425346374511718750e-01 7.508313655853271484e-01 7.570575475692749023e-01 7.772346735000610352e-01 8.133064508438110352e-01 8.859145641326904297e-01 9.614299535751342773e-01 1.050642251968383789e+00 1.177407264709472656e+00 1.297999143600463867e+00 nan 0.000000000000000000e+00 0.000000000000000000e+00 0.000000000000000000e+00 0.000000000000000000e+00 0.000000000000000000e+00 0.000000000000000000e+00
7.654989957809448242e-01 7.684497833251953125e-01 7.640384435653686523e-01 7.527428865432739258e-01 7.302262783050537109e-01 7.076817750930786133e-01 7.073960304260253906e-01 7.155252695083618164e-01 7.355767488479614258e-01 7.702579498291015625e-01 8.083928823471069336e-01 8.808040618896484375e-01 9.561148881912231445e-01 1.062954902648925781e+00 1.176951408386230469e+00 1.287627696990966797e+00 nan 0.000000000000000000e+00 0.000000000000000000e+00 0.000000000000000000e+00 0.000000000000000000e+00 0.000000000000000000e+00
6.061199903488159180e-01 7.346210479736328125e-01 7.362446784973144531e-01 7.225879430770874023e-01 7.064331769943237305e-01 6.904300451278686523e-01 6.745767593383789062e-01 6.729660034179687500e-01 6.896154880523681641e-01 7.233780622482299805e-01 7.578153610229492188e-01 7.955945730209350586e-01 8.710825443267822266e-01 9.534465074539184570e-01 1.062279701232910156e+00 1.165984392166137695e+00 0.000000000000000000e+00 nan 0.000000000000000000e+00 0.000000000000000000e+00 0.000000000000000000e+00 0.000000000000000000e+00
5.705255270004272461e-01 5.748113393783569336e-01 6.620982885360717773e-01 6.839392185211181641e-01 6.681469678878784180e-01 6.525026559829711914e-01 6.370052099227905273e-01 6.216530799865722656e-01 6.301494836807250977e-01 6.673566102981567383e-01 7.054128646850585938e-01 7.443376779556274414e-01 7.823061943054199219e-01 8.572356700897216797e-01 9.428561925888061523e-01 1.044758558273315430e+00 0.000000000000000000e+00 0.000000000000000000e+00 nan 0.000000000000000000e+00 0.000000000000000000e+00 0.000000000000000000e+00
5.520390272140502930e-01 5.529619455337524414e-01 5.497347116470336914e-01 5.806930065155029297e-01 6.307196617126464844e-01 6.154264211654663086e-01 6.002765893936157227e-01 5.852689743041992188e-01 5.805295705795288086e-01 6.016092300415039062e-01 6.381648778915405273e-01 6.755547523498535156e-01 7.137981653213500977e-01 7.529146671295166016e-01 8.254212141036987305e-01 9.068322181701660156e-01 0.000000000000000000e+00 0.000000000000000000e+00 0.000000000000000000e+00 nan 0.000000000000000000e+00 0.000000000000000000e+00
5.294394493103027344e-01 5.302486419677734375e-01 5.275375843048095703e-01 5.234214067459106445e-01 5.221142768859863281e-01 5.791819095611572266e-01 5.643720626831054688e-01 5.497010946273803711e-01 5.467700958251953125e-01 5.545660257339477539e-01 5.735685825347900391e-01 6.094843149185180664e-01 6.462196111679077148e-01 6.837934255599975586e-01 7.237211465835571289e-01 7.791057825088500977e-01 0.000000000000000000e+00 0.000000000000000000e+00 0.000000000000000000e+00 0.000000000000000000e+00 nan 0.000000000000000000e+00
4.994997978210449219e-01 5.061290264129638672e-01 5.056583881378173828e-01 5.016010999679565430e-01 4.991493225097656250e-01 4.990441799163818359e-01 5.239899158477783203e-01 5.149312019348144531e-01 5.137317180633544922e-01 5.213611125946044922e-01 5.290288925170898438e-01 5.460189580917358398e-01 5.813057422637939453e-01 6.173980236053466797e-01 6.557765007019042969e-01 6.963905096054077148e-01 0.000000000000000000e+00 0.000000000000000000e+00 0.000000000000000000e+00 0.000000000000000000e+00 0.000000000000000000e+00 nan
