nan 1.032748222351074219e+00 9.889897108078002930e-01 9.414417743682861328e-01 9.223045110702514648e-01 9.024039506912231445e-01 8.713529109954833984e-01 8.399802446365356445e-01 8.091336488723754883e-01 8.200592994689941406e-01 8.055632114410400391e-01 8.150203227996826172e-01 8.013081550598144531e-01 7.434854507446289062e-01 6.873195171356201172e-01 6.329338550567626953e-01
1.021951436996459961e+00 nan 1.092856884002685547e+00 1.035843849182128906e+00 9.641745090484619141e-01 9.238709211349487305e-01 8.916177749633789062e-01 8.599056005477905273e-01 8.287248611450195312e-01 7.969652414321899414e-01 7.770979404449462891e-01 7.843143939971923828e-01 7.774137258529663086e-01 7.201240062713623047e-01 6.646810770034790039e-01 6.110248565673828125e-01
9.432859420776367188e-01 1.088242292404174805e+00 nan 1.134836196899414062e+00 1.058548927307128906e+00 9.776133298873901367e-01 9.118428230285644531e-01 8.796479701995849609e-01 8.524868488311767578e-01 8.041170835494995117e-01 7.469460964202880859e-01 7.540402412414550781e-01 7.535661458969116211e-01 6.970452070236206055e-01 6.423461437225341797e-01 5.894099473953247070e-01
8.701418638229370117e-01 1.009104251861572266e+00 1.158016204833984375e+00 nan 1.157527685165405273e+00 1.066821813583374023e+00 9.799295663833618164e-01 9.007743597030639648e-01 8.656936883926391602e-01 8.019417524337768555e-01 7.494237422943115234e-01 7.239480018615722656e-01 7.302671670913696289e-01 6.744025945663452148e-01 6.203417778015136719e-01 5.680850744247436523e-01
7.932938337326049805e-01 9.310872554779052734e-01 1.070510864257812500e+00 1.188058376312255859e+00 nan 1.162822961807250977e+00 1.067224025726318359e+00 9.696497917175292969e-01 8.534461259841918945e-01 7.974277734756469727e-01 7.553310394287109375e-01 7.163550853729248047e-01 6.984908580780029297e-01 6.549710035324096680e-01 6.015377044677734375e-01 5.498294830322265625e-01
7.686434984207153320e-01 8.519724607467651367e-01 9.759399890899658203e-01 1.084277391433715820e+00 1.214876890182495117e+00 nan 1.176293849945068359e+00 1.045182228088378906e+00 9.156858921051025391e-01 8.149962425231933594e-01 7.676864862442016602e-01 7.221505641937255859e-01 6.839114427566528320e-01 6.357651948928833008e-01 5.829517841339111328e-01 5.318436622619628906e-01
7.470899820327758789e-01 8.288226127624511719e-01 8.933709859848022461e-01 9.853101968765258789e-01 1.094597578048706055e+00 1.240409612655639648e+00 nan 1.144025564193725586e+00 1.007118463516235352e+00 8.970477581024169922e-01 8.076537847518920898e-01 7.602659463882446289e-01 7.141202688217163086e-01 6.436129808425903320e-01 5.742950439453125000e-01 5.172172784805297852e-01
7.239710092544555664e-01 8.033497333526611328e-01 8.551990985870361328e-01 8.910423517227172852e-01 9.911109209060668945e-01 1.093975305557250977e+00 1.212718486785888672e+00 nan 1.108032226562500000e+00 9.924273490905761719e-01 8.792660236358642578e-01 8.000655174255371094e-01 7.528765201568603516e-01 6.931139230728149414e-01 5.889521837234497070e-01 5.283553600311279297e-01
7.269537448883056641e-01 7.764948606491088867e-01 8.165807723999023438e-01 8.404121398925781250e-01 8.582453727722167969e-01 9.477781057357788086e-01 1.059049844741821289e+00 1.181510448455810547e+00 nan 1.092602491378784180e+00 9.738459587097167969e-01 8.592593669891357422e-01 7.925088405609130859e-01 7.441053390502929688e-01 6.368067264556884766e-01 5.395752191543579102e-01
7.476961612701416016e-01 7.589557170867919922e-01 7.726008892059326172e-01 7.876968383789062500e-01 7.950189113616943359e-01 8.310778141021728516e-01 9.379196166992187500e-01 1.050995349884033203e+00 1.200455665588378906e+00 nan 1.073186159133911133e+00 9.528323411941528320e-01 8.394656181335449219e-01 7.849841117858886719e-01 6.861025094985961914e-01 5.823723077774047852e-01
7.676563262939453125e-01 7.622209787368774414e-01 7.360255718231201172e-01 7.262001037597656250e-01 7.380841970443725586e-01 7.652626037597656250e-01 8.239151239395141602e-01 9.303388595581054688e-01 1.042972326278686523e+00 1.219565153121948242e+00 nan 1.051114797592163086e+00 9.320421218872070312e-01 8.253425359725952148e-01 7.368829250335693359e-01 6.300287246704101562e-01
7.498611211776733398e-01 7.435946464538574219e-01 7.209657430648803711e-01 6.913915872573852539e-01 6.761462688446044922e-01 6.981376409530639648e-01 7.473686933517456055e-01 8.044823408126831055e-01 9.150762557983398438e-01 1.050477743148803711e+00 1.209619522094726562e+00 nan 1.029278278350830078e+00 9.114737510681152344e-01 7.891925573348999023e-01 6.791203022003173828e-01
5.666621923446655273e-01 6.864124536514282227e-01 6.654715538024902344e-01 6.429578065872192383e-01 6.207481622695922852e-01 6.197382211685180664e-01 6.734081506729125977e-01 7.288564443588256836e-01 7.852247953414916992e-01 8.946385383605957031e-01 1.025931835174560547e+00 1.198937416076660156e+00 nan 1.007674455642700195e+00 8.751511573791503906e-01 7.296903133392333984e-01
5.345741510391235352e-01 5.319730043411254883e-01 5.800260305404663086e-01 5.899790525436401367e-01 5.684856176376342773e-01 5.582642555236816406e-01 5.789364576339721680e-01 6.312545537948608398e-01 6.853060722351074219e-01 7.411487102508544922e-01 8.478389978408813477e-01 9.883978366851806641e-01 1.188004493713378906e+00 nan 9.770306348800659180e-01 7.894498109817504883e-01
4.994899034500122070e-01 5.001863241195678711e-01 4.945427179336547852e-01 4.934285879135131836e-01 5.179084539413452148e-01 5.104166269302368164e-01 5.214250087738037109e-01 5.391626358032226562e-01 5.901628732681274414e-01 6.428527832031250000e-01 7.003084421157836914e-01 7.866532802581787109e-01 9.124903678894042969e-01 1.079030752182006836e+00 nan 8.846920728683471680e-01
4.529976844787597656e-01 4.622944593429565430e-01 4.602670669555664062e-01 4.577987194061279297e-01 4.579055309295654297e-01 4.613488912582397461e-01 4.722567796707153320e-01 4.832462072372436523e-01 4.943175315856933594e-01 5.336937904357910156e-01 5.899572372436523438e-01 6.526330709457397461e-01 7.208937406539916992e-01 8.351814746856689453e-01 9.635260105133056641e-01 nan
