nan 1.061437845230102539e+00 1.030612945556640625e+00 1.000249147415161133e+00 9.703392982482910156e-01 9.268846511840820312e-01 9.161700010299682617e-01 9.024145603179931641e-01 8.859074115753173828e-01 8.639620542526245117e-01 8.422720432281494141e-01 8.208345174789428711e-01 7.996463775634765625e-01 8.019245862960815430e-01 7.913501262664794922e-01 8.030817508697509766e-01 0.000000000000000000e+00 0.000000000000000000e+00 0.000000000000000000e+00 0.000000000000000000e+00 0.000000000000000000e+00 0.000000000000000000e+00
9.841473102569580078e-01 nan 1.103449106216430664e+00 1.071995973587036133e+00 1.036432266235351562e+00 9.885473251342773438e-01 9.390496015548706055e-01 9.193665981292724609e-01 9.000226259231567383e-01 8.779129981994628906e-01 8.560606241226196289e-01 8.344627618789672852e-01 8.131160736083984375e-01 7.839978933334350586e-01 7.761600017547607422e-01 7.877751588821411133e-01 0.000000000000000000e+00 0.000000000000000000e+00 0.000000000000000000e+00 0.000000000000000000e+00 0.000000000000000000e+00 0.000000000000000000e+00
9.303793907165527344e-01 1.028959035873413086e+00 nan 1.146316289901733398e+00 1.104482889175415039e+00 1.054214954376220703e+00 1.003082752227783203e+00 9.532232284545898438e-01 9.142434597015380859e-01 8.919684886932373047e-01 8.699488639831542969e-01 8.480914831161499023e-01 8.264896869659423828e-01 7.952778339385986328e-01 7.609831094741821289e-01 7.668619155883789062e-01 0.000000000000000000e+00 0.000000000000000000e+00 0.000000000000000000e+00 0.000000000000000000e+00 0.000000000000000000e+00 0.000000000000000000e+00
8.780684471130371094e-01 9.739767313003540039e-01 1.074782848358154297e+00 nan 1.174807786941528320e+00 1.122051239013671875e+00 1.069108486175537109e+00 1.015022516250610352e+00 9.559304714202880859e-01 9.057773351669311523e-01 8.835012912750244141e-01 8.614854812622070312e-01 8.378043174743652344e-01 8.054703474044799805e-01 7.645261287689208984e-01 7.460532188415527344e-01 0.000000000000000000e+00 0.000000000000000000e+00 0.000000000000000000e+00 0.000000000000000000e+00 0.000000000000000000e+00 0.000000000000000000e+00
8.291900157928466797e-01 9.224761724472045898e-01 1.020290851593017578e+00 1.121619462966918945e+00 nan 1.192788839340209961e+00 1.137810707092285156e+00 1.077492713928222656e+00 1.016627550125122070e+00 9.575453996658325195e-01 9.001941680908203125e-01 8.755645751953125000e-01 8.466929197311401367e-01 8.115952014923095703e-01 7.722991704940795898e-01 7.449610233306884766e-01 0.000000000000000000e+00 0.000000000000000000e+00 0.000000000000000000e+00 0.000000000000000000e+00 0.000000000000000000e+00 0.000000000000000000e+00
7.832496166229248047e-01 8.716671466827392578e-01 9.686825275421142578e-01 1.062528133392333984e+00 1.148490905761718750e+00 nan 1.211176872253417969e+00 1.140483379364013672e+00 1.077772617340087891e+00 1.016899108886718750e+00 9.578089714050292969e-01 8.994858264923095703e-01 8.513829708099365234e-01 8.135213851928710938e-01 7.764401435852050781e-01 7.490381002426147461e-01 0.000000000000000000e+00 0.000000000000000000e+00 0.000000000000000000e+00 0.000000000000000000e+00 0.000000000000000000e+00 0.000000000000000000e+00
7.706948518753051758e-01 8.172187805175781250e-01 9.127810001373291016e-01 1.000310182571411133e+00 1.080158948898315430e+00 1.156300067901611328e+00 nan 1.224201917648315430e+00 1.149012565612792969e+00 1.078052520751953125e+00 1.017170667648315430e+00 9.444282054901123047e-01 8.578310012817382812e-01 8.164300918579101562e-01 7.805907726287841797e-01 7.531245946884155273e-01 0.000000000000000000e+00 0.000000000000000000e+00 0.000000000000000000e+00 0.000000000000000000e+00 0.000000000000000000e+00 0.000000000000000000e+00
7.558718919754028320e-01 8.036202192306518555e-01 8.601915836334228516e-01 9.366041421890258789e-01 1.011268377304077148e+00 1.084565162658691406e+00 1.174639701843261719e+00 nan 1.237303256988525391e+00 1.161671161651611328e+00 1.084010362625122070e+00 9.903624057769775391e-01 9.014059305191040039e-01 8.285925388336181641e-01 7.901452779769897461e-01 7.575234174728393555e-01 0.000000000000000000e+00 0.000000000000000000e+00 0.000000000000000000e+00 0.000000000000000000e+00 0.000000000000000000e+00 0.000000000000000000e+00
7.410300970077514648e-01 7.941743135452270508e-01 8.410956859588623047e-01 8.835213184356689453e-01 9.446592330932617188e-01 1.015528678894042969e+00 1.092182636260986328e+00 1.193135738372802734e+00 nan 1.247879505157470703e+00 1.153087377548217773e+00 1.055247068405151367e+00 9.670884609222412109e-01 8.917598724365234375e-01 8.180946111679077148e-01 7.849394083023071289e-01 0.000000000000000000e+00 0.000000000000000000e+00 0.000000000000000000e+00 0.000000000000000000e+00 0.000000000000000000e+00 0.000000000000000000e+00
7.251673936843872070e-01 7.821489572525024414e-01 8.219870328903198242e-01 8.600416183471679688e-01 8.823219537734985352e-01 9.487783908843994141e-01 1.019798040390014648e+00 1.109977006912231445e+00 1.208707571029663086e+00 nan 1.223276615142822266e+00 1.122246742248535156e+00 1.035040140151977539e+00 9.571094512939453125e-01 8.809616565704345703e-01 8.127828836441040039e-01 0.000000000000000000e+00 0.000000000000000000e+00 0.000000000000000000e+00 0.000000000000000000e+00 0.000000000000000000e+00 0.000000000000000000e+00
7.106838226318359375e-01 7.670849561691284180e-01 8.090624809265136719e-01 8.347033262252807617e-01 8.559672832489013672e-01 8.842390775680541992e-01 9.494861364364624023e-01 1.020731449127197266e+00 1.100765466690063477e+00 1.182536602020263672e+00 nan 1.191430330276489258e+00 1.105339288711547852e+00 1.024716377258300781e+00 9.460026025772094727e-01 8.670754432678222656e-01 0.000000000000000000e+00 0.000000000000000000e+00 0.000000000000000000e+00 0.000000000000000000e+00 0.000000000000000000e+00 0.000000000000000000e+00
7.250583171844482422e-01 7.521483898162841797e-01 7.933197021484375000e-01 8.182189464569091797e-01 8.315614461898803711e-01 8.438686132431030273e-01 8.735343217849731445e-01 9.232375621795654297e-01 9.980986118316650391e-01 1.077304840087890625e+00 1.160484075546264648e+00 nan 1.178066492080688477e+00 1.094658613204956055e+00 1.013292312622070312e+00 9.316362142562866211e-01 0.000000000000000000e+00 0.000000000000000000e+00 0.000000000000000000e+00 0.000000000000000000e+00 0.000000000000000000e+00 0.000000000000000000e+00
7.395536899566650391e-01 7.566376924514770508e-01 7.701070308685302734e-01 7.912817001342773438e-01 8.041381835937500000e-01 8.162610530853271484e-01 8.238626718521118164e-01 8.431923389434814453e-01 9.152268171310424805e-01 9.919159412384033203e-01 1.071676015853881836e+00 1.169728517532348633e+00 nan 1.182023286819458008e+00 1.082909107208251953e+00 9.984291791915893555e-01 0.000000000000000000e+00 0.000000000000000000e+00 0.000000000000000000e+00 0.000000000000000000e+00 0.000000000000000000e+00 0.000000000000000000e+00
7.535816431045532227e-01 7.677096128463745117e-01 7.603195905685424805e-01 7.571568489074707031e-01 7.771254777908325195e-01 7.853959798812866211e-01 7.904553413391113281e-01 7.955291271209716797e-01 8.365001678466796875e-01 9.100370407104492188e-01 9.865182638168334961e-01 1.066061973571777344e+00 1.182755947113037109e+00 nan 1.178767919540405273e+00 1.067531824111938477e+00 0.000000000000000000e+00 0.000000000000000000e+00 0.000000000000000000e+00 0.000000000000000000e+00 0.000000000000000000e+00 0.000000000000000000e+00
7.674224376678466797e-01 7.695847749710083008e-01 7.617777585983276367e-01 7.502188682556152344e-01 7.387366294860839844e-01 7.470151185989379883e-01 7.553330659866333008e-01 7.626408338546752930e-01 7.866089344024658203e-01 8.315236568450927734e-01 9.048612117767333984e-01 9.811352491378784180e-01 1.068022489547729492e+00 1.195862054824829102e+00 nan 1.164703845977783203e+00 0.000000000000000000e+00 0.000000000000000000e+00 0.000000000000000000e+00 0.000000000000000000e+00 0.000000000000000000e+00 0.000000000000000000e+00
7.755177021026611328e-01 7.714618444442749023e-01 7.632372379302978516e-01 7.483540773391723633e-01 7.255734205245971680e-01 7.036745548248291016e-01 7.117861509323120117e-01 7.199363708496093750e-01 7.436765432357788086e-01 7.785195112228393555e-01 8.260511159896850586e-01 8.996993303298950195e-01 9.757666587829589844e-01 1.080439567565917969e+00 1.200396537780761719e+00 nan 0.000000000000000000e+00 0.000000000000000000e+00 0.000000000000000000e+00 0.000000000000000000e+00 0.000000000000000000e+00 0.000000000000000000e+00
7.555845975875854492e-01 7.584229707717895508e-01 7.540110349655151367e-01 7.379320859909057617e-01 7.171096801757812500e-01 6.947360038757324219e-01 6.726539134979248047e-01 6.772675514221191406e-01 6.975005865097045898e-01 7.314208745956420898e-01 7.660189867019653320e-01 8.125374317169189453e-01 8.887376785278320312e-01 9.688122272491455078e-01 1.084490060806274414e+00 1.192186117172241211e+00 nan 0.000000000000000000e+00 0.000000000000000000e+00 0.000000000000000000e+00 0.000000000000000000e+00 0.000000000000000000e+00
5.814799070358276367e-01 7.067501544952392578e-01 7.139830589294433594e-01 6.989389657974243164e-01 6.830059289932250977e-01 6.672223806381225586e-01 6.515867710113525391e-01 6.360979080200195312e-01 6.520843505859375000e-01 6.855695247650146484e-01 7.192512750625610352e-01 7.536062002182006836e-01 7.991236448287963867e-01 8.747600317001342773e-01 9.627847671508789062e-01 1.070908784866333008e+00 0.000000000000000000e+00 nan 0.000000000000000000e+00 0.000000000000000000e+00 0.000000000000000000e+00 0.000000000000000000e+00
5.580281019210815430e-01 5.578135251998901367e-01 6.231580972671508789e-01 6.608208417892456055e-01 6.452453136444091797e-01 6.298158168792724609e-01 6.145310401916503906e-01 5.993896722793579102e-01 5.950146913528442383e-01 6.231600046157836914e-01 6.602075099945068359e-01 6.981005668640136719e-01 7.368587255477905273e-01 7.858092784881591797e-01 8.593806028366088867e-01 9.468822479248046875e-01 0.000000000000000000e+00 0.000000000000000000e+00 nan 0.000000000000000000e+00 0.000000000000000000e+00 0.000000000000000000e+00
5.361776351928710938e-01 5.350292921066284180e-01 5.317168235778808594e-01 5.436599254608154297e-01 6.083317995071411133e-01 5.932486057281494141e-01 5.783067941665649414e-01 5.635051727294921875e-01 5.609457492828369141e-01 5.688132047653198242e-01 5.947421789169311523e-01 6.311410665512084961e-01 6.683706045150756836e-01 7.064502239227294922e-01 7.463980913162231445e-01 8.224530220031738281e-01 0.000000000000000000e+00 0.000000000000000000e+00 0.000000000000000000e+00 nan 0.000000000000000000e+00 0.000000000000000000e+00
5.123755931854248047e-01 5.125782489776611328e-01 5.097777843475341797e-01 5.057094097137451172e-01 5.042562484741210938e-01 5.575017929077148438e-01 5.428951978683471680e-01 5.284255743026733398e-01 5.276045799255371094e-01 5.353039503097534180e-01 5.430420637130737305e-01 5.668218135833740234e-01 6.025834083557128906e-01 6.391612291336059570e-01 6.775597333908081055e-01 7.196648120880126953e-01 0.000000000000000000e+00 0.000000000000000000e+00 0.000000000000000000e+00 0.000000000000000000e+00 nan 0.000000000000000000e+00
4.817095994949340820e-01 4.882665872573852539e-01 4.876306056976318359e-01 4.838013648986816406e-01 4.813987016677856445e-01 4.814567565917968750e-01 4.883663654327392578e-01 4.941331148147583008e-01 4.949754476547241211e-01 5.025104284286499023e-01 5.100831985473632812e-01 5.176943540573120117e-01 5.393902063369750977e-01 5.745257139205932617e-01 6.114346981048583984e-01 6.514267921447753906e-01 0.000000000000000000e+00 0.000000000000000000e+00 0.000000000000000000e+00 0.000000000000000000e+00 0.000000000000000000e+00 nan
