nan 1.092425823211669922e+00 1.040817260742187500e+00 9.897003173828125000e-01 9.390474557876586914e-01 9.189735651016235352e-01 8.921455144882202148e-01 8.604245185852050781e-01 8.431407213211059570e-01 8.435668945312500000e-01 8.204398155212402344e-01 7.952635288238525391e-01 7.622827291488647461e-01 7.057129144668579102e-01 6.509588956832885742e-01 5.958282947540283203e-01
1.008942604064941406e+00 nan 1.147390842437744141e+00 1.086448907852172852e+00 1.012452602386474609e+00 9.437217712402343750e-01 9.126358032226562500e-01 8.949755430221557617e-01 8.842442035675048828e-01 8.478682041168212891e-01 7.884500026702880859e-01 7.649878263473510742e-01 7.396923303604125977e-01 6.838475465774536133e-01 6.297955513000488281e-01 5.774785280227661133e-01
9.307832717895507812e-01 1.074807167053222656e+00 nan 1.187354087829589844e+00 1.109146356582641602e+00 1.031176567077636719e+00 9.608798027038574219e-01 9.372348785400390625e-01 9.262641668319702148e-01 8.553084135055541992e-01 7.615766525268554688e-01 7.352226972579956055e-01 7.173914909362792969e-01 6.622625589370727539e-01 6.089034080505371094e-01 5.572569370269775391e-01
8.602492809295654297e-01 9.988228082656860352e-01 1.144832372665405273e+00 nan 1.218264579772949219e+00 1.126588582992553711e+00 1.060927867889404297e+00 9.972940683364868164e-01 9.272965192794799805e-01 8.497112989425659180e-01 7.639360427856445312e-01 7.044769525527954102e-01 6.967240571975708008e-01 6.421658992767333984e-01 5.893620252609252930e-01 5.382560491561889648e-01
7.974761724472045898e-01 9.247781038284301758e-01 1.060669660568237305e+00 1.176298618316650391e+00 nan 1.247681856155395508e+00 1.163635969161987305e+00 1.059900760650634766e+00 9.315639734268188477e-01 8.382660150527954102e-01 7.553802728652954102e-01 7.080473899841308594e-01 6.780499219894409180e-01 6.240923404693603516e-01 5.718697309494018555e-01 5.213263034820556641e-01
7.689359188079833984e-01 8.601983785629272461e-01 9.676146507263183594e-01 1.073731660842895508e+00 1.202120304107666016e+00 nan 1.277820110321044922e+00 1.137982845306396484e+00 1.000231981277465820e+00 8.679896593093872070e-01 7.794352769851684570e-01 7.328987121582031250e-01 6.875790357589721680e-01 6.101018190383911133e-01 5.545698404312133789e-01 5.045826435089111328e-01
7.391763925552368164e-01 8.375704288482666016e-01 8.963471651077270508e-01 9.759986400604248047e-01 1.083089351654052734e+00 1.239831209182739258e+00 nan 1.221902370452880859e+00 1.076920270919799805e+00 9.398791790008544922e-01 8.288583755493164062e-01 7.725872993469238281e-01 7.262296676635742188e-01 6.444022655487060547e-01 5.640776157379150391e-01 5.075399875640869141e-01
7.110974788665771484e-01 8.067085742950439453e-01 8.587470054626464844e-01 8.911371231079101562e-01 9.761632680892944336e-01 1.075617790222167969e+00 1.193443298339843750e+00 nan 1.172165632247924805e+00 1.037105321884155273e+00 9.215116500854492188e-01 8.131847381591796875e-01 7.657654285430908203e-01 6.952621936798095703e-01 5.912498235702514648e-01 5.193688869476318359e-01
7.295807600021362305e-01 7.684594392776489258e-01 8.168548345565795898e-01 8.409140110015869141e-01 8.457204103469848633e-01 9.311856031417846680e-01 1.040812015533447266e+00 1.156661510467529297e+00 nan 1.140206575393676758e+00 1.018859148025512695e+00 9.017949104309082031e-01 8.062068223953247070e-01 7.476952075958251953e-01 6.404659748077392578e-01 5.398133993148803711e-01
7.507046461105346680e-01 7.561370134353637695e-01 7.548751831054687500e-01 7.673079967498779297e-01 7.790060043334960938e-01 8.060235977172851562e-01 9.072619676589965820e-01 1.018692970275878906e+00 1.143311500549316406e+00 nan 1.121138334274291992e+00 9.980776309967041016e-01 8.820841312408447266e-01 7.989706993103027344e-01 6.901684999465942383e-01 5.861880779266357422e-01
7.665879726409912109e-01 7.586960792541503906e-01 7.295666933059692383e-01 7.044682502746582031e-01 7.163337469100952148e-01 7.427070140838623047e-01 7.933251857757568359e-01 8.980309963226318359e-01 1.011303663253784180e+00 1.161715269088745117e+00 nan 1.098636865615844727e+00 9.768058061599731445e-01 8.620474338531494141e-01 7.410714626312255859e-01 6.339594125747680664e-01
7.381068468093872070e-01 7.280230522155761719e-01 7.056570053100585938e-01 6.826000213623046875e-01 6.554340124130249023e-01 6.765357255935668945e-01 7.251406908035278320e-01 7.751547098159790039e-01 8.777751922607421875e-01 9.928611516952514648e-01 1.158265352249145508e+00 nan 1.076294660568237305e+00 9.557607173919677734e-01 8.035924434661865234e-01 6.831694841384887695e-01
5.550748109817504883e-01 6.687408685684204102e-01 6.506564617156982422e-01 6.283429861068725586e-01 6.063309907913208008e-01 5.940682888031005859e-01 6.455909013748168945e-01 7.001175880432128906e-01 7.564510107040405273e-01 8.577355146408081055e-01 9.740718603134155273e-01 1.147534608840942383e+00 nan 1.056782245635986328e+00 9.038891792297363281e-01 7.247806787490844727e-01
5.232241153717041016e-01 5.200822353363037109e-01 5.516512393951416016e-01 5.758354663848876953e-01 5.545333623886108398e-01 5.451213121414184570e-01 5.563826560974121094e-01 6.041380167007446289e-01 6.572911739349365234e-01 7.122054100036621094e-01 8.026250600814819336e-01 9.295868873596191406e-01 1.112932920455932617e+00 nan 1.006535530090332031e+00 8.105118274688720703e-01
4.883513450622558594e-01 4.886596202850341797e-01 4.829425811767578125e-01 4.817548990249633789e-01 5.044059753417968750e-01 4.976770877838134766e-01 5.085927248001098633e-01 5.195878744125366211e-01 5.637294054031372070e-01 6.155436038970947266e-01 6.716887950897216797e-01 7.457059621810913086e-01 8.686590194702148438e-01 1.002114772796630859e+00 nan 9.120235443115234375e-01
4.415777921676635742e-01 4.508014917373657227e-01 4.483032226562500000e-01 4.457749128341674805e-01 4.458808898925781250e-01 4.483935832977294922e-01 4.592047929763793945e-01 4.700968265533447266e-01 4.810699224472045898e-01 5.020903348922729492e-01 5.568636655807495117e-01 6.204899549484252930e-01 6.874229907989501953e-01 7.769926786422729492e-01 8.958156108856201172e-01 nan
