nan 1.027705907821655273e+00 9.840555191040039062e-01 9.369289875030517578e-01 9.125620126724243164e-01 8.927621841430664062e-01 8.718371391296386719e-01 8.404564857482910156e-01 8.096016645431518555e-01 8.166487216949462891e-01 7.963463068008422852e-01 8.036834001541137695e-01 7.750363349914550781e-01 7.180570363998413086e-01 6.629068851470947266e-01 6.095269918441772461e-01
9.704996347427368164e-01 nan 1.087665319442749023e+00 1.031111717224121094e+00 9.593017101287841797e-01 9.171723127365112305e-01 8.921073675155639648e-01 8.603867292404174805e-01 8.291980028152465820e-01 7.828202247619628906e-01 7.660524845123291016e-01 7.732657194137573242e-01 7.522823810577392578e-01 6.960334777832031250e-01 6.415902376174926758e-01 5.888946056365966797e-01
8.938359022140502930e-01 1.035103797912597656e+00 nan 1.129584074020385742e+00 1.053441524505615234e+00 9.800220727920532227e-01 9.125969409942626953e-01 8.805328607559204102e-01 8.364871740341186523e-01 7.820941209793090820e-01 7.362693548202514648e-01 7.433609962463378906e-01 7.298200130462646484e-01 6.742922067642211914e-01 6.205468177795410156e-01 5.685268640518188477e-01
8.246551752090454102e-01 9.605772495269775391e-01 1.106586933135986328e+00 nan 1.156609773635864258e+00 1.072609424591064453e+00 9.856394529342651367e-01 8.940778970718383789e-01 8.358945846557617188e-01 7.906397581100463867e-01 7.406736612319946289e-01 7.124602794647216797e-01 7.087218761444091797e-01 6.535530090332031250e-01 6.001653671264648438e-01 5.485013723373413086e-01
7.763726711273193359e-01 8.874398469924926758e-01 1.023924827575683594e+00 1.138323307037353516e+00 nan 1.167643547058105469e+00 1.065227985382080078e+00 9.435223340988159180e-01 8.371263742446899414e-01 7.950704097747802734e-01 7.466711997985839844e-01 7.078876495361328125e-01 6.871727705001831055e-01 6.343635320663452148e-01 5.815954208374023438e-01 5.305309295654296875e-01
7.537482976913452148e-01 8.383585214614868164e-01 9.324998855590820312e-01 1.037354946136474609e+00 1.152781248092651367e+00 nan 1.156085729598999023e+00 1.026191949844360352e+00 9.063425064086914062e-01 8.199261426925659180e-01 7.707654237747192383e-01 7.243446111679077148e-01 6.791406869888305664e-01 6.153966188430786133e-01 5.632410049438476562e-01 5.127692222595214844e-01
7.326363325119018555e-01 8.155002593994140625e-01 8.777103424072265625e-01 9.406155347824096680e-01 1.043591737747192383e+00 1.152409076690673828e+00 nan 1.124117136001586914e+00 1.003915071487426758e+00 8.982169628143310547e-01 8.108023405075073242e-01 7.633318901062011719e-01 7.171059846878051758e-01 6.368815898895263672e-01 5.651212930679321289e-01 5.083761215209960938e-01
7.128981351852416992e-01 7.899346351623535156e-01 8.398541212081909180e-01 8.717720508575439453e-01 9.164513349533081055e-01 1.013335704803466797e+00 1.128461122512817383e+00 nan 1.106481790542602539e+00 9.936554431915283203e-01 8.816915750503540039e-01 8.032007217407226562e-01 7.559294700622558594e-01 6.861795186996459961e-01 5.824445486068725586e-01 5.194493532180786133e-01
7.337268590927124023e-01 7.620738744735717773e-01 8.043739795684814453e-01 8.142527341842651367e-01 8.216837644577026367e-01 8.871796131134033203e-01 9.972947835922241211e-01 1.113835096359252930e+00 nan 1.093891859054565430e+00 9.763936996459960938e-01 8.616590499877929688e-01 7.956309318542480469e-01 7.369623184204101562e-01 6.301032304763793945e-01 5.306038856506347656e-01
7.546293735504150391e-01 7.641545534133911133e-01 7.447402477264404297e-01 7.567520141601562500e-01 7.688465118408203125e-01 7.996871471405029297e-01 8.797973394393920898e-01 9.894818067550659180e-01 1.106486797332763672e+00 nan 1.075861692428588867e+00 9.553529024124145508e-01 8.418396711349487305e-01 7.880930900573730469e-01 6.791970729827880859e-01 5.758914947509765625e-01
7.738101482391357422e-01 7.584351301193237305e-01 7.254408597946166992e-01 6.941487789154052734e-01 7.058122158050537109e-01 7.313274145126342773e-01 7.815208435058593750e-01 8.649811744689941406e-01 9.792828559875488281e-01 1.124780416488647461e+00 nan 1.053762197494506836e+00 9.345359802246093750e-01 8.285218477249145508e-01 7.297693490982055664e-01 6.233527660369873047e-01
7.392312288284301758e-01 7.237008810043334961e-01 7.013709545135498047e-01 6.783716678619384766e-01 6.495313644409179688e-01 6.654928922653198242e-01 7.137776613235473633e-01 7.634621858596801758e-01 8.450781106948852539e-01 9.581600427627563477e-01 1.113613367080688477e+00 nan 1.031897544860839844e+00 9.139407873153686523e-01 7.818648815155029297e-01 6.722433567047119141e-01
5.501480102539062500e-01 6.671711206436157227e-01 6.465085744857788086e-01 6.242510080337524414e-01 6.022944450378417969e-01 5.896047353744506836e-01 6.346547603607177734e-01 6.888190507888793945e-01 7.447780370712280273e-01 8.253873586654663086e-01 9.360400438308715820e-01 1.102767944335937500e+00 nan 1.010265827178955078e+00 8.633996248245239258e-01 7.144670486450195312e-01
5.183981657028198242e-01 5.155295133590698242e-01 5.520368814468383789e-01 5.718754529953002930e-01 5.506268739700317383e-01 5.407947301864624023e-01 5.520246028900146484e-01 5.934772491455078125e-01 6.462771892547607422e-01 7.008265256881713867e-01 7.711168527603149414e-01 8.933882713317871094e-01 1.068511009216308594e+00 nan 9.556417465209960938e-01 7.693918943405151367e-01
4.838910102844238281e-01 4.841241836547851562e-01 4.785009622573852539e-01 4.773288965225219727e-01 5.006254911422729492e-01 4.934835433959960938e-01 5.043685436248779297e-01 5.153329372406005859e-01 5.533372163772583008e-01 6.048070192337036133e-01 6.598864793777465820e-01 7.235041856765747070e-01 8.336035013198852539e-01 9.608075618743896484e-01 nan 8.626195192337036133e-01
4.373794794082641602e-01 4.465763568878173828e-01 4.440878629684448242e-01 4.415787458419799805e-01 4.416843652725219727e-01 4.444605112075805664e-01 4.552422761917114258e-01 4.661047458648681641e-01 4.770480394363403320e-01 4.932900667190551758e-01 5.470969676971435547e-01 6.083754301071166992e-01 6.748080253601074219e-01 7.467341423034667969e-01 8.641744852066040039e-01 nan
