nan 1.000639438629150391e+00 9.572334289550781250e-01 9.055668115615844727e-01 8.936369419097900391e-01 8.737217187881469727e-01 8.463660478591918945e-01 8.152737617492675781e-01 7.847050428390502930e-01 8.006892204284667969e-01 8.121671676635742188e-01 8.211251497268676758e-01 8.138750791549682617e-01 7.554103136062622070e-01 6.988298892974853516e-01 6.412254571914672852e-01
9.527317285537719727e-01 nan 1.057854652404785156e+00 9.966840744018554688e-01 9.258093833923339844e-01 8.964823484420776367e-01 8.657258749008178711e-01 8.343075513839721680e-01 8.034182786941528320e-01 7.771875858306884766e-01 7.829859256744384766e-01 7.902263402938842773e-01 7.895385026931762695e-01 7.318581342697143555e-01 6.760368347167968750e-01 6.220147609710693359e-01
8.782442808151245117e-01 1.014558315277099609e+00 nan 1.091929435729980469e+00 1.016784429550170898e+00 9.423741102218627930e-01 8.852888345718383789e-01 8.535410165786743164e-01 8.283306360244750977e-01 7.879043817520141602e-01 7.527343034744262695e-01 7.598519325256347656e-01 7.655284404754638672e-01 7.086218595504760742e-01 6.535495519638061523e-01 6.002522706985473633e-01
8.200608491897583008e-01 9.382393360137939453e-01 1.076942920684814453e+00 nan 1.115333080291748047e+00 1.029476165771484375e+00 9.441539049148559570e-01 8.749265670776367188e-01 8.423095941543579102e-01 7.958502769470214844e-01 7.543302774429321289e-01 7.290570735931396484e-01 7.361787557601928711e-01 6.863999366760253906e-01 6.319518089294433594e-01 5.792615413665771484e-01
7.811262607574462891e-01 8.644845485687255859e-01 9.903976917266845703e-01 1.102569580078125000e+00 nan 1.118955373764038086e+00 1.029871225357055664e+00 9.323251247406005859e-01 8.465793132781982422e-01 8.000122308731079102e-01 7.602540254592895508e-01 7.211688756942749023e-01 7.035244703292846680e-01 6.668292284011840820e-01 6.130130290985107422e-01 5.609341859817504883e-01
7.648323774337768555e-01 8.291624784469604492e-01 8.994859457015991211e-01 1.002733945846557617e+00 1.116403818130493164e+00 nan 1.130770206451416016e+00 1.006557226181030273e+00 9.006102085113525391e-01 8.139599561691284180e-01 7.674061059951782227e-01 7.269805669784545898e-01 6.886341571807861328e-01 6.474856138229370117e-01 5.942939519882202148e-01 5.428196191787719727e-01
7.433254718780517578e-01 8.149148225784301758e-01 8.577903509140014648e-01 9.076387882232666016e-01 1.008864641189575195e+00 1.139457702636718750e+00 nan 1.109259128570556641e+00 9.961690902709960938e-01 8.866988420486450195e-01 8.073672056198120117e-01 7.599866390228271484e-01 7.138484716415405273e-01 6.502366065979003906e-01 5.808899402618408203e-01 5.249152183532714844e-01
7.225327491760253906e-01 7.963477373123168945e-01 8.337279558181762695e-01 8.590811491012573242e-01 9.136229753494262695e-01 1.003438949584960938e+00 1.120337724685668945e+00 nan 1.096532344818115234e+00 9.815580844879150391e-01 8.690668344497680664e-01 7.997800111770629883e-01 7.525984048843383789e-01 6.999367475509643555e-01 5.953553915023803711e-01 5.347577333450317383e-01
7.434787750244140625e-01 7.684439420700073242e-01 8.019964694976806641e-01 8.195124864578247070e-01 8.282810449600219727e-01 8.855800628662109375e-01 9.956020116806030273e-01 1.112043619155883789e+00 nan 1.081186532974243164e+00 9.631335735321044922e-01 8.491687774658203125e-01 7.922246456146240234e-01 7.452412843704223633e-01 6.434028148651123047e-01 5.460246801376342773e-01
7.646794319152832031e-01 7.675422430038452148e-01 7.567646503448486328e-01 7.728453874588012695e-01 7.801067829132080078e-01 7.978600263595581055e-01 8.782041072845458984e-01 9.877955913543701172e-01 1.129474163055419922e+00 nan 1.061934471130371094e+00 9.422339200973510742e-01 8.327467441558837891e-01 7.847011089324951172e-01 6.928973197937011719e-01 5.887488126754760742e-01
7.779593467712402344e-01 7.703084945678710938e-01 7.432988882064819336e-01 7.105838060379028320e-01 7.217174768447875977e-01 7.393969297409057617e-01 7.898242473602294922e-01 8.708568811416625977e-01 9.800196886062622070e-01 1.147967338562011719e+00 nan 1.039982795715332031e+00 9.215564727783203125e-01 8.250530958175659180e-01 7.438821792602539062e-01 6.365972757339477539e-01
7.585573196411132812e-01 7.508631944656372070e-01 7.283101081848144531e-01 6.984778642654418945e-01 6.666039228439331055e-01 6.732554435729980469e-01 7.217652797698974609e-01 7.716815471649169922e-01 8.539890050888061523e-01 9.821149110794067383e-01 1.137141704559326172e+00 nan 1.018265008926391602e+00 9.010996818542480469e-01 7.964028120040893555e-01 6.858868598937988281e-01
5.675834417343139648e-01 6.777023077011108398e-01 6.725790500640869141e-01 6.499692201614379883e-01 6.276649236679077148e-01 6.059348583221435547e-01 6.489849090576171875e-01 7.036238908767700195e-01 7.537226676940917969e-01 8.342032432556152344e-01 9.575915336608886719e-01 1.121147871017456055e+00 nan 9.967783689498901367e-01 8.727868795394897461e-01 7.366607189178466797e-01
5.354765653610229492e-01 5.324174165725708008e-01 5.600937604904174805e-01 5.967643260955810547e-01 5.751793384552001953e-01 5.566233396530151367e-01 5.679686069488525391e-01 6.074464321136474609e-01 6.607091426849365234e-01 7.157367467880249023e-01 7.889229059219360352e-01 9.184004068374633789e-01 1.110601663589477539e+00 nan 9.755207300186157227e-01 7.967184782028198242e-01
4.996290206909179688e-01 5.008143186569213867e-01 4.949762821197509766e-01 4.935715198516845703e-01 5.243861675262451172e-01 5.088260173797607422e-01 5.198229551315307617e-01 5.309000015258789062e-01 5.669544935226440430e-01 6.188755035400390625e-01 6.755776405334472656e-01 7.386724948883056641e-01 8.501720428466796875e-01 1.005842924118041992e+00 nan 8.938084840774536133e-01
4.531000852584838867e-01 4.623975753784179688e-01 4.606579542160034180e-01 4.579056501388549805e-01 4.580125808715820312e-01 4.597774744033813477e-01 4.706736803054809570e-01 4.816511869430541992e-01 4.927107095718383789e-01 5.109947919845581055e-01 5.665050745010375977e-01 6.274999380111694336e-01 6.947225332260131836e-01 7.745591402053833008e-01 9.064522981643676758e-01 nan
