nan 1.078177928924560547e+00 1.033089399337768555e+00 9.764970541000366211e-01 9.385823011398315430e-01 9.059369564056396484e-01 8.738417625427246094e-01 8.422867059707641602e-01 8.112632036209106445e-01 8.053559064865112305e-01 8.001893758773803711e-01 8.172007799148559570e-01 8.217577934265136719e-01 7.630388736724853516e-01 7.003318071365356445e-01 6.396926641464233398e-01
1.047406196594238281e+00 nan 1.137610435485839844e+00 1.071006059646606445e+00 9.915101528167724609e-01 9.259215593338012695e-01 8.934895992279052734e-01 8.616037368774414062e-01 8.259024620056152344e-01 7.944593429565429688e-01 7.786358594894409180e-01 7.894690036773681641e-01 7.967360019683837891e-01 7.393844127655029297e-01 6.833206415176391602e-01 6.290637254714965820e-01
9.646214246749877930e-01 1.114872455596923828e+00 nan 1.169892072677612305e+00 1.082164287567138672e+00 9.945429563522338867e-01 9.133435487747192383e-01 8.811234235763549805e-01 8.538850545883178711e-01 8.277758359909057617e-01 7.626579999923706055e-01 7.591074705123901367e-01 7.662509679794311523e-01 7.160471677780151367e-01 6.607356071472167969e-01 6.072067022323608398e-01
8.842483758926391602e-01 1.029030561447143555e+00 1.174383878707885742e+00 nan 1.178286075592041016e+00 1.084738731384277344e+00 9.970933198928833008e-01 9.240134954452514648e-01 8.852462768554687500e-01 8.455086946487426758e-01 7.715078592300415039e-01 7.291826009750366211e-01 7.362834215164184570e-01 6.930232048034667969e-01 6.384536027908325195e-01 5.856430530548095703e-01
8.055865764617919922e-01 9.443247318267822266e-01 1.075068235397338867e+00 1.202039480209350586e+00 nan 1.196844577789306641e+00 1.090384721755981445e+00 1.004602193832397461e+00 9.156252145767211914e-01 8.297873735427856445e-01 7.675650119781494141e-01 7.283173799514770508e-01 7.036479711532592773e-01 6.732611656188964844e-01 6.192371845245361328e-01 5.669574737548828125e-01
7.780678272247314453e-01 8.631550073623657227e-01 9.802889823913574219e-01 1.088245868682861328e+00 1.229143381118774414e+00 nan 1.213824033737182617e+00 1.107909917831420898e+00 9.682804346084594727e-01 8.416318893432617188e-01 7.746181488037109375e-01 7.341532707214355469e-01 6.956475973129272461e-01 6.538429260253906250e-01 6.004458665847778320e-01 5.487729310989379883e-01
7.565411329269409180e-01 8.315378427505493164e-01 8.907016515731811523e-01 9.890903234481811523e-01 1.108089447021484375e+00 1.253074884414672852e+00 nan 1.187398433685302734e+00 1.044006109237670898e+00 9.240368604660034180e-01 8.147422075271606445e-01 7.671684026718139648e-01 7.208418846130371094e-01 6.632436513900756836e-01 5.868752002716064453e-01 5.307993888854980469e-01
7.324593067169189453e-01 8.048129081726074219e-01 8.525835275650024414e-01 8.904920816421508789e-01 9.827461242675781250e-01 1.112150192260742188e+00 1.235249757766723633e+00 nan 1.140947103500366211e+00 1.020722866058349609e+00 9.042055606842041016e-01 8.071240186691284180e-01 7.597498893737792969e-01 7.133355140686035156e-01 6.079299449920654297e-01 5.405683517456054688e-01
7.333713769912719727e-01 7.789645195007324219e-01 8.064197301864624023e-01 8.266186714172363281e-01 8.721394538879394531e-01 9.676116704940795898e-01 1.079189062118530273e+00 1.221785783767700195e+00 nan 1.122267723083496094e+00 1.000040769577026367e+00 8.839334249496459961e-01 7.995377779006958008e-01 7.523627281188964844e-01 6.563560962677001953e-01 5.544558763504028320e-01
7.544492483139038086e-01 7.521587610244750977e-01 7.635772228240966797e-01 7.846629619598388672e-01 7.960753440856933594e-01 8.429718017578125000e-01 9.505074024200439453e-01 1.064317703247070312e+00 1.237260580062866211e+00 nan 1.100698947906494141e+00 9.787482023239135742e-01 8.638769388198852539e-01 7.919834852218627930e-01 7.062406539916992188e-01 6.012712717056274414e-01
7.625174522399902344e-01 7.550412416458129883e-01 7.385543584823608398e-01 7.359362840652465820e-01 7.478876113891601562e-01 7.686614990234375000e-01 8.357623815536499023e-01 9.428772926330566406e-01 1.069399833679199219e+00 1.248698949813842773e+00 nan 1.078334808349609375e+00 9.576820135116577148e-01 8.440339565277099609e-01 7.576273679733276367e-01 6.494969129562377930e-01
7.488269805908203125e-01 7.496711015701293945e-01 7.349051237106323242e-01 7.023475170135498047e-01 6.856002807617187500e-01 7.052916288375854492e-01 7.547302246093750000e-01 8.253731727600097656e-01 9.352772235870361328e-01 1.079626083374023438e+00 1.226349830627441406e+00 nan 1.056208610534667969e+00 9.368406534194946289e-01 8.105618953704833984e-01 6.991748809814453125e-01
5.758730173110961914e-01 6.957734823226928711e-01 6.817202568054199219e-01 6.589866876602172852e-01 6.365604400634765625e-01 6.305524110794067383e-01 6.845806837081909180e-01 7.369431257247924805e-01 8.058928251266479492e-01 9.151637554168701172e-01 1.050780057907104492e+00 1.218805313110351562e+00 nan 1.034318208694458008e+00 9.152190685272216797e-01 7.503489255905151367e-01
5.484650135040283203e-01 5.454287528991699219e-01 5.768860578536987305e-01 6.054911613464355469e-01 5.837880373001098633e-01 5.704234838485717773e-01 5.894782543182373047e-01 6.421456336975097656e-01 6.965581178665161133e-01 7.602425813674926758e-01 8.729704618453979492e-01 1.029565095901489258e+00 1.211329221725463867e+00 nan 1.012660741806030273e+00 8.380399942398071289e-01
5.118280649185180664e-01 5.135574340820312500e-01 5.076696872711181641e-01 5.062758922576904297e-01 5.327173471450805664e-01 5.222023725509643555e-01 5.332968235015869141e-01 5.494389533996582031e-01 6.007795333862304688e-01 6.547323465347290039e-01 7.136781215667724609e-01 8.115608692169189453e-01 9.391522407531738281e-01 1.122074365615844727e+00 nan 9.436577558517456055e-01
4.650560617446899414e-01 4.744300842285156250e-01 4.731963872909545898e-01 4.704426527023315430e-01 4.705505371093750000e-01 4.728552103042602539e-01 4.838490486145019531e-01 4.949249029159545898e-01 5.060834884643554688e-01 5.458309650421142578e-01 6.035097837448120117e-01 6.670788526535034180e-01 7.359361648559570312e-01 8.634827136993408203e-01 1.014399766921997070e+00 nan
