nan 1.030964136123657227e+00 1.000355482101440430e+00 9.702076911926269531e-01 9.405145645141601562e-01 9.212181568145751953e-01 9.130336046218872070e-01 8.990823030471801758e-01 8.818554878234863281e-01 8.598589897155761719e-01 8.381195068359375000e-01 8.166342973709106445e-01 8.063632249832153320e-01 8.185822963714599609e-01 8.096672296524047852e-01 8.155446052551269531e-01 0.000000000000000000e+00 0.000000000000000000e+00 0.000000000000000000e+00 0.000000000000000000e+00 0.000000000000000000e+00 0.000000000000000000e+00
1.010615110397338867e+00 nan 1.071000337600708008e+00 1.039787769317626953e+00 1.009046077728271484e+00 9.617393016815185547e-01 9.290918111801147461e-01 9.150233268737792969e-01 8.954941034317016602e-01 8.733383417129516602e-01 8.514412641525268555e-01 8.298004865646362305e-01 8.084123134613037109e-01 8.000800609588623047e-01 7.901195287704467773e-01 7.941627502441406250e-01 0.000000000000000000e+00 0.000000000000000000e+00 0.000000000000000000e+00 0.000000000000000000e+00 0.000000000000000000e+00 0.000000000000000000e+00
9.549554586410522461e-01 1.054543733596801758e+00 nan 1.111825227737426758e+00 1.075140714645385742e+00 1.025909662246704102e+00 9.752451181411743164e-01 9.310981035232543945e-01 9.092316627502441406e-01 8.869153261184692383e-01 8.648595809936523438e-01 8.430618047714233398e-01 8.215187788009643555e-01 7.935373783111572266e-01 7.680650949478149414e-01 7.730326652526855469e-01 0.000000000000000000e+00 0.000000000000000000e+00 0.000000000000000000e+00 0.000000000000000000e+00 0.000000000000000000e+00 0.000000000000000000e+00
9.009633064270019531e-01 9.978013038635253906e-01 1.099572420120239258e+00 nan 1.143340587615966797e+00 1.091694355010986328e+00 1.039384603500366211e+00 9.868564605712890625e-01 9.285904169082641602e-01 9.005906581878662109e-01 8.783750534057617188e-01 8.564193248748779297e-01 8.340548276901245117e-01 7.906500101089477539e-01 7.570074796676635742e-01 7.521512508392333984e-01 0.000000000000000000e+00 0.000000000000000000e+00 0.000000000000000000e+00 0.000000000000000000e+00 0.000000000000000000e+00 0.000000000000000000e+00
8.493207693099975586e-01 9.434006214141845703e-01 1.042266607284545898e+00 1.146162033081054688e+00 nan 1.159909963607788086e+00 1.105756282806396484e+00 1.049035310745239258e+00 9.889506101608276367e-01 9.306232929229736328e-01 8.919886350631713867e-01 8.698736429214477539e-01 8.327245712280273438e-01 7.953612804412841797e-01 7.650934457778930664e-01 7.377457618713378906e-01 0.000000000000000000e+00 0.000000000000000000e+00 0.000000000000000000e+00 0.000000000000000000e+00 0.000000000000000000e+00 0.000000000000000000e+00
7.975491285324096680e-01 8.910660743713378906e-01 9.900968074798583984e-01 1.089721441268920898e+00 1.175269603729248047e+00 nan 1.174881458282470703e+00 1.111163139343261719e+00 1.049311399459838867e+00 9.892716407775878906e-01 9.309909343719482422e-01 8.751635551452636719e-01 8.317729234695434570e-01 7.989796400070190430e-01 7.700674533843994141e-01 7.427637577056884766e-01 0.000000000000000000e+00 0.000000000000000000e+00 0.000000000000000000e+00 0.000000000000000000e+00 0.000000000000000000e+00 0.000000000000000000e+00
7.699363231658935547e-01 8.360532522201538086e-01 9.326058626174926758e-01 1.026577472686767578e+00 1.109549999237060547e+00 1.192326784133911133e+00 nan 1.183059453964233398e+00 1.111447334289550781e+00 1.049587249755859375e+00 9.777333736419677734e-01 8.962583541870117188e-01 8.340100049972534180e-01 8.018651008605957031e-01 7.742031812667846680e-01 7.468355894088745117e-01 0.000000000000000000e+00 0.000000000000000000e+00 0.000000000000000000e+00 0.000000000000000000e+00 0.000000000000000000e+00 0.000000000000000000e+00
7.557486295700073242e-01 8.047270774841308594e-01 8.763847351074218750e-01 9.620349407196044922e-01 1.039685726165771484e+00 1.114018440246582031e+00 1.210973024368286133e+00 nan 1.195918560028076172e+00 1.115069866180419922e+00 1.026014328002929688e+00 9.407082796096801758e-01 8.597936630249023438e-01 8.088190555572509766e-01 7.778202295303344727e-01 7.509169578552246094e-01 0.000000000000000000e+00 0.000000000000000000e+00 0.000000000000000000e+00 0.000000000000000000e+00 0.000000000000000000e+00 0.000000000000000000e+00
7.409080266952514648e-01 7.934058904647827148e-01 8.475620746612548828e-01 8.995478153228759766e-01 9.721357822418212891e-01 1.044006347656250000e+00 1.127138137817382812e+00 1.229777812957763672e+00 nan 1.185322999954223633e+00 1.093309164047241211e+00 1.005052328109741211e+00 9.240387678146362305e-01 8.503587245941162109e-01 8.040065765380859375e-01 7.716574668884277344e-01 0.000000000000000000e+00 0.000000000000000000e+00 0.000000000000000000e+00 0.000000000000000000e+00 0.000000000000000000e+00 0.000000000000000000e+00
7.254981994628906250e-01 7.820239067077636719e-01 8.284163475036621094e-01 8.705497980117797852e-01 9.068226814270019531e-01 9.763131141662597656e-01 1.048336267471313477e+00 1.142995834350585938e+00 1.227102756500244141e+00 nan 1.162839174270629883e+00 1.070415735244750977e+00 9.905034303665161133e-01 9.142781496047973633e-01 8.398330211639404297e-01 7.992936372756958008e-01 0.000000000000000000e+00 0.000000000000000000e+00 0.000000000000000000e+00 0.000000000000000000e+00 0.000000000000000000e+00 0.000000000000000000e+00
7.073342800140380859e-01 7.669610977172851562e-01 8.115390539169311523e-01 8.459254503250122070e-01 8.680367469787597656e-01 9.108617305755615234e-01 9.793936014175415039e-01 1.044380664825439453e+00 1.123957157135009766e+00 1.206630706787109375e+00 nan 1.141262531280517578e+00 1.059263944625854492e+00 9.804055690765380859e-01 9.033558368682861328e-01 8.273611068725585938e-01 0.000000000000000000e+00 0.000000000000000000e+00 0.000000000000000000e+00 0.000000000000000000e+00 0.000000000000000000e+00 0.000000000000000000e+00
7.170256376266479492e-01 7.520254850387573242e-01 7.972891330718994141e-01 8.233127593994140625e-01 8.400433063507080078e-01 8.568601608276367188e-01 8.858948945999145508e-01 9.444693326950073242e-01 1.020156860351562500e+00 1.100582361221313477e+00 1.185843706130981445e+00 nan 1.130399703979492188e+00 1.048816919326782227e+00 9.690718650817871094e-01 8.896329402923583984e-01 0.000000000000000000e+00 0.000000000000000000e+00 0.000000000000000000e+00 0.000000000000000000e+00 0.000000000000000000e+00 0.000000000000000000e+00
7.313054800033569336e-01 7.497229576110839844e-01 7.777260541915893555e-01 7.992675304412841797e-01 8.113576173782348633e-01 8.181847333908081055e-01 8.233371973037719727e-01 8.621250391006469727e-01 9.366879463195800781e-01 1.014236450195312500e+00 1.094890117645263672e+00 1.198967695236206055e+00 nan 1.119591951370239258e+00 1.037056922912597656e+00 9.549734592437744141e-01 0.000000000000000000e+00 0.000000000000000000e+00 0.000000000000000000e+00 0.000000000000000000e+00 0.000000000000000000e+00 0.000000000000000000e+00
7.449705600738525391e-01 7.632427215576171875e-01 7.577120065689086914e-01 7.662148475646972656e-01 7.789257764816284180e-01 7.848814725875854492e-01 7.899395227432250977e-01 8.022077083587646484e-01 8.570791482925415039e-01 9.314398765563964844e-01 1.008778333663940430e+00 1.089213371276855469e+00 1.209454774856567383e+00 nan 1.107389211654663086e+00 1.022573471069335938e+00 0.000000000000000000e+00 0.000000000000000000e+00 0.000000000000000000e+00 0.000000000000000000e+00 0.000000000000000000e+00 0.000000000000000000e+00
7.587435245513916016e-01 7.663828134536743164e-01 7.593284845352172852e-01 7.418838739395141602e-01 7.347935438156127930e-01 7.430533170700073242e-01 7.513523101806640625e-01 7.637132406234741211e-01 7.979974746704101562e-01 8.520468473434448242e-01 9.262061119079589844e-01 1.003334999084472656e+00 1.095891237258911133e+00 1.215428590774536133e+00 nan 1.092511177062988281e+00 0.000000000000000000e+00 0.000000000000000000e+00 0.000000000000000000e+00 0.000000000000000000e+00 0.000000000000000000e+00 0.000000000000000000e+00
7.710922956466674805e-01 7.682565450668334961e-01 7.562234401702880859e-01 7.333401441574096680e-01 7.107551097869873047e-01 6.998111009597778320e-01 7.079043388366699219e-01 7.170066833496093750e-01 7.513167858123779297e-01 7.863123416900634766e-01 8.428565263748168945e-01 9.203314781188964844e-01 9.979062080383300781e-01 1.108475685119628906e+00 1.210474491119384766e+00 nan 0.000000000000000000e+00 0.000000000000000000e+00 0.000000000000000000e+00 0.000000000000000000e+00 0.000000000000000000e+00 0.000000000000000000e+00
7.532831430435180664e-01 7.531332969665527344e-01 7.400863170623779297e-01 7.240501642227172852e-01 7.023639678955078125e-01 6.801825761795043945e-01 6.655340194702148438e-01 6.734639406204223633e-01 7.049385309219360352e-01 7.390073537826538086e-01 7.737569808959960938e-01 8.292185068130493164e-01 9.061200618743896484e-01 9.913929700851440430e-01 1.107415199279785156e+00 1.187644720077514648e+00 nan 0.000000000000000000e+00 0.000000000000000000e+00 0.000000000000000000e+00 0.000000000000000000e+00 0.000000000000000000e+00
6.052575111389160156e-01 7.140958309173583984e-01 7.003760337829589844e-01 6.853685379028320312e-01 6.695628166198730469e-01 6.539053916931152344e-01 6.383947134017944336e-01 6.268064975738525391e-01 6.597883701324462891e-01 6.929550170898437500e-01 7.267843484878540039e-01 7.612898349761962891e-01 8.156813383102416992e-01 8.920137882232666016e-01 9.831948280334472656e-01 1.081894159317016602e+00 0.000000000000000000e+00 nan 0.000000000000000000e+00 0.000000000000000000e+00 0.000000000000000000e+00 0.000000000000000000e+00
5.533663034439086914e-01 5.533105134963989258e-01 6.382963657379150391e-01 6.475548744201660156e-01 6.321038007736206055e-01 6.167975664138793945e-01 6.016348600387573242e-01 5.866144895553588867e-01 5.946191549301147461e-01 6.310153007507324219e-01 6.682420969009399414e-01 7.063186168670654297e-01 7.452641725540161133e-01 8.022444248199462891e-01 8.761323690414428711e-01 9.591782093048095703e-01 0.000000000000000000e+00 0.000000000000000000e+00 nan 0.000000000000000000e+00 0.000000000000000000e+00 0.000000000000000000e+00
5.312700271606445312e-01 5.305920839309692383e-01 5.275260210037231445e-01 5.580569505691528320e-01 5.954852104187011719e-01 5.805224180221557617e-01 5.656999349594116211e-01 5.510165691375732422e-01 5.586479902267456055e-01 5.667010545730590820e-01 6.024599075317382812e-01 6.390348672866821289e-01 6.764447689056396484e-01 7.147085666656494141e-01 7.604550123214721680e-01 8.377585411071777344e-01 0.000000000000000000e+00 0.000000000000000000e+00 0.000000000000000000e+00 nan 0.000000000000000000e+00 0.000000000000000000e+00
5.075051784515380859e-01 5.082061290740966797e-01 5.056470632553100586e-01 5.015897750854492188e-01 5.002861022949218750e-01 5.450611114501953125e-01 5.305712223052978516e-01 5.177063941955566406e-01 5.253558158874511719e-01 5.330438613891601562e-01 5.407706499099731445e-01 5.744043588638305664e-01 6.103390455245971680e-01 6.470938920974731445e-01 6.859011650085449219e-01 7.272541522979736328e-01 0.000000000000000000e+00 0.000000000000000000e+00 0.000000000000000000e+00 0.000000000000000000e+00 nan 0.000000000000000000e+00
4.775432348251342773e-01 4.840817451477050781e-01 4.837156534194946289e-01 4.798964262008666992e-01 4.776434898376464844e-01 4.775468111038208008e-01 4.962306022644042969e-01 4.852887392044067383e-01 4.927748441696166992e-01 5.002986192703247070e-01 5.078604221343994141e-01 5.154602527618408203e-01 5.468400716781616211e-01 5.821456909179687500e-01 6.194474697113037109e-01 6.591702699661254883e-01 0.000000000000000000e+00 0.000000000000000000e+00 0.000000000000000000e+00 0.000000000000000000e+00 0.000000000000000000e+00 nan
