nan 1.041967868804931641e+00 9.980108737945556641e-01 9.485468864440917969e-01 9.190573692321777344e-01 8.991904258728027344e-01 8.735547065734863281e-01 8.421450853347778320e-01 8.112621307373046875e-01 8.137880563735961914e-01 7.976486682891845703e-01 8.049910068511962891e-01 7.814693450927734375e-01 7.242834568023681641e-01 6.689335107803344727e-01 6.153601408004760742e-01
9.782820940017700195e-01 nan 1.102349281311035156e+00 1.043294668197631836e+00 9.709848165512084961e-01 9.236834049224853516e-01 8.938434123992919922e-01 8.620938062667846680e-01 8.308763504028320312e-01 7.877035140991210938e-01 7.673326730728149414e-01 7.745512723922729492e-01 7.586327791213989258e-01 7.021548748016357422e-01 6.472909450531005859e-01 5.941954851150512695e-01
9.013156890869140625e-01 1.043141365051269531e+00 nan 1.142282485961914062e+00 1.065686225891113281e+00 9.902956485748291016e-01 9.143519401550292969e-01 8.822584152221679688e-01 8.497446775436401367e-01 7.859869003295898438e-01 7.374645471572875977e-01 7.445200681686401367e-01 7.352476119995117188e-01 6.793172359466552734e-01 6.251894235610961914e-01 5.728063583374023438e-01
8.317803144454956055e-01 9.682329893112182617e-01 1.112637996673583984e+00 nan 1.169366598129272461e+00 1.079682826995849609e+00 9.922497272491455078e-01 9.077557325363159180e-01 8.457342386245727539e-01 7.926532030105590820e-01 7.442255020141601562e-01 7.134749889373779297e-01 7.132834196090698242e-01 6.579673290252685547e-01 6.044371128082275391e-01 5.526351928710937500e-01
7.788832187652587891e-01 8.913465738296508789e-01 1.025779724121093750e+00 1.139490842819213867e+00 nan 1.178440093994140625e+00 1.080087423324584961e+00 9.609055519104003906e-01 8.465801477432250977e-01 7.968077659606933594e-01 7.501150369644165039e-01 7.112550735473632812e-01 6.881724596023559570e-01 6.387265920639038086e-01 5.858175754547119141e-01 5.346168279647827148e-01
7.566231489181518555e-01 8.401902914047241211e-01 9.332518577575683594e-01 1.037901878356933594e+00 1.155566930770874023e+00 nan 1.175733804702758789e+00 1.044656276702880859e+00 9.214754104614257812e-01 8.219921588897705078e-01 7.732059955596923828e-01 7.267210483551025391e-01 6.814548969268798828e-01 6.197090148925781250e-01 5.674141645431518555e-01 5.168076753616333008e-01
7.352162599563598633e-01 8.171880245208740234e-01 8.768774271011352539e-01 9.411365985870361328e-01 1.044140100479125977e+00 1.164227962493896484e+00 nan 1.143473863601684570e+00 1.018233299255371094e+00 9.075528383255004883e-01 8.132979869842529297e-01 7.657622098922729492e-01 7.194725275039672852e-01 6.425399780273437500e-01 5.683702230453491211e-01 5.115071535110473633e-01
7.146357297897338867e-01 7.907550334930419922e-01 8.390381336212158203e-01 8.709418773651123047e-01 9.280275106430053711e-01 1.023025751113891602e+00 1.137745618820190430e+00 nan 1.119705677032470703e+00 1.003460645675659180e+00 8.903092145919799805e-01 8.056858777999877930e-01 7.583495378494262695e-01 6.920082569122314453e-01 5.879147052764892578e-01 5.226033926010131836e-01
7.354856729507446289e-01 7.628816366195678711e-01 8.020260334014892578e-01 8.152921199798583984e-01 8.227272033691406250e-01 8.904303312301635742e-01 1.000735282897949219e+00 1.117476224899291992e+00 nan 1.104190349578857422e+00 9.854449033737182617e-01 8.701848983764648438e-01 7.981057167053222656e-01 7.429666519165039062e-01 6.357381343841552734e-01 5.351063013076782227e-01
7.565512657165527344e-01 7.626726627349853516e-01 7.483559846878051758e-01 7.603926658630371094e-01 7.725121974945068359e-01 7.993288040161132812e-01 8.830353021621704102e-01 9.929087162017822266e-01 1.115449190139770508e+00 nan 1.085368633270263672e+00 9.643079042434692383e-01 8.502748012542724609e-01 7.905575037002563477e-01 6.850017309188842773e-01 5.813390016555786133e-01
7.730203866958618164e-01 7.623900175094604492e-01 7.293608188629150391e-01 6.976594924926757812e-01 7.093472480773925781e-01 7.335767745971679688e-01 7.838352918624877930e-01 8.709932565689086914e-01 9.851127862930297852e-01 1.133820533752441406e+00 nan 1.063167572021484375e+00 9.433954954147338867e-01 8.310419321060180664e-01 7.357488870620727539e-01 6.289644241333007812e-01
7.447904348373413086e-01 7.290532588958740234e-01 7.066928148269653320e-01 6.836217641830444336e-01 6.532789468765258789e-01 6.676565408706665039e-01 7.160041332244873047e-01 7.657532691955566406e-01 8.510260581970214844e-01 9.644725322723388672e-01 1.122063875198364258e+00 nan 1.041203022003173828e+00 9.227062463760375977e-01 7.880245447158813477e-01 6.780239343643188477e-01
5.541733503341674805e-01 6.682785749435424805e-01 6.516588926315307617e-01 6.293318271636962891e-01 6.073064804077148438e-01 5.931310653686523438e-01 6.378315687179565430e-01 6.921011209487915039e-01 7.478544712066650391e-01 8.312718868255615234e-01 9.429311752319335938e-01 1.111512899398803711e+00 nan 1.019472122192382812e+00 8.790488243103027344e-01 7.234442234039306641e-01
5.223411321640014648e-01 5.193336009979248047e-01 5.512504577636718750e-01 5.767923593521118164e-01 5.554773807525634766e-01 5.442128181457519531e-01 5.554676055908203125e-01 5.965741872787475586e-01 6.494766473770141602e-01 7.041319608688354492e-01 7.778511047363281250e-01 9.010705947875976562e-01 1.081214666366577148e+00 nan 9.742021560668945312e-01 7.868896722793579102e-01
4.874379634857177734e-01 4.879225492477416992e-01 4.822120666503906250e-01 4.809705018997192383e-01 5.053194761276245117e-01 4.967964887619018555e-01 5.077058076858520508e-01 5.186945199966430664e-01 5.563560724258422852e-01 6.079258918762207031e-01 6.635673046112060547e-01 7.276078462600708008e-01 8.410431146621704102e-01 9.758124351501464844e-01 nan 8.813686370849609375e-01
4.408431053161621094e-01 4.500620365142822266e-01 4.477405548095703125e-01 4.451600313186645508e-01 4.452660083770751953e-01 4.476926326751708984e-01 4.584987163543701172e-01 4.693853855133056641e-01 4.803532361984252930e-01 4.964615106582641602e-01 5.508066415786743164e-01 6.124949455261230469e-01 6.790977716445922852e-01 7.545241117477416992e-01 8.755987882614135742e-01 nan
