nan 1.079709768295288086e+00 1.030292749404907227e+00 9.809579849243164062e-01 9.341787099838256836e-01 9.141551256179809570e-01 8.909080028533935547e-01 8.592075109481811523e-01 8.396043777465820312e-01 8.457881212234497070e-01 8.134132623672485352e-01 7.942334413528442383e-01 7.574050426483154297e-01 7.009917497634887695e-01 6.463893651962280273e-01 5.933583974838256836e-01
1.003000736236572266e+00 nan 1.136317014694213867e+00 1.077281475067138672e+00 1.003661394119262695e+00 9.388411045074462891e-01 9.113847017288208008e-01 8.913395404815673828e-01 8.806288242340087891e-01 8.439121246337890625e-01 7.817410230636596680e-01 7.639751434326171875e-01 7.348771095275878906e-01 6.791868209838867188e-01 6.252844333648681641e-01 5.731122493743896484e-01
9.250726699829101562e-01 1.068670511245727539e+00 nan 1.177798748016357422e+00 1.099932670593261719e+00 1.024850606918334961e+00 9.534728527069091797e-01 9.335179328918457031e-01 9.225683212280273438e-01 8.448413610458374023e-01 7.526425123214721680e-01 7.342271804809570312e-01 7.126379013061523438e-01 6.576615571975708008e-01 6.044501066207885742e-01 5.529468059539794922e-01
8.548140525817871094e-01 9.929826259613037109e-01 1.140206336975097656e+00 nan 1.205726861953735352e+00 1.118298530578613281e+00 1.052893877029418945e+00 9.895081520080566406e-01 9.133137464523315430e-01 8.391313552856445312e-01 7.547379732131958008e-01 7.034615278244018555e-01 6.920639276504516602e-01 6.376557350158691406e-01 5.849968194961547852e-01 5.340313911437988281e-01
7.955545186996459961e-01 9.213453531265258789e-01 1.056225061416625977e+00 1.174926280975341797e+00 nan 1.235952854156494141e+00 1.152345418930053711e+00 1.036182641983032227e+00 9.135195016860961914e-01 8.275517225265502930e-01 7.462269067764282227e-01 7.047398090362548828e-01 6.734412908554077148e-01 6.196318864822387695e-01 5.675526857376098633e-01 5.171480178833007812e-01
7.666331529617309570e-01 8.582097291946411133e-01 9.662017822265625000e-01 1.072423934936523438e+00 1.199309825897216797e+00 nan 1.251629829406738281e+00 1.113400459289550781e+00 9.815785884857177734e-01 8.505694866180419922e-01 7.770479917526245117e-01 7.305737733840942383e-01 6.853148937225341797e-01 6.066367626190185547e-01 5.503003597259521484e-01 5.004504919052124023e-01
7.369124889373779297e-01 8.356059789657592773e-01 8.962494134902954102e-01 9.747524261474609375e-01 1.080430746078491211e+00 1.220191478729248047e+00 nan 1.199762821197509766e+00 1.063382863998413086e+00 9.312908649444580078e-01 8.220738172531127930e-01 7.702091932296752930e-01 7.239137887954711914e-01 6.386619806289672852e-01 5.607116222381591797e-01 5.042957067489624023e-01
7.086127996444702148e-01 8.061487674713134766e-01 8.586512804031372070e-01 8.910396099090576172e-01 9.684343338012695312e-01 1.070605278015136719e+00 1.188146352767944336e+00 nan 1.161783695220947266e+00 1.029036760330200195e+00 9.143832921981811523e-01 8.107522726058959961e-01 7.633965015411376953e-01 6.893445253372192383e-01 5.856951475143432617e-01 5.160992145538330078e-01
7.281304597854614258e-01 7.679113149642944336e-01 8.187242746353149414e-01 8.379120826721191406e-01 8.427106142044067383e-01 9.265220165252685547e-01 1.035883426666259766e+00 1.151453495025634766e+00 nan 1.131729602813720703e+00 1.011369466781616211e+00 8.947397470474243164e-01 8.037835359573364258e-01 7.415943145751953125e-01 6.347393989562988281e-01 5.344406366348266602e-01
7.491314411163330078e-01 7.571239471435546875e-01 7.531058788299560547e-01 7.633794546127319336e-01 7.756550312042236328e-01 8.056550025939941406e-01 9.040485620498657227e-01 1.015291690826416016e+00 1.136830806732177734e+00 nan 1.113269329071044922e+00 9.907307624816894531e-01 8.752976655960083008e-01 7.954605817794799805e-01 6.853007078170776367e-01 5.818995237350463867e-01
7.672249078750610352e-01 7.595182657241821289e-01 7.265194654464721680e-01 7.011179924011230469e-01 7.129601240158081055e-01 7.404931783676147461e-01 7.910470962524414062e-01 8.929162025451660156e-01 1.008189439773559570e+00 1.154939174652099609e+00 nan 1.091584920883178711e+00 9.702073335647583008e-01 8.558319807052612305e-01 7.366003990173339844e-01 6.297634840011596680e-01
7.379373311996459961e-01 7.238844633102416992e-01 7.015506029129028320e-01 6.785691976547241211e-01 6.524789333343505859e-01 6.747043132781982422e-01 7.233471870422363281e-01 7.733899354934692383e-01 8.731987476348876953e-01 9.880040884017944336e-01 1.151500701904296875e+00 nan 1.069364070892333984e+00 9.492324590682983398e-01 7.947607040405273438e-01 6.788470745086669922e-01
5.520807504653930664e-01 6.674376726150512695e-01 6.467702388763427734e-01 6.245170831680297852e-01 6.025569438934326172e-01 5.914001464843750000e-01 6.431483030319213867e-01 6.975940465927124023e-01 7.538437843322753906e-01 8.532079458236694336e-01 9.678846597671508789e-01 1.140803575515747070e+00 nan 1.046010971069335938e+00 8.921052217483520508e-01 7.181166410446166992e-01
5.202493667602539062e-01 5.172102451324462891e-01 5.521764755249023438e-01 5.721330642700195312e-01 5.508809089660644531e-01 5.425349473953247070e-01 5.537775754928588867e-01 6.017569303512573242e-01 6.548310518264770508e-01 7.096638679504394531e-01 7.971044778823852539e-01 9.236774444580078125e-01 1.103143453598022461e+00 nan 9.893566370010375977e-01 7.993056774139404297e-01
4.856737852096557617e-01 4.857927560806274414e-01 4.801406860351562500e-01 4.790048599243164062e-01 5.008713006973266602e-01 4.951702356338500977e-01 5.060676336288452148e-01 5.170444250106811523e-01 5.614084005355834961e-01 6.131455898284912109e-01 6.688646078109741211e-01 7.403595447540283203e-01 8.629361391067504883e-01 9.903372526168823242e-01 nan 8.978646993637084961e-01
4.389619827270507812e-01 4.481689929962158203e-01 4.455443620681762695e-01 4.430694580078125000e-01 4.431751966476440430e-01 4.459469318389892578e-01 4.567399024963378906e-01 4.676133394241333008e-01 4.785680770874023438e-01 4.996440410614013672e-01 5.540088415145874023e-01 6.173293590545654297e-01 6.841318607330322266e-01 7.709807157516479492e-01 8.870496749877929688e-01 nan
