nan 1.286312580108642578e+00 1.185023784637451172e+00 1.096749305725097656e+00 1.065396547317504883e+00 1.020597696304321289e+00 9.710503816604614258e-01 9.696102142333984375e-01 9.647730588912963867e-01 9.570634365081787109e-01 9.493838548660278320e-01 9.417344331741333008e-01 9.307101964950561523e-01 9.089778661727905273e-01 8.924250602722167969e-01 8.755884170532226562e-01 0.000000000000000000e+00 0.000000000000000000e+00 0.000000000000000000e+00 0.000000000000000000e+00 0.000000000000000000e+00 0.000000000000000000e+00
1.234770536422729492e+00 nan 1.320934772491455078e+00 1.214665412902832031e+00 1.138286590576171875e+00 1.088116407394409180e+00 1.049570798873901367e+00 1.014149188995361328e+00 9.950041770935058594e-01 9.871759414672851562e-01 9.793782234191894531e-01 9.716112613677978516e-01 9.614015817642211914e-01 9.054256677627563477e-01 8.883181810379028320e-01 8.715181350708007812e-01 0.000000000000000000e+00 0.000000000000000000e+00 0.000000000000000000e+00 0.000000000000000000e+00 0.000000000000000000e+00 0.000000000000000000e+00
1.111600160598754883e+00 1.274291515350341797e+00 nan 1.356081008911132812e+00 1.238789319992065430e+00 1.171386480331420898e+00 1.133859634399414062e+00 1.094139575958251953e+00 1.048707485198974609e+00 1.017751693725585938e+00 1.009834051132202148e+00 1.001947402954101562e+00 9.880009889602661133e-01 9.334290027618408203e-01 8.842202425003051758e-01 8.674565553665161133e-01 0.000000000000000000e+00 0.000000000000000000e+00 0.000000000000000000e+00 0.000000000000000000e+00 0.000000000000000000e+00 0.000000000000000000e+00
1.005657196044921875e+00 1.148098468780517578e+00 1.318626880645751953e+00 nan 1.399024009704589844e+00 1.294148921966552734e+00 1.221615076065063477e+00 1.177179336547851562e+00 1.129945755004882812e+00 1.083736658096313477e+00 1.040758132934570312e+00 1.032750368118286133e+00 1.013259887695312500e+00 9.618440866470336914e-01 9.074848890304565430e-01 8.634037971496582031e-01 0.000000000000000000e+00 0.000000000000000000e+00 0.000000000000000000e+00 0.000000000000000000e+00 0.000000000000000000e+00 0.000000000000000000e+00
9.514245986938476562e-01 1.050954580307006836e+00 1.185228347778320312e+00 1.374282360076904297e+00 nan 1.472380638122558594e+00 1.368575811386108398e+00 1.269767284393310547e+00 1.214405536651611328e+00 1.166364192962646484e+00 1.119365215301513672e+00 1.068516969680786133e+00 1.038839817047119141e+00 9.906762838363647461e-01 9.355504512786865234e-01 8.626278638839721680e-01 0.000000000000000000e+00 0.000000000000000000e+00 0.000000000000000000e+00 0.000000000000000000e+00 0.000000000000000000e+00 0.000000000000000000e+00
9.025909900665283203e-01 9.996204376220703125e-01 1.101598501205444336e+00 1.236583471298217773e+00 1.430545568466186523e+00 nan 1.546868324279785156e+00 1.418656587600708008e+00 1.310446739196777344e+00 1.247988224029541016e+00 1.192026138305664062e+00 1.134019851684570312e+00 1.075711727142333984e+00 1.014042615890502930e+00 9.404534101486206055e-01 8.587764501571655273e-01 0.000000000000000000e+00 0.000000000000000000e+00 0.000000000000000000e+00 0.000000000000000000e+00 0.000000000000000000e+00 0.000000000000000000e+00
8.549791574478149414e-01 9.495806694030761719e-01 1.049006700515747070e+00 1.163928031921386719e+00 1.289359807968139648e+00 1.521879196166992188e+00 nan 1.607989072799682617e+00 1.476700305938720703e+00 1.354098081588745117e+00 1.279044866561889648e+00 1.206445217132568359e+00 1.136573791503906250e+00 1.041649103164672852e+00 9.321652650833129883e-01 8.525300025939941406e-01 0.000000000000000000e+00 0.000000000000000000e+00 0.000000000000000000e+00 0.000000000000000000e+00 0.000000000000000000e+00 0.000000000000000000e+00
8.087095022201538086e-01 8.991154432296752930e-01 1.002138614654541016e+00 1.108357906341552734e+00 1.208943367004394531e+00 1.352260828018188477e+00 1.596389055252075195e+00 nan 1.670574903488159180e+00 1.536135435104370117e+00 1.397108316421508789e+00 1.294701099395751953e+00 1.210546731948852539e+00 1.096523761749267578e+00 9.647799730300903320e-01 8.640731573104858398e-01 0.000000000000000000e+00 0.000000000000000000e+00 0.000000000000000000e+00 0.000000000000000000e+00 0.000000000000000000e+00 0.000000000000000000e+00
7.875887155532836914e-01 8.536857366561889648e-01 9.506686925888061523e-01 1.047318935394287109e+00 1.140321016311645508e+00 1.248872518539428711e+00 1.412950277328491211e+00 1.671933174133300781e+00 nan 1.730454444885253906e+00 1.577513694763183594e+00 1.419468164443969727e+00 1.268880367279052734e+00 1.154779911041259766e+00 1.019216775894165039e+00 8.900048732757568359e-01 0.000000000000000000e+00 0.000000000000000000e+00 0.000000000000000000e+00 0.000000000000000000e+00 0.000000000000000000e+00 0.000000000000000000e+00
7.667144536972045898e-01 8.380457162857055664e-01 9.061475992202758789e-01 9.852833747863769531e-01 1.073830127716064453e+00 1.168035984039306641e+00 1.290501356124877930e+00 1.483157157897949219e+00 1.749675750732421875e+00 nan 1.764753341674804688e+00 1.541573047637939453e+00 1.349835395812988281e+00 1.214654922485351562e+00 1.075161695480346680e+00 9.441463947296142578e-01 0.000000000000000000e+00 0.000000000000000000e+00 0.000000000000000000e+00 0.000000000000000000e+00 0.000000000000000000e+00 0.000000000000000000e+00
7.388854026794433594e-01 8.180111646652221680e-01 8.884284496307373047e-01 9.391192197799682617e-01 1.009404420852661133e+00 1.099027156829833984e+00 1.208167791366577148e+00 1.333192586898803711e+00 1.548007488250732422e+00 1.830137491226196289e+00 nan 1.687042713165283203e+00 1.460406064987182617e+00 1.295839786529541016e+00 1.132656574249267578e+00 9.998388290405273438e-01 0.000000000000000000e+00 0.000000000000000000e+00 0.000000000000000000e+00 0.000000000000000000e+00 0.000000000000000000e+00 0.000000000000000000e+00
7.143859863281250000e-01 8.006187677383422852e-01 8.708745241165161133e-01 9.159859418869018555e-01 9.541894197463989258e-01 1.032729148864746094e+00 1.121679067611694336e+00 1.235231876373291016e+00 1.368971109390258789e+00 1.540966749191284180e+00 1.771409988403320312e+00 nan 1.612675666809082031e+00 1.406327724456787109e+00 1.209507465362548828e+00 1.057126283645629883e+00 0.000000000000000000e+00 0.000000000000000000e+00 0.000000000000000000e+00 0.000000000000000000e+00 0.000000000000000000e+00 0.000000000000000000e+00
7.316367626190185547e-01 7.823331356048583984e-01 8.481948375701904297e-01 8.912658691406250000e-01 9.235600233078002930e-01 9.576578140258789062e-01 1.039230346679687500e+00 1.141840696334838867e+00 1.231931209564208984e+00 1.316423177719116211e+00 1.471012115478515625e+00 1.711730003356933594e+00 nan 1.571167707443237305e+00 1.322850704193115234e+00 1.127306699752807617e+00 0.000000000000000000e+00 0.000000000000000000e+00 0.000000000000000000e+00 0.000000000000000000e+00 0.000000000000000000e+00 0.000000000000000000e+00
7.493243217468261719e-01 7.800636291503906250e-01 8.137879371643066406e-01 8.535226583480834961e-01 8.891069889068603516e-01 9.213643074035644531e-01 9.639189243316650391e-01 1.033700704574584961e+00 1.110688924789428711e+00 1.190591573715209961e+00 1.273518800735473633e+00 1.447152614593505859e+00 1.674624443054199219e+00 nan 1.488996267318725586e+00 1.240422487258911133e+00 0.000000000000000000e+00 0.000000000000000000e+00 0.000000000000000000e+00 0.000000000000000000e+00 0.000000000000000000e+00 0.000000000000000000e+00
7.752311229705810547e-01 7.877393960952758789e-01 7.937146425247192383e-01 8.127236366271972656e-01 8.524349927902221680e-01 8.869501352310180664e-01 9.040387868881225586e-01 9.232265949249267578e-01 9.960324764251708984e-01 1.071594476699829102e+00 1.150017261505126953e+00 1.231408834457397461e+00 1.423523187637329102e+00 1.648799180984497070e+00 nan 1.402868986129760742e+00 0.000000000000000000e+00 0.000000000000000000e+00 0.000000000000000000e+00 0.000000000000000000e+00 0.000000000000000000e+00 0.000000000000000000e+00
8.015216588973999023e-01 7.899746894836425781e-01 7.894269227981567383e-01 7.958791255950927734e-01 8.116601705551147461e-01 8.384270668029785156e-01 8.433046340942382812e-01 8.483616113662719727e-01 8.876048326492309570e-01 9.590623378753662109e-01 1.033224821090698242e+00 1.110194683074951172e+00 1.203373193740844727e+00 1.400121688842773438e+00 1.579515218734741211e+00 nan 0.000000000000000000e+00 0.000000000000000000e+00 0.000000000000000000e+00 0.000000000000000000e+00 0.000000000000000000e+00 0.000000000000000000e+00
7.805430889129638672e-01 7.777514457702636719e-01 7.708318233489990234e-01 7.915860414505004883e-01 7.896689176559448242e-01 7.681365013122558594e-01 7.728272676467895508e-01 7.777251005172729492e-01 8.094147443771362305e-01 8.507233858108520508e-01 9.227768182754516602e-01 9.955656528472900391e-01 1.071110010147094727e+00 1.181880950927734375e+00 1.349246501922607422e+00 1.515189886093139648e+00 nan 0.000000000000000000e+00 0.000000000000000000e+00 0.000000000000000000e+00 0.000000000000000000e+00 0.000000000000000000e+00
6.322085857391357422e-01 7.298368215560913086e-01 7.184724807739257812e-01 7.204004526138305664e-01 7.083829641342163086e-01 6.964493989944458008e-01 6.873182058334350586e-01 7.052564620971679688e-01 7.429642677307128906e-01 7.759608030319213867e-01 8.178458213806152344e-01 8.923261165618896484e-01 9.698582887649536133e-01 1.054630279541015625e+00 1.152181863784790039e+00 1.306595325469970703e+00 0.000000000000000000e+00 nan 0.000000000000000000e+00 0.000000000000000000e+00 0.000000000000000000e+00 0.000000000000000000e+00
5.969812870025634766e-01 5.827959775924682617e-01 6.589167118072509766e-01 6.631878614425659180e-01 6.476038694381713867e-01 6.321657896041870117e-01 6.168725490570068359e-01 6.029344797134399414e-01 6.400958299636840820e-01 6.816297769546508789e-01 7.242153882980346680e-01 7.714939117431640625e-01 8.583000898361206055e-01 9.421033859252929688e-01 1.018244743347167969e+00 1.127846956253051758e+00 0.000000000000000000e+00 0.000000000000000000e+00 nan 0.000000000000000000e+00 0.000000000000000000e+00 0.000000000000000000e+00
5.787110328674316406e-01 5.643101930618286133e-01 5.429953336715698242e-01 5.776109695434570312e-01 6.106969118118286133e-01 5.956047773361206055e-01 5.806539058685302734e-01 5.670766830444335938e-01 5.749623775482177734e-01 6.108078956604003906e-01 6.476337909698486328e-01 6.853015422821044922e-01 7.238304615020751953e-01 7.971928119659423828e-01 8.793562650680541992e-01 9.701122045516967773e-01 0.000000000000000000e+00 0.000000000000000000e+00 0.000000000000000000e+00 nan 0.000000000000000000e+00 0.000000000000000000e+00
5.604991912841796875e-01 5.322864055633544922e-01 5.208408832550048828e-01 5.167306661605834961e-01 5.156779289245605469e-01 5.598626136779785156e-01 5.452466011047363281e-01 5.335501432418823242e-01 5.412672758102416992e-01 5.490231513977050781e-01 5.829221010208129883e-01 6.191104650497436523e-01 6.561261415481567383e-01 6.939880847930908203e-01 7.537939548492431641e-01 8.384864330291748047e-01 0.000000000000000000e+00 0.000000000000000000e+00 0.000000000000000000e+00 0.000000000000000000e+00 nan 0.000000000000000000e+00
5.325170755386352539e-01 5.008255243301391602e-01 4.985306262969970703e-01 4.946613311767578125e-01 4.926460981369018555e-01 4.926406145095825195e-01 5.106325149536132812e-01 5.007410049438476562e-01 5.082929134368896484e-01 5.158828496932983398e-01 5.235111713409423828e-01 5.555189847946166992e-01 5.910809040069580078e-01 6.274558305740356445e-01 6.664371490478515625e-01 7.156547307968139648e-01 0.000000000000000000e+00 0.000000000000000000e+00 0.000000000000000000e+00 0.000000000000000000e+00 0.000000000000000000e+00 nan
