nan 1.094904184341430664e+00 1.049452781677246094e+00 9.992879629135131836e-01 9.639922380447387695e-01 9.334121942520141602e-01 9.221626520156860352e-01 9.109785556793212891e-01 8.998591899871826172e-01 9.281536340713500977e-01 8.697570562362670898e-01 8.180861473083496094e-01 7.767064571380615234e-01 7.194395065307617188e-01 6.640185117721557617e-01 6.103838682174682617e-01
1.065811872482299805e+00 nan 1.154814958572387695e+00 1.094887018203735352e+00 1.019703149795532227e+00 9.751523733139038086e-01 9.636600017547607422e-01 9.522343873977661133e-01 9.408752918243408203e-01 8.814874887466430664e-01 8.256055116653442383e-01 7.872846126556396484e-01 7.528684139251708984e-01 6.963700056076049805e-01 6.416926383972167969e-01 5.887775421142578125e-01
9.822828769683837891e-01 1.134508132934570312e+00 nan 1.195056676864624023e+00 1.134844303131103516e+00 1.067929983139038086e+00 1.006052970886230469e+00 9.943808317184448242e-01 9.453080892562866211e-01 8.729923963546752930e-01 7.845695018768310547e-01 7.570048570632934570e-01 7.293503284454345703e-01 6.736099720001220703e-01 6.196662187576293945e-01 5.674611330032348633e-01
9.005217552185058594e-01 1.046554327011108398e+00 1.195592164993286133e+00 nan 1.244982719421386719e+00 1.175310850143432617e+00 1.107800960540771484e+00 1.008013010025024414e+00 9.346168041229248047e-01 8.630830049514770508e-01 7.824947834014892578e-01 7.219845056533813477e-01 7.069282531738281250e-01 6.518173217773437500e-01 5.984855890274047852e-01 5.468759536743164062e-01
8.211805820465087891e-01 9.611166715621948242e-01 1.101668119430541992e+00 1.245904684066772461e+00 nan 1.292777299880981445e+00 1.182683944702148438e+00 1.048399686813354492e+00 9.177283048629760742e-01 8.450546264648437500e-01 7.725232839584350586e-01 7.045202255249023438e-01 6.858943700790405273e-01 6.326478719711303711e-01 5.799351930618286133e-01 5.289243459701538086e-01
7.821886539459228516e-01 8.792462348937988281e-01 1.009153604507446289e+00 1.142873764038085938e+00 1.312865495681762695e+00 nan 1.266944408416748047e+00 1.127476692199707031e+00 9.900451898574829102e-01 8.617535829544067383e-01 7.822587490081787109e-01 7.222496271133422852e-01 6.771006584167480469e-01 6.137009859085083008e-01 5.615999698638916016e-01 5.111811161041259766e-01
7.517001628875732422e-01 8.516136407852172852e-01 9.239848852157592773e-01 1.045894861221313477e+00 1.181726932525634766e+00 1.302742719650268555e+00 nan 1.209606170654296875e+00 1.065089225769042969e+00 9.282966852188110352e-01 8.086023330688476562e-01 7.611895799636840820e-01 7.150197029113769531e-01 6.344151496887207031e-01 5.646640062332153320e-01 5.079354047775268555e-01
7.174284458160400391e-01 8.208602666854858398e-01 8.896020650863647461e-01 9.459923505783081055e-01 1.018643617630004883e+00 1.129657268524169922e+00 1.246776342391967773e+00 nan 1.142963647842407227e+00 1.005502462387084961e+00 8.818113803863525391e-01 8.010100126266479492e-01 7.537963390350341797e-01 6.836389303207397461e-01 5.800602436065673828e-01 5.190052986145019531e-01
7.238016128540039062e-01 7.817965745925903320e-01 8.438169956207275391e-01 8.475874662399291992e-01 8.610541820526123047e-01 9.634006023406982422e-01 1.071376323699951172e+00 1.185290098190307617e+00 nan 1.096703767776489258e+00 9.765193462371826172e-01 8.617774248123168945e-01 7.934494018554687500e-01 7.343449592590332031e-01 6.276468038558959961e-01 5.301564931869506836e-01
7.530077695846557617e-01 7.530626058578491211e-01 7.444789409637451172e-01 7.533764839172363281e-01 7.627086639404296875e-01 8.173240423202514648e-01 9.249708652496337891e-01 1.037291049957275391e+00 1.169941425323486328e+00 nan 1.075895786285400391e+00 9.554772377014160156e-01 8.419568538665771484e-01 7.857555150985717773e-01 6.758501529693603516e-01 5.721300840377807617e-01
7.810542583465576172e-01 7.374444007873535156e-01 7.048525810241699219e-01 6.859195232391357422e-01 6.975264549255371094e-01 7.421931028366088867e-01 7.979295253753662109e-01 9.081219434738159180e-01 1.025067567825317383e+00 1.188786029815673828e+00 nan 1.052395105361938477e+00 9.324855804443359375e-01 8.235290050506591797e-01 7.238615751266479492e-01 6.171700954437255859e-01
7.177680730819702148e-01 7.030314207077026367e-01 6.809778213500976562e-01 6.582543849945068359e-01 6.370337009429931641e-01 6.759454011917114258e-01 7.245332002639770508e-01 7.787420749664306641e-01 8.877583742141723633e-01 1.006607294082641602e+00 1.152792215347290039e+00 nan 1.026851415634155273e+00 9.084345102310180664e-01 7.689003944396972656e-01 6.545293331146240234e-01
5.468395948410034180e-01 6.471794843673706055e-01 6.267731189727783203e-01 6.047824621200561523e-01 5.830888748168945312e-01 5.920919179916381836e-01 6.448457241058349609e-01 6.993477344512939453e-01 7.584153413772583008e-01 8.676079511642456055e-01 9.751580953598022461e-01 1.133861303329467773e+00 nan 9.886156320571899414e-01 8.398194313049316406e-01 6.900272369384765625e-01
5.151574611663818359e-01 5.126909017562866211e-01 5.553144216537475586e-01 5.530346632003784180e-01 5.320407152175903320e-01 5.393710136413574219e-01 5.519865751266479492e-01 6.034116744995117188e-01 6.565406322479248047e-01 7.114707231521606445e-01 8.085467815399169922e-01 9.303691387176513672e-01 1.088130950927734375e+00 nan 9.302315711975097656e-01 7.464017868041992188e-01
4.803220033645629883e-01 4.812598228454589844e-01 4.757317304611206055e-01 4.745469093322753906e-01 4.826387166976928711e-01 4.921034574508666992e-01 5.029784440994262695e-01 5.139327049255371094e-01 5.630213022232055664e-01 6.148861646652221680e-01 6.724123954772949219e-01 7.464137077331542969e-01 8.694165945053100586e-01 9.798945188522338867e-01 nan 8.384413719177246094e-01
4.337493181228637695e-01 4.429229497909545898e-01 4.412091970443725586e-01 4.386904239654541016e-01 4.387959241867065430e-01 4.429516792297363281e-01 4.537222385406494141e-01 4.645732641220092773e-01 4.755052328109741211e-01 5.010099411010742188e-01 5.570163726806640625e-01 6.170585155487060547e-01 6.838498115539550781e-01 7.679067850112915039e-01 8.758965730667114258e-01 nan
