nan 9.445548057556152344e-01 9.023654460906982422e-01 8.698265552520751953e-01 8.598192930221557617e-01 8.402596712112426758e-01 8.192905187606811523e-01 7.957998514175415039e-01 7.794655561447143555e-01 8.069399595260620117e-01 8.227053880691528320e-01 8.332364559173583984e-01 8.346405029296875000e-01 7.755062580108642578e-01 7.164402008056640625e-01 6.552265882492065430e-01
9.219992160797119141e-01 nan 1.000165939331054688e+00 9.404817819595336914e-01 8.824112415313720703e-01 8.626140356063842773e-01 8.425316810607910156e-01 8.216471672058105469e-01 8.009994029998779297e-01 7.865557670593261719e-01 7.948436737060546875e-01 8.021323680877685547e-01 8.094505071640014648e-01 7.516844272613525391e-01 6.952241659164428711e-01 6.405836343765258789e-01
8.649945259094238281e-01 9.778079986572265625e-01 nan 1.033157587051391602e+00 9.601236581802368164e-01 8.907322883605957031e-01 8.690515756607055664e-01 8.478664159774780273e-01 8.269213438034057617e-01 7.913421392440795898e-01 7.643909454345703125e-01 7.715559005737304688e-01 7.787499427795410156e-01 7.281823158264160156e-01 6.724795103073120117e-01 6.185721158981323242e-01
8.071864843368530273e-01 9.171334505081176758e-01 1.031719923019409180e+00 nan 1.055332899093627930e+00 9.836194515228271484e-01 9.111918210983276367e-01 8.726398944854736328e-01 8.461630344390869141e-01 7.998330593109130859e-01 7.596927881240844727e-01 7.408508062362670898e-01 7.480210065841674805e-01 7.054233551025390625e-01 6.503610610961914062e-01 5.970764160156250000e-01
7.824898958206176758e-01 8.548800945281982422e-01 9.611843824386596680e-01 1.061851501464843750e+00 nan 1.067564964294433594e+00 9.920721054077148438e-01 9.144692420959472656e-01 8.506746292114257812e-01 8.040043115615844727e-01 7.656346559524536133e-01 7.264299392700195312e-01 7.151440382003784180e-01 6.856318712234497070e-01 6.312085390090942383e-01 5.785423517227172852e-01
7.686070203781127930e-01 8.304606676101684570e-01 8.838267326354980469e-01 9.777554273605346680e-01 1.076112270355224609e+00 nan 1.081077814102172852e+00 9.768900871276855469e-01 8.749215602874755859e-01 8.081852197647094727e-01 7.715965509414672852e-01 7.322595119476318359e-01 6.937959194183349609e-01 6.660701036453247070e-01 6.122783422470092773e-01 5.602233409881591797e-01
7.470539808273315430e-01 8.160345554351806641e-01 8.594464063644409180e-01 8.977056741714477539e-01 9.914860725402832031e-01 1.109798669815063477e+00 nan 1.078073501586914062e+00 9.691886901855468750e-01 8.611980676651000977e-01 8.006099462509155273e-01 7.534067630767822266e-01 7.074409723281860352e-01 6.513493061065673828e-01 5.935678482055664062e-01 5.421168804168701172e-01
7.285537719726562500e-01 7.974560260772705078e-01 8.353626728057861328e-01 8.607383966445922852e-01 9.053881168365478516e-01 9.896217584609985352e-01 1.105714321136474609e+00 nan 1.068195343017578125e+00 9.547752141952514648e-01 8.443014621734619141e-01 7.930512428283691406e-01 7.460460662841796875e-01 7.002732753753662109e-01 5.995491743087768555e-01 5.415558815002441406e-01
7.495728731155395508e-01 7.720174789428710938e-01 8.052313327789306641e-01 8.227788209915161133e-01 8.331503868103027344e-01 8.725757598876953125e-01 9.818387031555175781e-01 1.105182886123657227e+00 nan 1.053057193756103516e+00 9.370714426040649414e-01 8.335919380187988281e-01 7.855241298675537109e-01 7.387162446975708008e-01 6.445106267929077148e-01 5.528726577758789062e-01
7.708477973937988281e-01 7.756438255310058594e-01 7.624906301498413086e-01 7.775670289993286133e-01 7.848477363586425781e-01 7.953935861587524414e-01 8.652505874633789062e-01 9.740861654281616211e-01 1.123465061187744141e+00 nan 1.034412622451782227e+00 9.164988994598388672e-01 8.258947134017944336e-01 7.780286073684692383e-01 6.940383911132812500e-01 5.898200273513793945e-01
7.861095666885375977e-01 7.785512208938598633e-01 7.540117502212524414e-01 7.210955619812011719e-01 7.299212217330932617e-01 7.418309450149536133e-01 7.893382310867309570e-01 8.579540252685546875e-01 9.663639068603515625e-01 1.141906023025512695e+00 nan 1.012952804565429688e+00 8.960956335067749023e-01 8.182297945022583008e-01 7.450579404830932617e-01 6.377006769180297852e-01
7.716948986053466797e-01 7.666531801223754883e-01 7.415983676910400391e-01 7.089151144027709961e-01 6.768454313278198242e-01 6.797593832015991211e-01 7.230069637298583984e-01 7.729592323303222656e-01 8.450614213943481445e-01 9.806642532348632812e-01 1.133693933486938477e+00 nan 9.915225505828857422e-01 8.759099245071411133e-01 7.976138591766357422e-01 6.870234012603759766e-01
5.751062631607055664e-01 6.859476566314697266e-01 6.876931190490722656e-01 6.648788452148437500e-01 6.423729658126831055e-01 6.201714277267456055e-01 6.537454128265380859e-01 7.055414915084838867e-01 7.549873590469360352e-01 8.253709077835083008e-01 9.582806825637817383e-01 1.116919755935668945e+00 nan 9.703207015991210938e-01 8.559387922286987305e-01 7.378314733505249023e-01
5.428453683853149414e-01 5.398205518722534180e-01 5.677889585494995117e-01 6.111932992935180664e-01 5.894131660461425781e-01 5.679274797439575195e-01 5.750532150268554688e-01 6.120870113372802734e-01 6.655035018920898438e-01 7.206898927688598633e-01 7.864960432052612305e-01 9.273091554641723633e-01 1.096558570861816406e+00 nan 9.493447542190551758e-01 7.901698350906372070e-01
5.066745281219482422e-01 5.080648660659790039e-01 5.021985769271850586e-01 5.007344484329223633e-01 5.381610393524169922e-01 5.173681974411010742e-01 5.266900062561035156e-01 5.378171205520629883e-01 5.714781284332275391e-01 6.235491037368774414e-01 6.801874637603759766e-01 7.423388957977294922e-01 8.458168506622314453e-01 9.959484338760375977e-01 nan 8.896557092666625977e-01
4.602905511856079102e-01 4.696340560913085938e-01 4.680800437927246094e-01 4.652625322341918945e-01 4.653698205947875977e-01 4.667384624481201172e-01 4.776866436004638672e-01 4.887164831161499023e-01 4.998286962509155273e-01 5.188847780227661133e-01 5.744718313217163086e-01 6.347289085388183594e-01 7.022501230239868164e-01 7.795712947845458984e-01 8.949123620986938477e-01 nan
