nan 1.013767004013061523e+00 9.834172725677490234e-01 9.535248279571533203e-01 9.240832328796386719e-01 9.099925756454467773e-01 9.016168117523193359e-01 8.877487182617187500e-01 8.739818334579467773e-01 8.532922267913818359e-01 8.316295146942138672e-01 8.102202415466308594e-01 7.999984025955200195e-01 8.121744394302368164e-01 8.070091009140014648e-01 8.157656192779541016e-01 0.000000000000000000e+00 0.000000000000000000e+00 0.000000000000000000e+00 0.000000000000000000e+00 0.000000000000000000e+00 0.000000000000000000e+00
9.870440959930419922e-01 nan 1.053463697433471680e+00 1.022515773773193359e+00 9.920340776443481445e-01 9.456732273101806641e-01 9.175789356231689453e-01 9.035946130752563477e-01 8.888015747070312500e-01 8.667238950729370117e-01 8.449043035507202148e-01 8.233397006988525391e-01 8.020273447036743164e-01 7.956956624984741211e-01 7.893537282943725586e-01 7.943811416625976562e-01 0.000000000000000000e+00 0.000000000000000000e+00 0.000000000000000000e+00 0.000000000000000000e+00 0.000000000000000000e+00 0.000000000000000000e+00
9.318920373916625977e-01 1.030234098434448242e+00 nan 1.093943119049072266e+00 1.058145999908447266e+00 1.009267330169677734e+00 9.590191841125488281e-01 9.195733070373535156e-01 9.024904966354370117e-01 8.802528381347656250e-01 8.582750558853149414e-01 8.365541696548461914e-01 8.150871992111206055e-01 7.876136302947998047e-01 7.682802677154541016e-01 7.732484340667724609e-01 0.000000000000000000e+00 0.000000000000000000e+00 0.000000000000000000e+00 0.000000000000000000e+00 0.000000000000000000e+00 0.000000000000000000e+00
8.784708976745605469e-01 9.741631746292114258e-01 1.074729919433593750e+00 nan 1.125787496566772461e+00 1.074512004852294922e+00 1.022631883621215820e+00 9.720492362976074219e-01 9.174373149871826172e-01 8.938800096511840820e-01 8.717429637908935547e-01 8.498647212982177734e-01 8.266090154647827148e-01 7.905250787734985352e-01 7.564655542373657227e-01 7.523646354675292969e-01 0.000000000000000000e+00 0.000000000000000000e+00 0.000000000000000000e+00 0.000000000000000000e+00 0.000000000000000000e+00 0.000000000000000000e+00
8.301091194152832031e-01 9.207642078399658203e-01 1.018478631973266602e+00 1.121164083480834961e+00 nan 1.142566680908203125e+00 1.088847875595092773e+00 1.036475896835327148e+00 9.773371219635009766e-01 9.194062948226928711e-01 8.853083848953247070e-01 8.632714748382568359e-01 8.274306058883666992e-01 7.974507808685302734e-01 7.645490169525146484e-01 7.372099161148071289e-01 0.000000000000000000e+00 0.000000000000000000e+00 0.000000000000000000e+00 0.000000000000000000e+00 0.000000000000000000e+00 0.000000000000000000e+00
7.865121364593505859e-01 8.715844154357910156e-01 9.669164419174194336e-01 1.065959930419921875e+00 1.152307987213134766e+00 nan 1.161273717880249023e+00 1.098779916763305664e+00 1.037290811538696289e+00 9.776034355163574219e-01 9.196645021438598633e-01 8.643021583557128906e-01 8.316978216171264648e-01 8.007174730300903320e-01 7.691717147827148438e-01 7.418817281723022461e-01 0.000000000000000000e+00 0.000000000000000000e+00 0.000000000000000000e+00 0.000000000000000000e+00 0.000000000000000000e+00 0.000000000000000000e+00
7.679708003997802734e-01 8.171384334564208984e-01 9.126962423324584961e-01 1.006374597549438477e+00 1.088338136672973633e+00 1.164820909500122070e+00 nan 1.165897130966186523e+00 1.099062442779541016e+00 1.037565231323242188e+00 9.601659774780273438e-01 8.794147968292236328e-01 8.357304334640502930e-01 8.036055564880371094e-01 7.733052968978881836e-01 7.459516525268554688e-01 0.000000000000000000e+00 0.000000000000000000e+00 0.000000000000000000e+00 0.000000000000000000e+00 0.000000000000000000e+00 0.000000000000000000e+00
7.533234357833862305e-01 8.008455038070678711e-01 8.570543527603149414e-01 9.424755573272705078e-01 1.019176721572875977e+00 1.092761754989624023e+00 1.183233261108398438e+00 nan 1.178655385971069336e+00 1.093985319137573242e+00 1.005817413330078125e+00 9.219638109207153320e-01 8.537697792053222656e-01 8.085819482803344727e-01 7.768551111221313477e-01 7.500309944152832031e-01 0.000000000000000000e+00 0.000000000000000000e+00 0.000000000000000000e+00 0.000000000000000000e+00 0.000000000000000000e+00 0.000000000000000000e+00
7.385033369064331055e-01 7.914141416549682617e-01 8.377820253372192383e-01 8.823112249374389648e-01 9.523059129714965820e-01 1.023453950881958008e+00 1.100450038909912109e+00 1.201802253723144531e+00 nan 1.163537979125976562e+00 1.072441339492797852e+00 9.895429611206054688e-01 9.178068637847900391e-01 8.443654775619506836e-01 8.030582666397094727e-01 7.707464694976806641e-01 0.000000000000000000e+00 0.000000000000000000e+00 0.000000000000000000e+00 0.000000000000000000e+00 0.000000000000000000e+00 0.000000000000000000e+00
7.231054306030273438e-01 7.795623540878295898e-01 8.228578567504882812e-01 8.612121343612670898e-01 8.876492977142333984e-01 9.564411640167236328e-01 1.027740001678466797e+00 1.111614227294921875e+00 1.194489717483520508e+00 nan 1.141278028488159180e+00 1.059498310089111328e+00 9.840561151504516602e-01 9.080778360366821289e-01 8.344849348068237305e-01 7.983686923980712891e-01 0.000000000000000000e+00 0.000000000000000000e+00 0.000000000000000000e+00 0.000000000000000000e+00 0.000000000000000000e+00 0.000000000000000000e+00
7.052015066146850586e-01 7.645204067230224609e-01 8.099271059036254883e-01 8.379738330841064453e-01 8.583633899688720703e-01 8.916478157043457031e-01 9.546316862106323242e-01 1.016191244125366211e+00 1.095321416854858398e+00 1.177468776702880859e+00 nan 1.131913423538208008e+00 1.052593946456909180e+00 9.739910364151000977e-01 8.978232145309448242e-01 8.264216184616088867e-01 0.000000000000000000e+00 0.000000000000000000e+00 0.000000000000000000e+00 0.000000000000000000e+00 0.000000000000000000e+00 0.000000000000000000e+00
7.195299863815307617e-01 7.496054172515869141e-01 7.953103780746459961e-01 8.214600086212158203e-01 8.385519981384277344e-01 8.500045537948608398e-01 8.689295053482055664e-01 9.259529113769531250e-01 1.003071546554565430e+00 1.083277940750122070e+00 1.166696310043334961e+00 nan 1.123499393463134766e+00 1.042181015014648438e+00 9.633481502532958984e-01 8.841453790664672852e-01 0.000000000000000000e+00 0.000000000000000000e+00 0.000000000000000000e+00 0.000000000000000000e+00 0.000000000000000000e+00 0.000000000000000000e+00
7.338395118713378906e-01 7.522909641265869141e-01 7.759175300598144531e-01 7.989362478256225586e-01 8.109865188598632812e-01 8.161184787750244141e-01 8.212649822235107422e-01 8.467850685119628906e-01 9.207339286804199219e-01 9.976434707641601562e-01 1.077632904052734375e+00 1.175535440444946289e+00 nan 1.112726688385009766e+00 1.031135559082031250e+00 9.492962360382080078e-01 0.000000000000000000e+00 0.000000000000000000e+00 0.000000000000000000e+00 0.000000000000000000e+00 0.000000000000000000e+00 0.000000000000000000e+00
7.475244998931884766e-01 7.660055160522460938e-01 7.617994546890258789e-01 7.654687166213989258e-01 7.752431631088256836e-01 7.828530073165893555e-01 7.879052162170410156e-01 7.972699403762817383e-01 8.417807817459106445e-01 9.155290126800537109e-01 9.922302961349487305e-01 1.072002649307250977e+00 1.183163404464721680e+00 nan 1.101263284683227539e+00 1.016700029373168945e+00 0.000000000000000000e+00 0.000000000000000000e+00 0.000000000000000000e+00 0.000000000000000000e+00 0.000000000000000000e+00 0.000000000000000000e+00
7.613176107406616211e-01 7.704888582229614258e-01 7.633466720581054688e-01 7.430539131164550781e-01 7.312023639678955078e-01 7.394448518753051758e-01 7.477269172668457031e-01 7.572367191314697266e-01 7.923506498336791992e-01 8.367898464202880859e-01 9.103384017944335938e-01 9.868316650390625000e-01 1.073557376861572266e+00 1.189066171646118164e+00 nan 1.086434602737426758e+00 0.000000000000000000e+00 0.000000000000000000e+00 0.000000000000000000e+00 0.000000000000000000e+00 0.000000000000000000e+00 0.000000000000000000e+00
7.750267982482910156e-01 7.723668813705444336e-01 7.574030160903930664e-01 7.345043420791625977e-01 7.119040489196777344e-01 6.962922811508178711e-01 7.043687105178833008e-01 7.124835252761840820e-01 7.448858022689819336e-01 7.797529697418212891e-01 8.259669542312622070e-01 9.027320146560668945e-01 9.814476966857910156e-01 1.086007595062255859e+00 1.189152956008911133e+00 nan 0.000000000000000000e+00 0.000000000000000000e+00 0.000000000000000000e+00 0.000000000000000000e+00 0.000000000000000000e+00 0.000000000000000000e+00
7.564290761947631836e-01 7.534501552581787109e-01 7.403287887573242188e-01 7.242920398712158203e-01 7.035074234008789062e-01 6.813110113143920898e-01 6.620861291885375977e-01 6.699997186660766602e-01 6.986777782440185547e-01 7.326215505599975586e-01 7.672436237335205078e-01 8.124538660049438477e-01 8.886507749557495117e-01 9.683310985565185547e-01 1.087965488433837891e+00 1.164520978927612305e+00 nan 0.000000000000000000e+00 0.000000000000000000e+00 0.000000000000000000e+00 0.000000000000000000e+00 0.000000000000000000e+00
6.021076440811157227e-01 7.143380641937255859e-01 7.006130218505859375e-01 6.856050491333007812e-01 6.697970628738403320e-01 6.541374921798706055e-01 6.386245489120483398e-01 6.232572793960571289e-01 6.533219814300537109e-01 6.867384910583496094e-01 7.204436063766479492e-01 7.548222541809082031e-01 7.990409135818481445e-01 8.746737241744995117e-01 9.648914337158203125e-01 1.062680244445800781e+00 0.000000000000000000e+00 nan 0.000000000000000000e+00 0.000000000000000000e+00 0.000000000000000000e+00 0.000000000000000000e+00
5.514963865280151367e-01 5.513987541198730469e-01 6.350104808807373047e-01 6.477860212326049805e-01 6.323326826095581055e-01 6.170245409011840820e-01 6.018596887588500977e-01 5.868370532989501953e-01 5.904672145843505859e-01 6.243759393692016602e-01 6.614512205123901367e-01 6.993727684020996094e-01 7.381597757339477539e-01 7.857270240783691406e-01 8.597394227981567383e-01 9.410966634750366211e-01 0.000000000000000000e+00 0.000000000000000000e+00 nan 0.000000000000000000e+00 0.000000000000000000e+00 0.000000000000000000e+00
5.294266939163208008e-01 5.287083387374877930e-01 5.256414413452148438e-01 5.549318790435791016e-01 5.957090854644775391e-01 5.807441473007202148e-01 5.659196376800537109e-01 5.512341260910034180e-01 5.564953088760375977e-01 5.643403530120849609e-01 5.959367752075195312e-01 6.323629617691040039e-01 6.696203947067260742e-01 7.077285051345825195e-01 7.474188804626464844e-01 8.205976486206054688e-01 0.000000000000000000e+00 0.000000000000000000e+00 0.000000000000000000e+00 nan 0.000000000000000000e+00 0.000000000000000000e+00
5.058439970016479492e-01 5.063499212265014648e-01 5.037894248962402344e-01 4.997371435165405273e-01 4.984321594238281250e-01 5.452778339385986328e-01 5.307859182357788086e-01 5.164299011230468750e-01 5.232491493225097656e-01 5.309265851974487305e-01 5.386426448822021484e-01 5.679954290390014648e-01 6.037839651107788086e-01 6.403890848159790039e-01 6.785402297973632812e-01 7.197126150131225586e-01 0.000000000000000000e+00 0.000000000000000000e+00 0.000000000000000000e+00 0.000000000000000000e+00 nan 0.000000000000000000e+00
4.758658409118652344e-01 4.823969602584838867e-01 4.818755388259887695e-01 4.780611991882324219e-01 4.758081436157226562e-01 4.757208824157714844e-01 4.964405298233032227e-01 4.832373857498168945e-01 4.907131195068359375e-01 4.982265233993530273e-01 5.057778358459472656e-01 5.133671760559082031e-01 5.405433177947998047e-01 5.757052898406982422e-01 6.123766899108886719e-01 6.519260406494140625e-01 0.000000000000000000e+00 0.000000000000000000e+00 0.000000000000000000e+00 0.000000000000000000e+00 0.000000000000000000e+00 nan
