nan 1.066749095916748047e+00 1.022258758544921875e+00 9.751622676849365234e-01 9.435886144638061523e-01 9.231131076812744141e-01 8.908727169036865234e-01 8.604576587677001953e-01 8.499220609664916992e-01 8.759059906005859375e-01 8.442468643188476562e-01 8.047273159027099609e-01 7.791532278060913086e-01 7.220416069030761719e-01 6.667635440826416016e-01 6.132599115371704102e-01
1.052129745483398438e+00 nan 1.127863168716430664e+00 1.071204185485839844e+00 9.982930421829223633e-01 9.439384937286376953e-01 9.127794504165649414e-01 9.019472599029541016e-01 8.911765813827514648e-01 8.671712875366210938e-01 8.014063835144042969e-01 7.742922306060791016e-01 7.563463449478149414e-01 6.999671459197998047e-01 6.453975439071655273e-01 5.925797224044799805e-01
9.722900390625000000e-01 1.119410037994384766e+00 nan 1.171915769577026367e+00 1.094306707382202148e+00 1.012439250946044922e+00 9.554357528686523438e-01 9.443621635437011719e-01 9.330191612243652344e-01 8.638118505477905273e-01 7.707368135452270508e-01 7.443702220916748047e-01 7.338318824768066406e-01 6.781753301620483398e-01 6.243053674697875977e-01 5.721645355224609375e-01
8.985244035720825195e-01 1.039948701858520508e+00 1.191198110580444336e+00 nan 1.194183588027954102e+00 1.120894670486450195e+00 1.055409193038940430e+00 9.919462203979492188e-01 9.275692701339721680e-01 8.565795421600341797e-01 7.728381156921386719e-01 7.144057750701904297e-01 7.120441198348999023e-01 6.569932699203491211e-01 6.037126779556274414e-01 5.521454811096191406e-01
8.202439546585083008e-01 9.602717161178588867e-01 1.103570699691772461e+00 1.224161386489868164e+00 nan 1.232822895050048828e+00 1.151726722717285156e+00 1.040819406509399414e+00 9.144623279571533203e-01 8.398647308349609375e-01 7.642391920089721680e-01 7.097138166427612305e-01 6.892772912979125977e-01 6.383751630783081055e-01 5.854775905609130859e-01 5.342878103256225586e-01
7.814906835556030273e-01 8.791337013244628906e-01 1.008234977722167969e+00 1.118531465530395508e+00 1.265135288238525391e+00 nan 1.250426769256591797e+00 1.112221956253051758e+00 9.766790866851806641e-01 8.461585044860839844e-01 7.707595825195312500e-01 7.240815162658691406e-01 6.788845062255859375e-01 6.193617582321166992e-01 5.670781135559082031e-01 5.164823532104492188e-01
7.515199184417724609e-01 8.485655784606933594e-01 9.168062210083007812e-01 1.018582820892333984e+00 1.147985696792602539e+00 1.298061370849609375e+00 nan 1.193762779235839844e+00 1.051219463348388672e+00 9.169087409973144531e-01 8.105261325836181641e-01 7.630629539489746094e-01 7.168439626693725586e-01 6.386048793792724609e-01 5.670083761215209961e-01 5.101947784423828125e-01
7.195644378662109375e-01 8.234165906906127930e-01 8.767281770706176758e-01 9.227350950241088867e-01 1.020411252975463867e+00 1.130513429641723633e+00 1.247976779937744141e+00 nan 1.136675596237182617e+00 1.004928827285766602e+00 8.908485174179077148e-01 8.029258251190185547e-01 7.556617259979248047e-01 6.879551410675048828e-01 5.841106176376342773e-01 5.212813615798950195e-01
7.209626436233520508e-01 7.842981815338134766e-01 8.365147113800048828e-01 8.564310073852539062e-01 8.776768445968627930e-01 9.774127006530761719e-01 1.089545965194702148e+00 1.208038091659545898e+00 nan 1.105732440948486328e+00 9.860112667083740234e-01 8.707183599472045898e-01 7.953572273254394531e-01 7.387911081314086914e-01 6.318194866180419922e-01 5.324492454528808594e-01
7.414791584014892578e-01 7.530164718627929688e-01 7.740702629089355469e-01 7.835127115249633789e-01 7.909432649612426758e-01 8.398895263671875000e-01 9.472452402114868164e-01 1.060865163803100586e+00 1.201512813568115234e+00 nan 1.085963487625122070e+00 9.648681879043579102e-01 8.508026599884033203e-01 7.878204584121704102e-01 6.809650659561157227e-01 5.775508880615234375e-01
7.613682746887207031e-01 7.555131912231445312e-01 7.228802442550659180e-01 7.151223421096801758e-01 7.269301414489746094e-01 7.621926069259643555e-01 8.274111747741699219e-01 9.394104480743408203e-01 1.052803516387939453e+00 1.220631361007690430e+00 nan 1.063756227493286133e+00 9.439499378204345703e-01 8.310989141464233398e-01 7.315907478332519531e-01 6.250619888305664062e-01
7.382929325103759766e-01 7.255882024765014648e-01 7.031534910202026367e-01 6.785840988159179688e-01 6.653896570205688477e-01 6.951843500137329102e-01 7.443299293518066406e-01 8.079091310501098633e-01 9.187129735946655273e-01 1.045515060424804688e+00 1.205210447311401367e+00 nan 1.041785240173339844e+00 9.232546091079711914e-01 7.837411165237426758e-01 6.740040779113769531e-01
5.575968027114868164e-01 6.689965724945068359e-01 6.482337713241577148e-01 6.259529590606689453e-01 6.039732694625854492e-01 6.135102510452270508e-01 6.669738292694091797e-01 7.222089767456054688e-01 7.886151075363159180e-01 8.982365131378173828e-01 1.019941568374633789e+00 1.193976879119873047e+00 nan 1.019141912460327148e+00 8.715989589691162109e-01 7.134985923767089844e-01
5.256944894790649414e-01 5.231927633285522461e-01 5.738579034805297852e-01 5.735225677490234375e-01 5.522516965866088867e-01 5.500861406326293945e-01 5.728654861450195312e-01 6.249822378158569336e-01 6.788260936737060547e-01 7.344539165496826172e-01 8.452585935592651367e-01 9.726797342300415039e-01 1.170401811599731445e+00 nan 9.654531478881835938e-01 7.782688140869140625e-01
4.910547733306884766e-01 4.915080070495605469e-01 4.859770536422729492e-01 4.849369525909423828e-01 5.021978616714477539e-01 5.024895668029785156e-01 5.134402513504028320e-01 5.332444906234741211e-01 5.840485095977783203e-01 6.365360021591186523e-01 6.938846111297607422e-01 7.846922874450683594e-01 9.103910923004150391e-01 1.049113512039184570e+00 nan 8.708705902099609375e-01
4.445080757141113281e-01 4.537506103515625000e-01 4.515801668167114258e-01 4.491927623748779297e-01 4.492989778518676758e-01 4.533615112304687500e-01 4.642097949981689453e-01 4.751391410827636719e-01 4.861499071121215820e-01 5.246797800064086914e-01 5.807188749313354492e-01 6.433458328247070312e-01 7.112228870391845703e-01 8.247222900390625000e-01 9.390946626663208008e-01 nan
