nan 1.162509202957153320e+00 1.084690809249877930e+00 1.053518295288085938e+00 1.022811889648437500e+00 9.806025028228759766e-01 9.608299732208251953e-01 9.463944435119628906e-01 9.279417991638183594e-01 9.203765392303466797e-01 9.128410816192626953e-01 9.053349494934082031e-01 8.986270427703857422e-01 9.188488721847534180e-01 9.022725820541381836e-01 8.784660100936889648e-01 0.000000000000000000e+00 0.000000000000000000e+00 0.000000000000000000e+00 0.000000000000000000e+00 0.000000000000000000e+00 0.000000000000000000e+00
1.105948686599731445e+00 nan 1.191845893859863281e+00 1.127175807952880859e+00 1.095367908477783203e+00 1.046787500381469727e+00 9.961221218109130859e-01 9.653179645538330078e-01 9.576061964035034180e-01 9.499244689941406250e-01 9.422729015350341797e-01 9.346517324447631836e-01 9.270600080490112305e-01 9.146915674209594727e-01 8.948750495910644531e-01 8.481476306915283203e-01 0.000000000000000000e+00 0.000000000000000000e+00 0.000000000000000000e+00 0.000000000000000000e+00 0.000000000000000000e+00 0.000000000000000000e+00
1.020156621932983398e+00 1.142349958419799805e+00 nan 1.221580028533935547e+00 1.166002035140991211e+00 1.114677190780639648e+00 1.066702127456665039e+00 1.024872541427612305e+00 9.877269268035888672e-01 9.799271821975708008e-01 9.721578359603881836e-01 9.644192457199096680e-01 9.555194377899169922e-01 9.362027645111083984e-01 8.642921447753906250e-01 8.183187246322631836e-01 0.000000000000000000e+00 0.000000000000000000e+00 0.000000000000000000e+00 0.000000000000000000e+00 0.000000000000000000e+00 0.000000000000000000e+00
9.654128551483154297e-01 1.065781593322753906e+00 1.179379701614379883e+00 nan 1.242685317993164062e+00 1.189536094665527344e+00 1.151695966720581055e+00 1.105166196823120117e+00 1.059494972229003906e+00 1.014814615249633789e+00 1.002502918243408203e+00 9.946449995040893555e-01 9.803657531738281250e-01 9.334878921508789062e-01 8.549684286117553711e-01 7.969795465469360352e-01 0.000000000000000000e+00 0.000000000000000000e+00 0.000000000000000000e+00 0.000000000000000000e+00 0.000000000000000000e+00 0.000000000000000000e+00
9.127415418624877930e-01 1.011236190795898438e+00 1.113806486129760742e+00 1.218498468399047852e+00 nan 1.284846544265747070e+00 1.234267234802246094e+00 1.186278104782104492e+00 1.139319658279418945e+00 1.093369960784912109e+00 1.048406839370727539e+00 1.025085687637329102e+00 9.814546108245849609e-01 9.303672313690185547e-01 8.556462526321411133e-01 7.934042215347290039e-01 0.000000000000000000e+00 0.000000000000000000e+00 0.000000000000000000e+00 0.000000000000000000e+00 0.000000000000000000e+00 0.000000000000000000e+00
8.575756549835205078e-01 9.553729295730590820e-01 1.058318853378295898e+00 1.164881467819213867e+00 1.256111383438110352e+00 nan 1.333853483200073242e+00 1.262628316879272461e+00 1.208232402801513672e+00 1.160802602767944336e+00 1.114391088485717773e+00 1.039415121078491211e+00 9.691175222396850586e-01 9.186223745346069336e-01 8.482769727706909180e-01 7.888289690017700195e-01 0.000000000000000000e+00 0.000000000000000000e+00 0.000000000000000000e+00 0.000000000000000000e+00 0.000000000000000000e+00 0.000000000000000000e+00
8.017945289611816406e-01 8.989775180816650391e-01 9.989542961120605469e-01 1.096904277801513672e+00 1.191379785537719727e+00 1.305547237396240234e+00 nan 1.377946853637695312e+00 1.298298120498657227e+00 1.238454103469848633e+00 1.161028385162353516e+00 1.064999818801879883e+00 9.713941812515258789e-01 9.066473245620727539e-01 8.403824567794799805e-01 7.828176021575927734e-01 0.000000000000000000e+00 0.000000000000000000e+00 0.000000000000000000e+00 0.000000000000000000e+00 0.000000000000000000e+00 0.000000000000000000e+00
7.793642282485961914e-01 8.459088802337646484e-01 9.413018226623535156e-01 1.030643463134765625e+00 1.125634193420410156e+00 1.228312253952026367e+00 1.356283664703369141e+00 nan 1.422873258590698242e+00 1.318918466567993164e+00 1.219404458999633789e+00 1.119143724441528320e+00 1.021132946014404297e+00 9.276548624038696289e-01 8.503768444061279297e-01 7.890115976333618164e-01 0.000000000000000000e+00 0.000000000000000000e+00 0.000000000000000000e+00 0.000000000000000000e+00 0.000000000000000000e+00 0.000000000000000000e+00
7.585861682891845703e-01 8.303346633911132812e-01 8.902661800384521484e-01 9.692591428756713867e-01 1.059599637985229492e+00 1.151460886001586914e+00 1.269560575485229492e+00 1.410913705825805664e+00 nan 1.408460378646850586e+00 1.279356479644775391e+00 1.175065040588378906e+00 1.074467658996582031e+00 9.785228967666625977e-01 8.718127012252807617e-01 8.062596321105957031e-01 0.000000000000000000e+00 0.000000000000000000e+00 0.000000000000000000e+00 0.000000000000000000e+00 0.000000000000000000e+00 0.000000000000000000e+00
7.373424768447875977e-01 8.096469640731811523e-01 8.716263771057128906e-01 9.208245277404785156e-01 9.956166744232177734e-01 1.084624290466308594e+00 1.187980413436889648e+00 1.305814504623413086e+00 1.412344932556152344e+00 nan 1.365295648574829102e+00 1.232132196426391602e+00 1.128694534301757812e+00 1.030050516128540039e+00 9.228656291961669922e-01 8.230657577514648438e-01 0.000000000000000000e+00 0.000000000000000000e+00 0.000000000000000000e+00 0.000000000000000000e+00 0.000000000000000000e+00 0.000000000000000000e+00
7.096611261367797852e-01 7.885150909423828125e-01 8.510829210281372070e-01 8.982243537902832031e-01 9.360736608505249023e-01 1.019858598709106445e+00 1.106201410293579102e+00 1.185300350189208984e+00 1.267813205718994141e+00 1.374340057373046875e+00 nan 1.313774824142456055e+00 1.183950901031494141e+00 1.082746267318725586e+00 9.765044450759887695e-01 8.711160421371459961e-01 0.000000000000000000e+00 0.000000000000000000e+00 0.000000000000000000e+00 0.000000000000000000e+00 0.000000000000000000e+00 0.000000000000000000e+00
7.061575651168823242e-01 7.675921916961669922e-01 8.259230852127075195e-01 8.750755786895751953e-01 9.090214967727661133e-01 9.473365545272827148e-01 9.943751096725463867e-01 1.065722703933715820e+00 1.143720626831054688e+00 1.224663972854614258e+00 1.332199335098266602e+00 nan 1.263375520706176758e+00 1.136809587478637695e+00 1.032174825668334961e+00 9.350827932357788086e-01 0.000000000000000000e+00 0.000000000000000000e+00 0.000000000000000000e+00 0.000000000000000000e+00 0.000000000000000000e+00 0.000000000000000000e+00
7.202286720275878906e-01 7.514059543609619141e-01 7.981193065643310547e-01 8.404791355133056641e-01 8.739465475082397461e-01 8.817962408065795898e-01 8.884861469268798828e-01 9.526889324188232422e-01 1.026419162750244141e+00 1.102932929992675781e+00 1.182336091995239258e+00 1.300429582595825195e+00 nan 1.214073657989501953e+00 1.088769435882568359e+00 1.001994848251342773e+00 0.000000000000000000e+00 0.000000000000000000e+00 0.000000000000000000e+00 0.000000000000000000e+00 0.000000000000000000e+00 0.000000000000000000e+00
7.421964406967163086e-01 7.547644376754760742e-01 7.647390365600585938e-01 7.991840839385986328e-01 8.154745101928710938e-01 8.201133012771606445e-01 8.222525119781494141e-01 8.458399772644042969e-01 9.155359268188476562e-01 9.878629446029663086e-01 1.062921285629272461e+00 1.140813589096069336e+00 1.279344320297241211e+00 nan 1.174438238143920898e+00 1.071220874786376953e+00 0.000000000000000000e+00 0.000000000000000000e+00 0.000000000000000000e+00 0.000000000000000000e+00 0.000000000000000000e+00 0.000000000000000000e+00
7.674756050109863281e-01 7.620701789855957031e-01 7.601032257080078125e-01 7.484687566757202148e-01 7.453013658523559570e-01 7.497608661651611328e-01 7.542314529418945312e-01 7.727853059768676758e-01 8.094719648361206055e-01 8.824800252914428711e-01 9.578113555908203125e-01 1.036205530166625977e+00 1.119583606719970703e+00 1.282454013824462891e+00 nan 1.152563810348510742e+00 0.000000000000000000e+00 0.000000000000000000e+00 0.000000000000000000e+00 0.000000000000000000e+00 0.000000000000000000e+00 0.000000000000000000e+00
7.897588014602661133e-01 7.751353979110717773e-01 7.458610534667968750e-01 7.211786508560180664e-01 6.977405548095703125e-01 6.944264173507690430e-01 7.024940252304077148e-01 7.213273048400878906e-01 7.557237148284912109e-01 7.940219640731811523e-01 8.694441318511962891e-01 9.480367898941040039e-01 1.029933452606201172e+00 1.132310390472412109e+00 1.278723239898681641e+00 nan 0.000000000000000000e+00 0.000000000000000000e+00 0.000000000000000000e+00 0.000000000000000000e+00 0.000000000000000000e+00 0.000000000000000000e+00
7.508682012557983398e-01 7.402046918869018555e-01 7.202942371368408203e-01 7.043749094009399414e-01 6.883909702301025391e-01 6.674007177352905273e-01 6.602579355239868164e-01 6.757432222366333008e-01 7.092287540435791016e-01 7.433832883834838867e-01 7.807453870773315430e-01 8.556091785430908203e-01 9.336202144622802734e-01 1.014911174774169922e+00 1.123708486557006836e+00 1.264363050460815430e+00 nan 0.000000000000000000e+00 0.000000000000000000e+00 0.000000000000000000e+00 0.000000000000000000e+00 0.000000000000000000e+00
6.053830385208129883e-01 6.945470571517944336e-01 6.810356378555297852e-01 6.661348342895507812e-01 6.505094766616821289e-01 6.350306272506713867e-01 6.196969747543334961e-01 6.224168539047241211e-01 6.594474315643310547e-01 6.972150802612304688e-01 7.311296463012695312e-01 7.675669193267822266e-01 8.418767452239990234e-01 9.193105697631835938e-01 9.985275268554687500e-01 1.106143951416015625e+00 0.000000000000000000e+00 nan 0.000000000000000000e+00 0.000000000000000000e+00 0.000000000000000000e+00 0.000000000000000000e+00
5.446002483367919922e-01 5.443953275680541992e-01 6.305023431777954102e-01 6.287525892257690430e-01 6.134779453277587891e-01 5.983463525772094727e-01 5.833567380905151367e-01 5.764880180358886719e-01 5.940120220184326172e-01 6.303942203521728516e-01 6.676069498062133789e-01 7.056688070297241211e-01 7.445996999740600586e-01 8.221703767776489258e-01 9.026515483856201172e-01 9.802718162536621094e-01 0.000000000000000000e+00 0.000000000000000000e+00 nan 0.000000000000000000e+00 0.000000000000000000e+00 0.000000000000000000e+00
5.226286649703979492e-01 5.218073129653930664e-01 5.188275575637817383e-01 5.506027936935424805e-01 5.772771835327148438e-01 5.624852180480957031e-01 5.478318929672241211e-01 5.428147315979003906e-01 5.505908727645874023e-01 5.661044120788574219e-01 6.018496751785278320e-01 6.384109258651733398e-01 6.758064031600952148e-01 7.140555381774902344e-01 7.775344848632812500e-01 8.570643663406372070e-01 0.000000000000000000e+00 0.000000000000000000e+00 0.000000000000000000e+00 nan 0.000000000000000000e+00 0.000000000000000000e+00
4.994229078292846680e-01 4.995497465133666992e-01 4.970730543136596680e-01 4.930390119552612305e-01 4.918558597564697266e-01 5.274285078048706055e-01 5.131039619445800781e-01 5.098608732223510742e-01 5.174708366394042969e-01 5.251190662384033203e-01 5.386854410171508789e-01 5.738048553466796875e-01 6.097258329391479492e-01 6.464667320251464844e-01 6.855936050415039062e-01 7.326714992523193359e-01 0.000000000000000000e+00 0.000000000000000000e+00 0.000000000000000000e+00 0.000000000000000000e+00 nan 0.000000000000000000e+00
4.689742326736450195e-01 4.754749536514282227e-01 4.747595787048339844e-01 4.709633588790893555e-01 4.688354730606079102e-01 4.689099788665771484e-01 4.778789281845092773e-01 4.776108264923095703e-01 4.850581884384155273e-01 4.925431013107299805e-01 5.000656843185424805e-01 5.117465257644653320e-01 5.462510585784912109e-01 5.815432071685791016e-01 6.191519498825073242e-01 6.588675975799560547e-01 0.000000000000000000e+00 0.000000000000000000e+00 0.000000000000000000e+00 0.000000000000000000e+00 0.000000000000000000e+00 nan
