nan 1.125146627426147461e+00 1.076012372970581055e+00 1.020657062530517578e+00 9.643527269363403320e-01 9.337642192840576172e-01 9.044947624206542969e-01 8.937095403671264648e-01 8.829855918884277344e-01 8.805131912231445312e-01 8.565599918365478516e-01 8.175308704376220703e-01 7.773939371109008789e-01 7.201050519943237305e-01 6.646625995635986328e-01 6.110072135925292969e-01
1.043649911880493164e+00 nan 1.184423923492431641e+00 1.118911027908325195e+00 1.042124032974243164e+00 9.597036838531494141e-01 9.469664096832275391e-01 9.357997179031372070e-01 9.240107536315917969e-01 8.869502544403076172e-01 8.152799606323242188e-01 7.867387533187866211e-01 7.535469532012939453e-01 6.970263719558715820e-01 6.423280239105224609e-01 5.893924236297607422e-01
9.617804288864135742e-01 1.110652208328247070e+00 nan 1.221095323562622070e+00 1.138987064361572266e+00 1.071943283081054688e+00 1.007001161575317383e+00 9.775913953781127930e-01 9.580888748168945312e-01 8.944787979125976562e-01 7.902721166610717773e-01 7.564682960510253906e-01 7.300196886062622070e-01 6.742577552795410156e-01 6.202930212020874023e-01 5.680677890777587891e-01
8.807797431945800781e-01 1.025295495986938477e+00 1.170013189315795898e+00 nan 1.254193782806396484e+00 1.175925016403198242e+00 1.108396768569946289e+00 1.042963743209838867e+00 9.588656425476074219e-01 8.864353895187377930e-01 7.918620109558105469e-01 7.185113430023193359e-01 7.080891132354736328e-01 6.529406309127807617e-01 5.995727777481079102e-01 5.479278564453125000e-01
8.075367212295532227e-01 9.407455921173095703e-01 1.073812484741210938e+00 1.192211866378784180e+00 nan 1.303945064544677734e+00 1.217484951019287109e+00 1.105965614318847656e+00 9.669576883316040039e-01 8.681809902191162109e-01 7.818381786346435547e-01 7.129021883010864258e-01 6.818894147872924805e-01 6.337581872940063477e-01 5.810097455978393555e-01 5.299640893936157227e-01
7.775881290435791016e-01 8.698312044143676758e-01 9.790906906127929688e-01 1.088576078414916992e+00 1.248809337615966797e+00 nan 1.335811138153076172e+00 1.185380935668945312e+00 1.040620088577270508e+00 9.054478406906127930e-01 7.958906888961791992e-01 7.348400354385375977e-01 6.893610954284667969e-01 6.166313886642456055e-01 5.626620054244995117e-01 5.122089385986328125e-01
7.471781969070434570e-01 8.449712991714477539e-01 9.023555517196655273e-01 9.940544366836547852e-01 1.131658315658569336e+00 1.291742801666259766e+00 nan 1.268233537673950195e+00 1.117571592330932617e+00 9.773024320602416992e-01 8.309470415115356445e-01 7.740646600723266602e-01 7.275573015213012695e-01 6.514060497283935547e-01 5.694563388824462891e-01 5.125539302825927734e-01
7.142461538314819336e-01 8.104857206344604492e-01 8.640024662017822266e-01 9.025298357009887695e-01 1.008303642272949219e+00 1.112833261489868164e+00 1.229025840759277344e+00 nan 1.197424650192260742e+00 1.053356409072875977e+00 9.230951070785522461e-01 8.141762018203735352e-01 7.666172981262207031e-01 7.011413574218750000e-01 5.964858531951904297e-01 5.236577987670898438e-01
7.321313619613647461e-01 7.696111202239990234e-01 8.122570514678955078e-01 8.522449731826782227e-01 8.561201095581054688e-01 9.478899240493774414e-01 1.055012464523315430e+00 1.168025493621826172e+00 nan 1.143105983734130859e+00 1.019880771636962891e+00 9.026216268539428711e-01 8.065603971481323242e-01 7.523746490478515625e-01 6.445672512054443359e-01 5.433924198150634766e-01
7.531940937042236328e-01 7.497714757919311523e-01 7.497274875640869141e-01 7.627283334732055664e-01 7.721103429794311523e-01 8.035957813262939453e-01 9.088338613510131836e-01 1.020212411880493164e+00 1.151497125625610352e+00 nan 1.121537685394287109e+00 9.983770847320556641e-01 8.823661804199218750e-01 7.989766597747802734e-01 6.940968036651611328e-01 5.898747444152832031e-01
7.671456336975097656e-01 7.522205114364624023e-01 7.237123250961303711e-01 6.959196329116821289e-01 7.075951099395751953e-01 7.392011880874633789e-01 7.896229028701782227e-01 8.985111713409423828e-01 1.012309551239013672e+00 1.170181512832641602e+00 nan 1.098951816558837891e+00 9.771020412445068359e-01 8.623265027999877930e-01 7.451180219650268555e-01 6.377570629119873047e-01
7.321923971176147461e-01 7.225853204727172852e-01 7.003629207611083984e-01 6.773774623870849609e-01 6.478790044784545898e-01 6.730672121047973633e-01 7.215715646743774414e-01 7.714821100234985352e-01 8.782503604888916016e-01 9.962651729583740234e-01 1.147823333740234375e+00 nan 1.076605796813964844e+00 9.560538530349731445e-01 8.080493211746215820e-01 6.870814561843872070e-01
5.554305315017700195e-01 6.616761684417724609e-01 6.455330848693847656e-01 6.232887506484985352e-01 6.013451814651489258e-01 5.941181182861328125e-01 6.425956487655639648e-01 6.970230340957641602e-01 7.532539367675781250e-01 8.582056760787963867e-01 9.660140275955200195e-01 1.137144565582275391e+00 nan 1.053516864776611328e+00 9.064357280731201172e-01 7.268344163894653320e-01
5.235725641250610352e-01 5.203930139541625977e-01 5.451604127883911133e-01 5.709443092346191406e-01 5.497082471847534180e-01 5.451694726943969727e-01 5.564312934875488281e-01 6.012181043624877930e-01 6.542744636535644531e-01 7.090889215469360352e-01 8.006434440612792969e-01 9.267928600311279297e-01 1.104317665100097656e+00 nan 1.002975940704345703e+00 8.129333257675170898e-01
4.880725145339965820e-01 4.890379905700683594e-01 4.832456111907958984e-01 4.819099903106689453e-01 4.997364282608032227e-01 4.977239370346069336e-01 5.086399316787719727e-01 5.196353197097778320e-01 5.608831644058227539e-01 6.126029491424560547e-01 6.699633598327636719e-01 7.431782484054565430e-01 8.659532070159912109e-01 9.916687011718750000e-01 nan 9.117013216018676758e-01
4.412140846252441406e-01 4.504364728927612305e-01 4.485061168670654297e-01 4.458333253860473633e-01 4.459393024444580078e-01 4.483457803726196289e-01 4.591566324234008789e-01 4.700481891632080078e-01 4.810210466384887695e-01 4.984567165374755859e-01 5.543237924575805664e-01 6.168788671493530273e-01 6.836627721786499023e-01 7.720504999160766602e-01 8.884600400924682617e-01 nan
