nan 1.020814657211303711e+00 9.773129224777221680e-01 9.268355369567871094e-01 8.927016258239746094e-01 8.731074333190917969e-01 8.537161350250244141e-01 8.263343572616577148e-01 7.957166433334350586e-01 7.843799591064453125e-01 7.902278900146484375e-01 8.071875572204589844e-01 7.817083597183227539e-01 7.185550928115844727e-01 6.576404571533203125e-01 5.988848209381103516e-01
9.505121707916259766e-01 nan 1.080570459365844727e+00 1.020527362823486328e+00 9.487525224685668945e-01 8.972640037536621094e-01 8.775891065597534180e-01 8.461118936538696289e-01 8.151621818542480469e-01 7.702157497406005859e-01 7.683415412902832031e-01 7.789496183395385742e-01 7.656900882720947266e-01 7.090108394622802734e-01 6.511055231094360352e-01 5.925815105438232422e-01
8.746261596679687500e-01 1.014461040496826172e+00 nan 1.118117809295654297e+00 1.042385578155517578e+00 9.693613052368164062e-01 8.979215621948242188e-01 8.661034107208251953e-01 8.348188400268554688e-01 7.912689447402954102e-01 7.419511079788208008e-01 7.489490509033203125e-01 7.430558204650878906e-01 6.871031522750854492e-01 6.329466104507446289e-01 5.805284976959228516e-01
8.067200183868408203e-01 9.397679567337036133e-01 1.080437183380126953e+00 nan 1.143978357315063477e+00 1.067126035690307617e+00 9.807780981063842773e-01 8.976613283157348633e-01 8.557351827621459961e-01 8.063080310821533203e-01 7.522805929183959961e-01 7.184560298919677734e-01 7.215932607650756836e-01 6.662354469299316406e-01 6.126576662063598633e-01 5.608026981353759766e-01
7.711310386657714844e-01 8.700432777404785156e-01 9.988011121749877930e-01 1.117960691452026367e+00 nan 1.170186281204223633e+00 1.068877935409545898e+00 9.820643663406372070e-01 8.827927112579345703e-01 8.129116296768188477e-01 7.588849067687988281e-01 7.199810743331909180e-01 6.932964324951171875e-01 6.478970050811767578e-01 5.949089527130126953e-01 5.436246395111083984e-01
7.646874189376831055e-01 8.284425735473632812e-01 9.203686714172363281e-01 1.025961160659790039e+00 1.141784667968750000e+00 nan 1.189390897750854492e+00 1.079221725463867188e+00 9.464802742004394531e-01 8.397406339645385742e-01 7.772914171218872070e-01 7.308108806610107422e-01 6.882767677307128906e-01 6.297603845596313477e-01 5.773555040359497070e-01 5.266356468200683594e-01
7.438036203384399414e-01 8.141721487045288086e-01 8.634126186370849609e-01 9.304792881011962891e-01 1.033086776733398438e+00 1.168855428695678711e+00 nan 1.179860591888427734e+00 1.044995069503784180e+00 9.329849481582641602e-01 8.239926099777221680e-01 7.704515457153320312e-01 7.241498231887817383e-01 6.529377698898315430e-01 5.740928649902343750e-01 5.171933174133300781e-01
7.210682630538940430e-01 7.969413995742797852e-01 8.326605558395385742e-01 8.582930564880371094e-01 9.372690916061401367e-01 1.047445297241210938e+00 1.165194511413574219e+00 nan 1.148495435714721680e+00 1.030816555023193359e+00 9.163993597030639648e-01 8.110003471374511719e-01 7.636380195617675781e-01 7.040619850158691406e-01 5.995097160339355469e-01 5.290979146957397461e-01
7.362571954727172852e-01 7.716072797775268555e-01 8.096610307693481445e-01 8.299282789230346680e-01 8.478780984878540039e-01 9.147994518280029297e-01 1.026670932769775391e+00 1.146726608276367188e+00 nan 1.134714603424072266e+00 1.013487815856933594e+00 8.967350721359252930e-01 8.040306568145751953e-01 7.567671537399291992e-01 6.489813327789306641e-01 5.478084087371826172e-01
7.574930191040039062e-01 7.695827484130859375e-01 7.687225341796875000e-01 7.911844253540039062e-01 8.019034862518310547e-01 8.094426393508911133e-01 9.080513715744018555e-01 1.019528388977050781e+00 1.164918661117553711e+00 nan 1.136002540588378906e+00 9.928271770477294922e-01 8.772726058959960938e-01 7.970879077911376953e-01 6.999828815460205078e-01 5.956810712814331055e-01
7.773789167404174805e-01 7.719843387603759766e-01 7.552521228790283203e-01 7.402323484420776367e-01 7.523468732833862305e-01 7.624536752700805664e-01 8.039157390594482422e-01 9.013270139694213867e-01 1.012411355972290039e+00 1.183264970779418945e+00 nan 1.116737365722656250e+00 9.723786115646362305e-01 8.580096960067749023e-01 7.525620460510253906e-01 6.450341939926147461e-01
7.615863084793090820e-01 7.617704868316650391e-01 7.482231855392456055e-01 7.173715829849243164e-01 6.904748678207397461e-01 7.022429704666137695e-01 7.425961494445800781e-01 7.932109832763671875e-01 8.943190574645996094e-01 1.019112348556518555e+00 1.192490816116333008e+00 nan 1.097645759582519531e+00 9.521400928497314453e-01 8.144361972808837891e-01 6.957802772521972656e-01
5.721764564514160156e-01 6.902569532394409180e-01 6.919401884078979492e-01 6.690884828567504883e-01 6.465454101562500000e-01 6.260460615158081055e-01 6.698378324508666992e-01 7.252590656280517578e-01 7.755455970764160156e-01 8.747148513793945312e-01 1.021492242813110352e+00 1.184723377227783203e+00 nan 1.078956604003906250e+00 9.199397563934326172e-01 7.468521595001220703e-01
5.441706180572509766e-01 5.407727956771850586e-01 5.717631578445434570e-01 6.153532266616821289e-01 5.935359001159667969e-01 5.720132589340209961e-01 5.762079954147338867e-01 6.281269788742065430e-01 6.820747852325439453e-01 7.378104925155639648e-01 8.343793153762817383e-01 9.907737970352172852e-01 1.177361965179443359e+00 nan 1.060635328292846680e+00 8.440703153610229492e-01
5.086619853973388672e-01 5.089201927185058594e-01 5.030472278594970703e-01 5.018383264541625977e-01 5.421812534332275391e-01 5.213340520858764648e-01 5.278092622756958008e-01 5.389446020126342773e-01 5.871140956878662109e-01 6.397030353546142578e-01 6.969509124755859375e-01 7.764575481414794922e-01 9.015765190124511719e-01 1.081515073776245117e+00 nan 9.739609956741333008e-01
4.619163274765014648e-01 4.712703227996826172e-01 4.686278104782104492e-01 4.660589694976806641e-01 4.661664962768554688e-01 4.675322771072387695e-01 4.784864187240600586e-01 4.895222187042236328e-01 5.006405115127563477e-01 5.312521457672119141e-01 5.867056846618652344e-01 6.522432565689086914e-01 7.204878330230712891e-01 8.260333538055419922e-01 9.758626222610473633e-01 nan
