nan 1.010185956954956055e+00 9.669129848480224609e-01 9.182493686676025391e-01 8.877753019332885742e-01 8.682321310043334961e-01 8.488912582397460938e-01 8.252453804016113281e-01 7.946457862854003906e-01 7.871365547180175781e-01 7.915067672729492188e-01 8.081790208816528320e-01 7.783306837081909180e-01 7.152972221374511719e-01 6.544979810714721680e-01 5.958538055419921875e-01
9.442901611328125000e-01 nan 1.069627523422241211e+00 1.011523723602294922e+00 9.401161670684814453e-01 8.923257589340209961e-01 8.727355003356933594e-01 8.450111150741577148e-01 8.140799999237060547e-01 7.711704969406127930e-01 7.696048021316528320e-01 7.776856422424316406e-01 7.601258754730224609e-01 7.036252021789550781e-01 6.479754447937011719e-01 5.895624160766601562e-01
8.686462640762329102e-01 1.008035182952880859e+00 nan 1.108731031417846680e+00 1.033334493637084961e+00 9.606336355209350586e-01 8.967897891998291016e-01 8.649907112121582031e-01 8.337247371673583984e-01 7.922350168228149414e-01 7.405970096588134766e-01 7.477064132690429688e-01 7.375630140304565430e-01 6.817867755889892578e-01 6.278008222579956055e-01 5.755478143692016602e-01
8.003946542739868164e-01 9.336709976196289062e-01 1.075573205947875977e+00 nan 1.134577274322509766e+00 1.058061599731445312e+00 9.759258031845092773e-01 8.930127620697021484e-01 8.555395603179931641e-01 8.045070171356201172e-01 7.485679388046264648e-01 7.171858549118041992e-01 7.162162065505981445e-01 6.610312461853027344e-01 6.076208353042602539e-01 5.559278726577758789e-01
7.660758495330810547e-01 8.641654253005981445e-01 9.941279888153076172e-01 1.113060951232910156e+00 nan 1.161978244781494141e+00 1.063809871673583984e+00 9.772088527679443359e-01 8.736556768417358398e-01 8.111039400100708008e-01 7.551581859588623047e-01 7.163368463516235352e-01 6.920448541641235352e-01 6.427500247955322266e-01 5.899274349212646484e-01 5.388034582138061523e-01
7.616593837738037109e-01 8.238785266876220703e-01 9.158790111541748047e-01 1.024562120437622070e+00 1.138841390609741211e+00 nan 1.181110143661499023e+00 1.064497709274291992e+00 9.386680126190185547e-01 8.323934078216552734e-01 7.748374938964843750e-01 7.284212112426757812e-01 6.846997737884521484e-01 6.246701478958129883e-01 5.724289417266845703e-01 5.218675136566162109e-01
7.408113479614257812e-01 8.115355968475341797e-01 8.633388280868530273e-01 9.291462898254394531e-01 1.031682968139648438e+00 1.165874958038330078e+00 nan 1.164851665496826172e+00 1.036787271499633789e+00 9.252269268035888672e-01 8.171591758728027344e-01 7.680072784423828125e-01 7.217694520950317383e-01 6.467173099517822266e-01 5.703371763229370117e-01 5.135732889175415039e-01
7.182797193527221680e-01 7.954720258712768555e-01 8.313869237899780273e-01 8.582195043563842773e-01 9.359314441680908203e-01 1.043588638305664062e+00 1.159595966339111328e+00 nan 1.139872550964355469e+00 1.022665739059448242e+00 9.092196226119995117e-01 8.084999322891235352e-01 7.612030506134033203e-01 6.976491212844848633e-01 5.934902429580688477e-01 5.254496335983276367e-01
7.347046136856079102e-01 7.699968814849853516e-01 8.084034919738769531e-01 8.307480812072753906e-01 8.480232954025268555e-01 9.111495018005371094e-01 1.022807598114013672e+00 1.140989303588867188e+00 nan 1.125036001205444336e+00 1.005944252014160156e+00 8.896291255950927734e-01 8.015397787094116211e-01 7.501556873321533203e-01 6.427756547927856445e-01 5.419834852218627930e-01
7.559214830398559570e-01 7.706077098846435547e-01 7.693995237350463867e-01 7.919867038726806641e-01 8.000322580337524414e-01 8.088451623916625977e-01 9.044141769409179688e-01 1.015678644180297852e+00 1.157636404037475586e+00 nan 1.124271869659423828e+00 9.853612184524536133e-01 8.702393770217895508e-01 7.946068048477172852e-01 6.935852766036987305e-01 5.896760225296020508e-01
7.761862277984619141e-01 7.730975151062011719e-01 7.563396692276000977e-01 7.364232540130615234e-01 7.485111951828002930e-01 7.606232166290283203e-01 8.033769130706787109e-01 8.977026939392089844e-01 1.008575201034545898e+00 1.175920963287353516e+00 nan 1.105112314224243164e+00 9.649890661239624023e-01 8.510488271713256836e-01 7.459665536880493164e-01 6.388434171676635742e-01
7.613003253936767578e-01 7.616013288497924805e-01 7.436385154724121094e-01 7.141245603561401367e-01 6.867746114730834961e-01 6.985170841217041016e-01 7.400696277618408203e-01 7.906112670898437500e-01 8.885309696197509766e-01 1.012320518493652344e+00 1.188369035720825195e+00 nan 1.086125612258911133e+00 9.448263645172119141e-01 8.033255338668823242e-01 6.895314455032348633e-01
5.706505775451660156e-01 6.905580759048461914e-01 6.875030994415283203e-01 6.647113561630249023e-01 6.422272920608520508e-01 6.214020252227783203e-01 6.664958000183105469e-01 7.218061685562133789e-01 7.729715108871459961e-01 8.689866065979003906e-01 1.015132665634155273e+00 1.180541038513183594e+00 nan 1.067310094833374023e+00 9.095519781112670898e-01 7.417871952056884766e-01
5.410195589065551758e-01 5.377041101455688477e-01 5.720146894454956055e-01 6.111170053482055664e-01 5.893568992614746094e-01 5.678906440734863281e-01 5.734153985977172852e-01 6.249846220016479492e-01 6.789171695709228516e-01 7.346396446228027344e-01 8.279976844787597656e-01 9.806250333786010742e-01 1.172768831253051758e+00 nan 1.047953128814697266e+00 8.348103761672973633e-01
5.058076381683349609e-01 5.059005022048950195e-01 5.000398159027099609e-01 4.988694190979003906e-01 5.381885766983032227e-01 5.174133777618408203e-01 5.250245332717895508e-01 5.361218452453613281e-01 5.844421386718750000e-01 6.369425058364868164e-01 6.935350894927978516e-01 7.704546451568603516e-01 8.951508998870849609e-01 1.070834636688232422e+00 nan 9.563857316970825195e-01
4.590668678283691406e-01 4.683856964111328125e-01 4.655852317810058594e-01 4.630609750747680664e-01 4.631682634353637695e-01 4.648078680038452148e-01 4.757416248321533203e-01 4.867569208145141602e-01 4.978545904159545898e-01 5.283913612365722656e-01 5.832186937332153320e-01 6.486122608184814453e-01 7.167068719863891602e-01 8.191131353378295898e-01 9.657043218612670898e-01 nan
