nan 1.140958547592163086e+00 1.077838897705078125e+00 1.020890235900878906e+00 9.571192264556884766e-01 9.291081428527832031e-01 8.967672586441040039e-01 8.674197196960449219e-01 8.568441867828369141e-01 8.361800909042358398e-01 8.127889633178710938e-01 8.160301446914672852e-01 7.830655574798583984e-01 7.234069108963012695e-01 6.623203754425048828e-01 6.033987998962402344e-01
1.044626235961914062e+00 nan 1.186345815658569336e+00 1.119155645370483398e+00 1.043902158737182617e+00 9.589309692382812500e-01 9.199372529983520508e-01 9.090646505355834961e-01 8.966468572616577148e-01 8.451311588287353516e-01 8.099563121795654297e-01 7.938232421875000000e-01 7.602086067199707031e-01 7.037053108215332031e-01 6.490157842636108398e-01 5.960818529129028320e-01
9.650785923004150391e-01 1.111660718917846680e+00 nan 1.221537113189697266e+00 1.138692140579223633e+00 1.051789999008178711e+00 9.878045320510864258e-01 9.516383409500122070e-01 9.315532445907592773e-01 8.844285011291503906e-01 8.013660907745361328e-01 7.642457485198974609e-01 7.376446723937988281e-01 6.818656921386718750e-01 6.278772354125976562e-01 5.756218433380126953e-01
8.904846906661987305e-01 1.033353567123413086e+00 1.176604032516479492e+00 nan 1.249916553497314453e+00 1.159269332885742188e+00 1.092599868774414062e+00 1.027988433837890625e+00 9.618217945098876953e-01 9.019185304641723633e-01 8.072235584259033203e-01 7.335348129272460938e-01 7.162437438964843750e-01 6.610579490661621094e-01 6.076465845108032227e-01 5.559529066085815430e-01
8.122352361679077148e-01 9.516468048095703125e-01 1.083724260330200195e+00 1.207187175750732422e+00 nan 1.297743082046508789e+00 1.208132505416870117e+00 1.117129802703857422e+00 1.016391515731811523e+00 8.901504278182983398e-01 7.984577417373657227e-01 7.251265048980712891e-01 6.853193044662475586e-01 6.427764892578125000e-01 5.899530649185180664e-01 5.388281345367431641e-01
7.837009429931640625e-01 8.723657131195068359e-01 9.892880916595458984e-01 1.096230983734130859e+00 1.239170789718627930e+00 nan 1.360710620880126953e+00 1.232850074768066406e+00 1.085228919982910156e+00 9.448724985122680664e-01 8.102012872695922852e-01 7.399988174438476562e-01 6.944935321807861328e-01 6.246962547302246094e-01 5.724542140960693359e-01 5.218919515609741211e-01
7.536932229995727539e-01 8.465735912322998047e-01 9.030822515487670898e-01 9.974374771118164062e-01 1.123845100402832031e+00 1.299049615859985352e+00 nan 1.335828781127929688e+00 1.165175676345825195e+00 1.022028923034667969e+00 8.621909618377685547e-01 7.798500061035156250e-01 7.333024740219116211e-01 6.642860174179077148e-01 5.763889551162719727e-01 5.192352533340454102e-01
7.236846685409545898e-01 8.160827159881591797e-01 8.653486967086791992e-01 9.018715620040893555e-01 1.009272336959838867e+00 1.161597967147827148e+00 1.284860372543334961e+00 nan 1.262427330017089844e+00 1.099321842193603516e+00 9.476354122161865234e-01 8.345705270767211914e-01 7.725660800933837891e-01 7.144092321395874023e-01 6.089375019073486328e-01 5.303881168365478516e-01
7.311123609542846680e-01 7.776349782943725586e-01 8.184078931808471680e-01 8.425959348678588867e-01 9.028940200805664062e-01 9.972782135009765625e-01 1.107116699218750000e+00 1.224423408508300781e+00 nan 1.200191259384155273e+00 1.045656204223632812e+00 9.269007444381713867e-01 8.150393962860107422e-01 7.651249170303344727e-01 6.573939323425292969e-01 5.554299354553222656e-01
7.522655725479125977e-01 7.512562274932861328e-01 7.582390308380126953e-01 7.916913032531738281e-01 8.069581985473632812e-01 8.413560390472412109e-01 9.426198005676269531e-01 1.052116394042968750e+00 1.200473308563232422e+00 nan 1.163121938705444336e+00 1.023878097534179688e+00 9.063869714736938477e-01 8.050343990325927734e-01 7.073097229003906250e-01 6.022748947143554688e-01
7.616634368896484375e-01 7.535085678100585938e-01 7.369956970214843750e-01 7.271145582199096680e-01 7.390050888061523438e-01 7.617751359939575195e-01 8.246971368789672852e-01 9.311665296554565430e-01 1.043848276138305664e+00 1.219583272933959961e+00 nan 1.139300584793090820e+00 1.002331733703613281e+00 8.860913515090942383e-01 7.587289810180664062e-01 6.505306959152221680e-01
7.398821115493774414e-01 7.400447130203247070e-01 7.267587184906005859e-01 6.994471549987792969e-01 6.770341396331787109e-01 6.947827339172363281e-01 7.439167499542236328e-01 8.093119859695434570e-01 9.202020168304443359e-01 1.053048849105834961e+00 1.207039833068847656e+00 nan 1.120446920394897461e+00 9.810148477554321289e-01 8.392102718353271484e-01 7.002397775650024414e-01
5.666823387145996094e-01 6.779727935791015625e-01 6.710777282714843750e-01 6.484880447387695312e-01 6.262038946151733398e-01 6.148451566696166992e-01 6.683529615402221680e-01 7.236337661743164062e-01 7.900030612945556641e-01 8.997095823287963867e-01 1.030859470367431641e+00 1.199603557586669922e+00 nan 1.101759672164916992e+00 9.459556341171264648e-01 7.665311098098754883e-01
5.388922691345214844e-01 5.354803800582885742e-01 5.602972507476806641e-01 5.953310728073120117e-01 5.737653970718383789e-01 5.599384307861328125e-01 5.741666555404663086e-01 6.263266801834106445e-01 6.802150011062622070e-01 7.368719577789306641e-01 8.509552478790283203e-01 9.913702011108398438e-01 1.188948154449462891e+00 nan 1.076580286026000977e+00 8.575930595397949219e-01
5.029139518737792969e-01 5.038142204284667969e-01 4.979643821716308594e-01 4.966479539871215820e-01 5.230178833007812500e-01 5.120394229888916016e-01 5.230597257614135742e-01 5.345129966735839844e-01 5.853590965270996094e-01 6.378899812698364258e-01 6.970623731613159180e-01 7.925100326538085938e-01 9.187595844268798828e-01 1.082138776779174805e+00 nan 9.749243259429931641e-01
4.557878971099853516e-01 4.652441740036010742e-01 4.632214307785034180e-01 4.605531692504882812e-01 4.606602191925048828e-01 4.625303745269775391e-01 4.734470844268798828e-01 4.844453334808349609e-01 4.955255985260009766e-01 5.252720117568969727e-01 5.823624134063720703e-01 6.477205753326416016e-01 7.157783508300781250e-01 8.310561180114746094e-01 9.718509912490844727e-01 nan
