nan 1.025346755981445312e+00 9.817476272583007812e-01 9.353982210159301758e-01 9.189331531524658203e-01 8.990674018859863281e-01 8.704314231872558594e-01 8.390741348266601562e-01 8.082425594329833984e-01 8.228998184204101562e-01 8.065979480743408203e-01 8.143851757049560547e-01 7.980479001998901367e-01 7.403298616409301758e-01 6.844648122787475586e-01 6.303929090499877930e-01
1.017883539199829102e+00 nan 1.085236549377441406e+00 1.029506683349609375e+00 9.580966234207153320e-01 9.229233264923095703e-01 8.906862735748291016e-01 8.589897155761718750e-01 8.278242349624633789e-01 7.973629236221313477e-01 7.765309810638427734e-01 7.837870121002197266e-01 7.749989032745361328e-01 7.178026437759399414e-01 6.624345779418945312e-01 6.088508367538452148e-01
9.393762350082397461e-01 1.084041118621826172e+00 nan 1.128190994262695312e+00 1.052178859710693359e+00 9.741128683090209961e-01 9.111605882644653320e-01 8.791207075119018555e-01 8.507534265518188477e-01 7.967458963394165039e-01 7.464734315872192383e-01 7.535656690597534180e-01 7.511997222900390625e-01 6.947550773620605469e-01 6.401298046112060547e-01 5.872650146484375000e-01
8.664931058883666992e-01 1.005531549453735352e+00 1.154927253723144531e+00 nan 1.152617692947387695e+00 1.063593387603759766e+00 9.768368005752563477e-01 9.000295400619506836e-01 8.579860925674438477e-01 7.956973314285278320e-01 7.476630210876464844e-01 7.234596014022827148e-01 7.279536724090576172e-01 6.721638441085815430e-01 6.181752681732177734e-01 5.659688711166381836e-01
7.917852401733398438e-01 9.294626712799072266e-01 1.069923639297485352e+00 1.186887025833129883e+00 nan 1.157238960266113281e+00 1.063995122909545898e+00 9.605412483215332031e-01 8.512758016586303711e-01 7.965232133865356445e-01 7.535642385482788086e-01 7.146275043487548828e-01 6.980096101760864258e-01 6.527583599090576172e-01 5.993963479995727539e-01 5.477572679519653320e-01
7.673077583312988281e-01 8.510577678680419922e-01 9.755337238311767578e-01 1.083981752395629883e+00 1.213401794433593750e+00 nan 1.166015386581420898e+00 1.035523176193237305e+00 9.094930887222290039e-01 8.139033317565917969e-01 7.664077281951904297e-01 7.204171419143676758e-01 6.822165250778198242e-01 6.335780620574951172e-01 5.808353424072265625e-01 5.297954082489013672e-01
7.457705736160278320e-01 8.279193639755249023e-01 8.937814235687255859e-01 9.850286245346069336e-01 1.093202590942382812e+00 1.234111309051513672e+00 nan 1.133899450302124023e+00 1.001967430114746094e+00 8.921792507171630859e-01 8.063461780548095703e-01 7.589925527572631836e-01 7.128803730010986328e-01 6.406928300857543945e-01 5.726356506347656250e-01 5.156180858612060547e-01
7.227766513824462891e-01 8.034929037094116211e-01 8.556011915206909180e-01 8.907741308212280273e-01 9.870743751525878906e-01 1.089759111404418945e+00 1.209254741668701172e+00 nan 1.102622270584106445e+00 9.873141050338745117e-01 8.747675418853759766e-01 7.987631559371948242e-01 7.516084909439086914e-01 6.901057958602905273e-01 5.861290693283081055e-01 5.267444849014282227e-01
7.260531187057495117e-01 7.760951519012451172e-01 8.181070089340209961e-01 8.421573638916015625e-01 8.547915220260620117e-01 9.449330568313598633e-01 1.057268381118774414e+00 1.177307844161987305e+00 nan 1.087231874465942383e+00 9.691210985183715820e-01 8.548085689544677734e-01 7.912120819091796875e-01 7.410066127777099609e-01 6.338987350463867188e-01 5.379525423049926758e-01
7.467120885848999023e-01 7.597197294235229492e-01 7.736976146697998047e-01 7.871872186660766602e-01 7.945072650909423828e-01 8.294935226440429688e-01 9.362426996231079102e-01 1.049220561981201172e+00 1.195744514465332031e+00 nan 1.068223237991333008e+00 9.481576681137084961e-01 8.350621461868286133e-01 7.836928367614746094e-01 6.831068992614746094e-01 5.795608758926391602e-01
7.666609287261962891e-01 7.630400657653808594e-01 7.340086698532104492e-01 7.243903875350952148e-01 7.362620830535888672e-01 7.641152143478393555e-01 8.209776878356933594e-01 9.286683797836303711e-01 1.041204452514648438e+00 1.214813232421875000e+00 nan 1.046204805374145508e+00 9.274172782897949219e-01 8.240219354629516602e-01 7.337970733642578125e-01 6.271326541900634766e-01
7.498599290847778320e-01 7.408415079116821289e-01 7.182281017303466797e-01 6.894264221191406250e-01 6.743890047073364258e-01 6.970337629318237305e-01 7.462329864501953125e-01 8.015441894531250000e-01 9.119580984115600586e-01 1.044525146484375000e+00 1.207257270812988281e+00 nan 1.024420499801635742e+00 9.068981409072875977e-01 7.860138416290283203e-01 6.761370897293090820e-01
5.645942687988281250e-01 6.837495565414428711e-01 6.628222465515136719e-01 6.403442621231079102e-01 6.181700229644775391e-01 6.181616783142089844e-01 6.717793941497802734e-01 7.271738052368164062e-01 7.823182344436645508e-01 8.915537595748901367e-01 1.022314071655273438e+00 1.194310665130615234e+00 nan 1.002868413925170898e+00 8.686907291412353516e-01 7.260679006576538086e-01
5.325485467910766602e-01 5.300198793411254883e-01 5.804815292358398438e-01 5.874497890472412109e-01 5.659905672073364258e-01 5.565118789672851562e-01 5.773997306823730469e-01 6.296668052673339844e-01 6.836657524108886719e-01 7.394540309906005859e-01 8.443014621734619141e-01 9.822466373443603516e-01 1.183164596557617188e+00 nan 9.684981107711791992e-01 7.817269563674926758e-01
4.976687431335449219e-01 4.982357025146484375e-01 4.926372766494750977e-01 4.915589094161987305e-01 5.154937505722045898e-01 5.087180137634277344e-01 5.197141170501708984e-01 5.376646518707275391e-01 5.886151790618896484e-01 6.412538290023803711e-01 6.984161138534545898e-01 7.829909324645996094e-01 9.085700511932373047e-01 1.071824073791503906e+00 nan 8.749511241912841797e-01
4.512196779251098633e-01 4.605051279067993164e-01 4.583919048309326172e-01 4.559603929519653320e-01 4.560670852661132812e-01 4.596921205520629883e-01 4.705877304077148438e-01 4.815646409988403320e-01 4.926234483718872070e-01 5.320699214935302734e-01 5.880519151687622070e-01 6.505088806152343750e-01 7.186818122863769531e-01 8.310710191726684570e-01 9.522480964660644531e-01 nan
