nan 1.031349658966064453e+00 1.000734806060791016e+00 9.705815315246582031e-01 9.400308132171630859e-01 9.147474765777587891e-01 9.062013626098632812e-01 8.893212080001831055e-01 8.672373294830322266e-01 8.454118967056274414e-01 8.238414525985717773e-01 8.025230169296264648e-01 7.910854816436767578e-01 7.986569404602050781e-01 8.031147718429565430e-01 8.148939609527587891e-01 0.000000000000000000e+00 0.000000000000000000e+00 0.000000000000000000e+00 0.000000000000000000e+00 0.000000000000000000e+00 0.000000000000000000e+00
1.017440080642700195e+00 nan 1.071393013000488281e+00 1.040174722671508789e+00 1.003790140151977539e+00 9.565435647964477539e-01 9.222021102905273438e-01 9.030139446258544922e-01 8.807702064514160156e-01 8.587864637374877930e-01 8.370594978332519531e-01 8.155868053436279297e-01 7.943649291992187500e-01 7.776156663894653320e-01 7.876956462860107422e-01 7.993739843368530273e-01 0.000000000000000000e+00 0.000000000000000000e+00 0.000000000000000000e+00 0.000000000000000000e+00 0.000000000000000000e+00 0.000000000000000000e+00
9.614443778991699219e-01 1.060354232788085938e+00 nan 1.112225532531738281e+00 1.069644451141357422e+00 1.020461082458496094e+00 9.699326753616333008e-01 9.168058633804321289e-01 8.944009542465209961e-01 8.722578287124633789e-01 8.503736257553100586e-01 8.287450075149536133e-01 8.041282892227172852e-01 7.769353389739990234e-01 7.724082469940185547e-01 7.839869260787963867e-01 0.000000000000000000e+00 0.000000000000000000e+00 0.000000000000000000e+00 0.000000000000000000e+00 0.000000000000000000e+00 0.000000000000000000e+00
9.070028066635131836e-01 1.003451347351074219e+00 1.105510234832763672e+00 nan 1.137663841247558594e+00 1.086068868637084961e+00 1.032780885696411133e+00 9.731680154800415039e-01 9.153033494949340820e-01 8.858270645141601562e-01 8.637840747833251953e-01 8.419990539550781250e-01 8.149104118347167969e-01 7.898850440979003906e-01 7.699748277664184570e-01 7.653257846832275391e-01 0.000000000000000000e+00 0.000000000000000000e+00 0.000000000000000000e+00 0.000000000000000000e+00 0.000000000000000000e+00 0.000000000000000000e+00
8.636081218719482422e-01 9.481201171875000000e-01 1.047360181808471680e+00 1.148978948593139648e+00 nan 1.153806686401367188e+00 1.096401929855346680e+00 1.034923315048217773e+00 9.752477407455444336e-01 9.173220396041870117e-01 8.772919178009033203e-01 8.536972999572753906e-01 8.281370401382446289e-01 8.029292821884155273e-01 7.814238071441650391e-01 7.538231611251831055e-01 0.000000000000000000e+00 0.000000000000000000e+00 0.000000000000000000e+00 0.000000000000000000e+00 0.000000000000000000e+00 0.000000000000000000e+00
8.163586854934692383e-01 8.956911563873291016e-01 9.938668012619018555e-01 1.088176965713500977e+00 1.175453662872314453e+00 nan 1.161878108978271484e+00 1.097291707992553711e+00 1.035846471786499023e+00 9.762014150619506836e-01 9.183034896850585938e-01 8.649286031723022461e-01 8.393411636352539062e-01 8.121497631072998047e-01 7.878113985061645508e-01 7.602341175079345703e-01 0.000000000000000000e+00 0.000000000000000000e+00 0.000000000000000000e+00 0.000000000000000000e+00 0.000000000000000000e+00 0.000000000000000000e+00
7.808421850204467773e-01 8.469184637069702148e-01 9.358637332916259766e-01 1.023084163665771484e+00 1.105616092681884766e+00 1.193734169006347656e+00 nan 1.174612760543823242e+00 1.101099729537963867e+00 1.036120414733886719e+00 9.752980470657348633e-01 9.059801101684570312e-01 8.474363088607788086e-01 8.150562047958374023e-01 7.919886112213134766e-01 7.643468379974365234e-01 0.000000000000000000e+00 0.000000000000000000e+00 0.000000000000000000e+00 0.000000000000000000e+00 0.000000000000000000e+00 0.000000000000000000e+00
7.715154886245727539e-01 8.139562606811523438e-01 8.795478343963623047e-01 9.586528539657592773e-01 1.035882472991943359e+00 1.110553026199340820e+00 1.212392330169677734e+00 nan 1.187422275543212891e+00 1.113476276397705078e+00 1.035129070281982422e+00 9.575670957565307617e-01 8.816581964492797852e-01 8.179672956466674805e-01 7.961755990982055664e-01 7.684690952301025391e-01 0.000000000000000000e+00 0.000000000000000000e+00 0.000000000000000000e+00 0.000000000000000000e+00 0.000000000000000000e+00 0.000000000000000000e+00
7.573587894439697266e-01 8.044562339782714844e-01 8.447024822235107422e-01 8.962736129760742188e-01 9.684582948684692383e-01 1.040194988250732422e+00 1.128503799438476562e+00 1.231209278106689453e+00 nan 1.199887275695800781e+00 1.112830400466918945e+00 1.018715381622314453e+00 9.414095878601074219e-01 8.670642375946044922e-01 8.082333803176879883e-01 7.752819061279296875e-01 0.000000000000000000e+00 0.000000000000000000e+00 0.000000000000000000e+00 0.000000000000000000e+00 0.000000000000000000e+00 0.000000000000000000e+00
7.413139343261718750e-01 7.950057983398437500e-01 8.316166400909423828e-01 8.627185821533203125e-01 9.032667875289916992e-01 9.726278781890869141e-01 1.047795534133911133e+00 1.146606683731079102e+00 1.245718240737915039e+00 nan 1.182816982269287109e+00 1.088450431823730469e+00 1.008474111557006836e+00 9.315606355667114258e-01 8.549095392227172852e-01 8.029748201370239258e-01 0.000000000000000000e+00 0.000000000000000000e+00 0.000000000000000000e+00 0.000000000000000000e+00 0.000000000000000000e+00 0.000000000000000000e+00
7.229833602905273438e-01 7.836580276489257812e-01 8.186237812042236328e-01 8.466598987579345703e-01 8.642984628677368164e-01 9.102504253387451172e-01 9.720097780227661133e-01 1.054421663284301758e+00 1.147511482238769531e+00 1.249950647354125977e+00 nan 1.160594463348388672e+00 1.077855587005615234e+00 9.982850551605224609e-01 9.189530611038208008e-01 8.412925004959106445e-01 0.000000000000000000e+00 0.000000000000000000e+00 0.000000000000000000e+00 0.000000000000000000e+00 0.000000000000000000e+00 0.000000000000000000e+00
7.223597764968872070e-01 7.677208185195922852e-01 8.057229518890380859e-01 8.299545049667358398e-01 8.422509431838989258e-01 8.546298742294311523e-01 9.031955003738403320e-01 9.681580066680908203e-01 1.049383878707885742e+00 1.131444931030273438e+00 1.250576734542846680e+00 nan 1.149633407592773438e+00 1.067314386367797852e+00 9.852075576782226562e-01 9.049617052078247070e-01 0.000000000000000000e+00 0.000000000000000000e+00 0.000000000000000000e+00 0.000000000000000000e+00 0.000000000000000000e+00 0.000000000000000000e+00
7.368324995040893555e-01 7.535297870635986328e-01 7.858536243438720703e-01 8.025553226470947266e-01 8.146674633026123047e-01 8.268611431121826172e-01 8.391367197036743164e-01 8.902146816253662109e-01 9.651424884796142578e-01 1.043830394744873047e+00 1.132278203964233398e+00 1.264089584350585938e+00 nan 1.154308080673217773e+00 1.053749799728393555e+00 9.708323478698730469e-01 0.000000000000000000e+00 0.000000000000000000e+00 0.000000000000000000e+00 0.000000000000000000e+00 0.000000000000000000e+00 0.000000000000000000e+00
7.508084774017333984e-01 7.647237777709960938e-01 7.580167055130004883e-01 7.740743160247802734e-01 7.874972820281982422e-01 7.995083332061767578e-01 8.094013929367065430e-01 8.156321048736572266e-01 8.843640089035034180e-01 9.598172903060913086e-01 1.038291931152343750e+00 1.145080804824829102e+00 1.277683734893798828e+00 nan 1.136798620223999023e+00 1.038980722427368164e+00 0.000000000000000000e+00 0.000000000000000000e+00 0.000000000000000000e+00 0.000000000000000000e+00 0.000000000000000000e+00 0.000000000000000000e+00
7.646274566650390625e-01 7.665958404541015625e-01 7.595151662826538086e-01 7.479710578918457031e-01 7.603076696395874023e-01 7.712396383285522461e-01 7.762588262557983398e-01 7.812925577163696289e-01 8.069059848785400391e-01 8.792576789855957031e-01 9.545066356658935547e-01 1.032768726348876953e+00 1.157960414886474609e+00 1.291359663009643555e+00 nan 1.118345737457275391e+00 0.000000000000000000e+00 0.000000000000000000e+00 0.000000000000000000e+00 0.000000000000000000e+00 0.000000000000000000e+00 0.000000000000000000e+00
7.725061178207397461e-01 7.684696912765502930e-01 7.609726190567016602e-01 7.494189739227294922e-01 7.371145486831665039e-01 7.341489791870117188e-01 7.424055337905883789e-01 7.486649751663208008e-01 7.703518867492675781e-01 8.022640943527221680e-01 8.741654157638549805e-01 9.492102861404418945e-01 1.044530391693115234e+00 1.170917510986328125e+00 1.280832290649414062e+00 nan 0.000000000000000000e+00 0.000000000000000000e+00 0.000000000000000000e+00 0.000000000000000000e+00 0.000000000000000000e+00 0.000000000000000000e+00
7.650903463363647461e-01 7.679566144943237305e-01 7.620494365692138672e-01 7.508682012557983398e-01 7.285943031311035156e-01 7.060708999633789062e-01 6.991794109344482422e-01 7.072694301605224609e-01 7.287930250167846680e-01 7.633384466171264648e-01 7.980536222457885742e-01 8.690867424011230469e-01 9.439283609390258789e-01 1.056806325912475586e+00 1.160688877105712891e+00 1.263599395751953125e+00 nan 0.000000000000000000e+00 0.000000000000000000e+00 0.000000000000000000e+00 0.000000000000000000e+00 0.000000000000000000e+00
5.992780923843383789e-01 7.272136211395263672e-01 7.358198165893554688e-01 7.224841117858886719e-01 7.063304185867309570e-01 6.903280019760131836e-01 6.744757890701293945e-01 6.649150848388671875e-01 6.830111742019653320e-01 7.166419029235839844e-01 7.509446144104003906e-01 7.859328985214233398e-01 8.593586683273315430e-01 9.475541114807128906e-01 1.046874046325683594e+00 1.146770000457763672e+00 0.000000000000000000e+00 nan 0.000000000000000000e+00 0.000000000000000000e+00 0.000000000000000000e+00 0.000000000000000000e+00
5.722352266311645508e-01 5.765606164932250977e-01 6.552051305770874023e-01 6.838376522064208984e-01 6.680463552474975586e-01 6.524029970169067383e-01 6.369065046310424805e-01 6.215552091598510742e-01 6.248588562011718750e-01 6.619451045989990234e-01 6.998779773712158203e-01 7.386378049850463867e-01 7.733802795410156250e-01 8.455985784530639648e-01 9.278990030288696289e-01 1.023846864700317383e+00 0.000000000000000000e+00 0.000000000000000000e+00 nan 0.000000000000000000e+00 0.000000000000000000e+00 0.000000000000000000e+00
5.537284612655639648e-01 5.547720193862915039e-01 5.514330863952636719e-01 5.741375684738159180e-01 6.306211948394775391e-01 6.153290271759033203e-01 6.001801490783691406e-01 5.851733684539794922e-01 5.816478729248046875e-01 5.964112281799316406e-01 6.328481435775756836e-01 6.701167821884155273e-01 7.082360982894897461e-01 7.472255229949951172e-01 8.142622709274291992e-01 8.939284086227416992e-01 0.000000000000000000e+00 0.000000000000000000e+00 0.000000000000000000e+00 nan 0.000000000000000000e+00 0.000000000000000000e+00
5.305173397064208984e-01 5.320322513580322266e-01 5.292116403579711914e-01 5.250910520553588867e-01 5.236082077026367188e-01 5.790866613388061523e-01 5.642777681350708008e-01 5.496076345443725586e-01 5.478644371032714844e-01 5.556659698486328125e-01 5.684616565704345703e-01 6.042606830596923828e-01 6.408767700195312500e-01 6.783287525177001953e-01 7.191369533538818359e-01 7.678226232528686523e-01 0.000000000000000000e+00 0.000000000000000000e+00 0.000000000000000000e+00 0.000000000000000000e+00 nan 0.000000000000000000e+00
5.005939006805419922e-01 5.072238445281982422e-01 5.073084831237792969e-01 5.032467842102050781e-01 5.006206035614013672e-01 5.005153417587280273e-01 5.177577733993530273e-01 5.148398876190185547e-01 5.148025751113891602e-01 5.224374532699584961e-01 5.301108360290527344e-01 5.410013198852539062e-01 5.761736631393432617e-01 6.121487617492675781e-01 6.513731479644775391e-01 6.918791532516479492e-01 0.000000000000000000e+00 0.000000000000000000e+00 0.000000000000000000e+00 0.000000000000000000e+00 0.000000000000000000e+00 nan
