nan 1.035692691802978516e+00 1.005012512207031250e+00 9.747946262359619141e-01 9.433134794235229492e-01 9.163724184036254883e-01 9.077062606811523438e-01 8.892748355865478516e-01 8.671916723251342773e-01 8.453667163848876953e-01 8.237967491149902344e-01 8.024790287017822266e-01 7.904700040817260742e-01 7.966868877410888672e-01 8.023781776428222656e-01 8.141523599624633789e-01 0.000000000000000000e+00 0.000000000000000000e+00 0.000000000000000000e+00 0.000000000000000000e+00 0.000000000000000000e+00 0.000000000000000000e+00
1.019878864288330078e+00 nan 1.075821638107299805e+00 1.044536352157592773e+00 1.007180690765380859e+00 9.598541259765625000e-01 9.237195253372192383e-01 9.029673337936401367e-01 8.807241916656494141e-01 8.587409257888793945e-01 8.370146751403808594e-01 8.155423402786254883e-01 7.943209409713745117e-01 7.760022878646850586e-01 7.869652509689331055e-01 7.986389398574829102e-01 0.000000000000000000e+00 0.000000000000000000e+00 0.000000000000000000e+00 0.000000000000000000e+00 0.000000000000000000e+00 0.000000000000000000e+00
9.638153314590454102e-01 1.062779188156127930e+00 nan 1.116741657257080078e+00 1.073146581649780273e+00 1.023855686187744141e+00 9.727960824966430664e-01 9.167590141296386719e-01 8.943545818328857422e-01 8.722119331359863281e-01 8.503282070159912109e-01 8.287004232406616211e-01 8.027275800704956055e-01 7.760833501815795898e-01 7.716841697692871094e-01 7.832579612731933594e-01 0.000000000000000000e+00 0.000000000000000000e+00 0.000000000000000000e+00 0.000000000000000000e+00 0.000000000000000000e+00 0.000000000000000000e+00
9.090152978897094727e-01 1.005809545516967773e+00 1.107988357543945312e+00 nan 1.141280889511108398e+00 1.089573860168457031e+00 1.034540176391601562e+00 9.748756885528564453e-01 9.169609546661376953e-01 8.857809305191040039e-01 8.637385368347167969e-01 8.419538736343383789e-01 8.140403032302856445e-01 7.890268564224243164e-01 7.700470685958862305e-01 7.660062313079833984e-01 0.000000000000000000e+00 0.000000000000000000e+00 0.000000000000000000e+00 0.000000000000000000e+00 0.000000000000000000e+00 0.000000000000000000e+00
8.651850223541259766e-01 9.504131078720092773e-01 1.049770116806030273e+00 1.150550842285156250e+00 nan 1.157425642013549805e+00 1.098216533660888672e+00 1.036684513092041016e+00 9.769573211669921875e-01 9.189814329147338867e-01 8.772459030151367188e-01 8.528084754943847656e-01 8.272603750228881836e-01 8.020646572113037109e-01 7.829734086990356445e-01 7.553486824035644531e-01 0.000000000000000000e+00 0.000000000000000000e+00 0.000000000000000000e+00 0.000000000000000000e+00 0.000000000000000000e+00 0.000000000000000000e+00
8.180311918258666992e-01 8.973745107650756836e-01 9.951961040496826172e-01 1.089635848999023438e+00 1.176973581314086914e+00 nan 1.165466785430908203e+00 1.099137544631958008e+00 1.037637948989868164e+00 9.779405593872070312e-01 9.199919700622558594e-01 8.640991449356079102e-01 8.385230302810668945e-01 8.128451108932495117e-01 7.894284725189208984e-01 7.618261575698852539e-01 0.000000000000000000e+00 0.000000000000000000e+00 0.000000000000000000e+00 0.000000000000000000e+00 0.000000000000000000e+00 0.000000000000000000e+00
7.817653417587280273e-01 8.485585451126098633e-01 9.371541738510131836e-01 1.023351907730102539e+00 1.105808734893798828e+00 1.194960594177246094e+00 nan 1.178222417831420898e+00 1.104587554931640625e+00 1.037912368774414062e+00 9.755549430847167969e-01 9.062278270721435547e-01 8.477450609207153320e-01 8.157527446746826172e-01 7.936094999313354492e-01 7.659426927566528320e-01 0.000000000000000000e+00 0.000000000000000000e+00 0.000000000000000000e+00 0.000000000000000000e+00 0.000000000000000000e+00 0.000000000000000000e+00
7.724337577819824219e-01 8.148965835571289062e-01 8.805174827575683594e-01 9.589122533798217773e-01 1.036068677902221680e+00 1.111732959747314453e+00 1.213629245758056641e+00 nan 1.191053152084350586e+00 1.116984605789184570e+00 1.036979436874389648e+00 9.585464000701904297e-01 8.851399421691894531e-01 8.186650276184082031e-01 7.978001832962036133e-01 7.700686454772949219e-01 0.000000000000000000e+00 0.000000000000000000e+00 0.000000000000000000e+00 0.000000000000000000e+00 0.000000000000000000e+00 0.000000000000000000e+00
7.586233615875244141e-01 8.053915500640869141e-01 8.450113534927368164e-01 8.965246677398681641e-01 9.686384201049804688e-01 1.040381669998168945e+00 1.129693508148193359e+00 1.232456684112548828e+00 nan 1.201887607574462891e+00 1.114751577377319336e+00 1.022420167922973633e+00 9.449723958969116211e-01 8.704907894134521484e-01 8.091354370117187500e-01 7.761676311492919922e-01 0.000000000000000000e+00 0.000000000000000000e+00 0.000000000000000000e+00 0.000000000000000000e+00 0.000000000000000000e+00 0.000000000000000000e+00
7.424740791320800781e-01 7.959363460540771484e-01 8.319234848022460938e-01 8.630305528640747070e-01 9.034409523010253906e-01 9.728082418441772461e-01 1.048940181732177734e+00 1.147806882858276367e+00 1.245579242706298828e+00 nan 1.187672853469848633e+00 1.092283248901367188e+00 1.012160062789916992e+00 9.351055622100830078e-01 8.580520153045654297e-01 8.038742542266845703e-01 0.000000000000000000e+00 0.000000000000000000e+00 0.000000000000000000e+00 0.000000000000000000e+00 0.000000000000000000e+00 0.000000000000000000e+00
7.241314649581909180e-01 7.849414348602294922e-01 8.189282417297363281e-01 8.468593358993530273e-01 8.644996881484985352e-01 9.106919765472412109e-01 9.709661006927490234e-01 1.054294586181640625e+00 1.147378683090209961e+00 1.255582809448242188e+00 nan 1.164559602737426758e+00 1.081668853759765625e+00 1.001952409744262695e+00 9.222040176391601562e-01 8.443951606750488281e-01 0.000000000000000000e+00 0.000000000000000000e+00 0.000000000000000000e+00 0.000000000000000000e+00 0.000000000000000000e+00 0.000000000000000000e+00
7.231239080429077148e-01 7.682050466537475586e-01 8.060253858566284180e-01 8.290163278579711914e-01 8.413063287734985352e-01 8.536789417266845703e-01 9.029124975204467773e-01 9.687855243682861328e-01 1.051203012466430664e+00 1.133337020874023438e+00 1.255389213562011719e+00 nan 1.157780170440673828e+00 1.071108341217041016e+00 9.885708093643188477e-01 9.081717729568481445e-01 0.000000000000000000e+00 0.000000000000000000e+00 0.000000000000000000e+00 0.000000000000000000e+00 0.000000000000000000e+00 0.000000000000000000e+00
7.376029491424560547e-01 7.540620565414428711e-01 7.851681709289550781e-01 8.016312122344970703e-01 8.137372732162475586e-01 8.259246349334716797e-01 8.381938934326171875e-01 8.925105333328247070e-01 9.668868780136108398e-01 1.045644521713256836e+00 1.136837720870971680e+00 1.268930912017822266e+00 nan 1.162521123886108398e+00 1.057229042053222656e+00 9.741532802581787109e-01 0.000000000000000000e+00 0.000000000000000000e+00 0.000000000000000000e+00 0.000000000000000000e+00 0.000000000000000000e+00 0.000000000000000000e+00
7.516455650329589844e-01 7.640813589096069336e-01 7.573941946029663086e-01 7.733310461044311523e-01 7.865809202194213867e-01 7.985857725143432617e-01 8.099728822708129883e-01 8.178373575210571289e-01 8.860366344451904297e-01 9.615570306777954102e-01 1.040101289749145508e+00 1.149667739868164062e+00 1.282554149627685547e+00 nan 1.142879724502563477e+00 1.042416572570800781e+00 0.000000000000000000e+00 0.000000000000000000e+00 0.000000000000000000e+00 0.000000000000000000e+00 0.000000000000000000e+00 0.000000000000000000e+00
7.654711008071899414e-01 7.659525871276855469e-01 7.588577270507812500e-01 7.473179101943969727e-01 7.595701217651367188e-01 7.716561555862426758e-01 7.768199443817138672e-01 7.818551063537597656e-01 8.085099458694458008e-01 8.809258937835693359e-01 9.562416076660156250e-01 1.036673545837402344e+00 1.162575006484985352e+00 1.296259403228759766e+00 nan 1.124575614929199219e+00 0.000000000000000000e+00 0.000000000000000000e+00 0.000000000000000000e+00 0.000000000000000000e+00 0.000000000000000000e+00 0.000000000000000000e+00
7.718861103057861328e-01 7.678258419036865234e-01 7.603147029876708984e-01 7.487653493881225586e-01 7.372918128967285156e-01 7.359104156494140625e-01 7.441754341125488281e-01 7.492172718048095703e-01 7.703328132629394531e-01 8.036091327667236328e-01 8.758291006088256836e-01 9.509406089782714844e-01 1.048902034759521484e+00 1.175559759140014648e+00 1.283508777618408203e+00 nan 0.000000000000000000e+00 0.000000000000000000e+00 0.000000000000000000e+00 0.000000000000000000e+00 0.000000000000000000e+00 0.000000000000000000e+00
7.652497291564941406e-01 7.680910825729370117e-01 7.613735198974609375e-01 7.502139806747436523e-01 7.303687334060668945e-01 7.078223228454589844e-01 7.009054422378540039e-01 7.090038061141967773e-01 7.299840450286865234e-01 7.645534276962280273e-01 7.987217903137207031e-01 8.707458972930908203e-01 9.456539154052734375e-01 1.061204433441162109e+00 1.163224458694458008e+00 1.270209789276123047e+00 nan 0.000000000000000000e+00 0.000000000000000000e+00 0.000000000000000000e+00 0.000000000000000000e+00 0.000000000000000000e+00
5.970246791839599609e-01 7.247216701507568359e-01 7.359179258346557617e-01 7.250114679336547852e-01 7.088340520858764648e-01 6.928082704544067383e-01 6.769328117370605469e-01 6.666061878204345703e-01 6.841707229614257812e-01 7.178245782852172852e-01 7.521508932113647461e-01 7.871770858764648438e-01 8.623114824295043945e-01 9.528599977493286133e-01 1.049275875091552734e+00 1.149492740631103516e+00 0.000000000000000000e+00 nan 0.000000000000000000e+00 0.000000000000000000e+00 0.000000000000000000e+00 0.000000000000000000e+00
5.732089281082153320e-01 5.775170326232910156e-01 6.551324129104614258e-01 6.863083839416503906e-01 6.704938411712646484e-01 6.548275947570800781e-01 6.393083333969116211e-01 6.239345073699951172e-01 6.265176534652709961e-01 6.636416912078857422e-01 7.016131877899169922e-01 7.398357391357421875e-01 7.746019363403320312e-01 8.485293388366699219e-01 9.314321279525756836e-01 1.027633190155029297e+00 0.000000000000000000e+00 0.000000000000000000e+00 nan 0.000000000000000000e+00 0.000000000000000000e+00 0.000000000000000000e+00
5.546907186508178711e-01 5.566577911376953125e-01 5.532823801040649414e-01 5.740681886672973633e-01 6.330139636993408203e-01 6.176991462707519531e-01 6.025280952453613281e-01 5.874992609024047852e-01 5.833408832550048828e-01 5.980409383773803711e-01 6.345150470733642578e-01 6.718218326568603516e-01 7.099798917770385742e-01 7.490091323852539062e-01 8.177244663238525391e-01 8.975428342819213867e-01 0.000000000000000000e+00 0.000000000000000000e+00 0.000000000000000000e+00 nan 0.000000000000000000e+00 0.000000000000000000e+00
5.322713851928710938e-01 5.338904857635498047e-01 5.310344696044921875e-01 5.269088745117187500e-01 5.253942012786865234e-01 5.814037322998046875e-01 5.665730237960815430e-01 5.518814325332641602e-01 5.495213270187377930e-01 5.573312044143676758e-01 5.700627565383911133e-01 6.058983802795410156e-01 6.425518989562988281e-01 6.800421476364135742e-01 7.211078405380249023e-01 7.711963653564453125e-01 0.000000000000000000e+00 0.000000000000000000e+00 0.000000000000000000e+00 0.000000000000000000e+00 nan 0.000000000000000000e+00
5.023150444030761719e-01 5.089322328567504883e-01 5.091052055358886719e-01 5.050387382507324219e-01 5.023796558380126953e-01 5.022743940353393555e-01 5.177060365676879883e-01 5.170626640319824219e-01 5.164241790771484375e-01 5.240671634674072266e-01 5.317486524581909180e-01 5.425745248794555664e-01 5.777827501296997070e-01 6.137945652008056641e-01 6.532664299011230469e-01 6.938186883926391602e-01 0.000000000000000000e+00 0.000000000000000000e+00 0.000000000000000000e+00 0.000000000000000000e+00 0.000000000000000000e+00 nan
