nan 1.317777395248413086e+00 1.215037822723388672e+00 1.130782842636108398e+00 1.113457202911376953e+00 1.080519676208496094e+00 1.044949054718017578e+00 1.032159805297851562e+00 1.024185419082641602e+00 1.016242504119873047e+00 1.008330821990966797e+00 1.000450372695922852e+00 9.920227527618408203e-01 9.721524715423583984e-01 9.548280239105224609e-01 9.374363422393798828e-01 0.000000000000000000e+00 0.000000000000000000e+00 0.000000000000000000e+00 0.000000000000000000e+00 0.000000000000000000e+00 0.000000000000000000e+00
1.211785078048706055e+00 nan 1.352875709533691406e+00 1.256747245788574219e+00 1.202822446823120117e+00 1.166530609130859375e+00 1.126038551330566406e+00 1.079914331436157227e+00 1.055330753326416016e+00 1.047265529632568359e+00 1.039232254028320312e+00 1.031230211257934570e+00 1.017332792282104492e+00 9.729248285293579102e-01 9.505857229232788086e-01 9.332317113876342773e-01 0.000000000000000000e+00 0.000000000000000000e+00 0.000000000000000000e+00 0.000000000000000000e+00 0.000000000000000000e+00 0.000000000000000000e+00
1.089763402938842773e+00 1.250015258789062500e+00 nan 1.421372652053833008e+00 1.318618535995483398e+00 1.255629539489746094e+00 1.210343360900878906e+00 1.162390232086181641e+00 1.115477561950683594e+00 1.078766107559204102e+00 1.070608854293823242e+00 1.062484025955200195e+00 1.042964458465576172e+00 1.001920223236083984e+00 9.473949670791625977e-01 9.154134988784790039e-01 0.000000000000000000e+00 0.000000000000000000e+00 0.000000000000000000e+00 0.000000000000000000e+00 0.000000000000000000e+00 0.000000000000000000e+00
1.014793872833251953e+00 1.127516984939575195e+00 1.315833806991577148e+00 nan 1.498497247695922852e+00 1.378269433975219727e+00 1.297991037368774414e+00 1.248136520385742188e+00 1.199363470077514648e+00 1.151648521423339844e+00 1.104968547821044922e+00 1.089562177658081055e+00 1.068921327590942383e+00 1.031341552734375000e+00 9.657887220382690430e-01 8.844985961914062500e-01 0.000000000000000000e+00 0.000000000000000000e+00 0.000000000000000000e+00 0.000000000000000000e+00 0.000000000000000000e+00 0.000000000000000000e+00
9.607539176940917969e-01 1.077283382415771484e+00 1.205643892288208008e+00 1.402597188949584961e+00 nan 1.583878755569458008e+00 1.453803777694702148e+00 1.342334508895874023e+00 1.284795999526977539e+00 1.235721588134765625e+00 1.187700986862182617e+00 1.130307912826538086e+00 1.095208644866943359e+00 1.054502725601196289e+00 9.665071964263916016e-01 8.830895423889160156e-01 0.000000000000000000e+00 0.000000000000000000e+00 0.000000000000000000e+00 0.000000000000000000e+00 0.000000000000000000e+00 0.000000000000000000e+00
9.042032957077026367e-01 1.024717092514038086e+00 1.153202772140502930e+00 1.280915021896362305e+00 1.469808101654052734e+00 nan 1.645887851715087891e+00 1.512691259384155273e+00 1.390460252761840820e+00 1.317308902740478516e+00 1.254366636276245117e+00 1.192770719528198242e+00 1.129662513732910156e+00 1.046124935150146484e+00 9.588006734848022461e-01 8.759782314300537109e-01 0.000000000000000000e+00 0.000000000000000000e+00 0.000000000000000000e+00 0.000000000000000000e+00 0.000000000000000000e+00 0.000000000000000000e+00
8.526159524917602539e-01 9.713158607482910156e-01 1.096412658691406250e+00 1.212593078613281250e+00 1.326761960983276367e+00 1.544845581054687500e+00 nan 1.709384441375732422e+00 1.572991609573364258e+00 1.443464517593383789e+00 1.350558042526245117e+00 1.268645048141479492e+00 1.165028572082519531e+00 1.061303615570068359e+00 9.545842409133911133e-01 8.679654598236083984e-01 0.000000000000000000e+00 0.000000000000000000e+00 0.000000000000000000e+00 0.000000000000000000e+00 0.000000000000000000e+00 0.000000000000000000e+00
8.162010908126831055e-01 9.193232059478759766e-01 1.041120767593383789e+00 1.146317958831787109e+00 1.246301651000976562e+00 1.381535768508911133e+00 1.618890285491943359e+00 nan 1.774403572082519531e+00 1.631297588348388672e+00 1.483911037445068359e+00 1.330235958099365234e+00 1.222160577774047852e+00 1.118580818176269531e+00 9.807430505752563477e-01 8.830739259719848633e-01 0.000000000000000000e+00 0.000000000000000000e+00 0.000000000000000000e+00 0.000000000000000000e+00 0.000000000000000000e+00 0.000000000000000000e+00
7.995522022247314453e-01 8.909825086593627930e-01 9.843573570251464844e-01 1.082027912139892578e+00 1.176518440246582031e+00 1.284648180007934570e+00 1.439633607864379883e+00 1.695089340209960938e+00 nan 1.829328298568725586e+00 1.620433092117309570e+00 1.408902168273925781e+00 1.280800819396972656e+00 1.175313234329223633e+00 1.035621881484985352e+00 8.997633457183837891e-01 0.000000000000000000e+00 0.000000000000000000e+00 0.000000000000000000e+00 0.000000000000000000e+00 0.000000000000000000e+00 0.000000000000000000e+00
7.831809520721435547e-01 8.755724430084228516e-01 9.519538879394531250e-01 1.018858909606933594e+00 1.108903169631958008e+00 1.202963590621948242e+00 1.332964897155761719e+00 1.504652023315429688e+00 1.765689849853515625e+00 nan 1.752679824829101562e+00 1.530473709106445312e+00 1.348265886306762695e+00 1.232717514038085938e+00 1.092021226882934570e+00 9.531792402267456055e-01 0.000000000000000000e+00 0.000000000000000000e+00 0.000000000000000000e+00 0.000000000000000000e+00 0.000000000000000000e+00 0.000000000000000000e+00
7.678251266479492188e-01 8.583787679672241211e-01 9.338089227676391602e-01 9.855307340621948242e-01 1.043388128280639648e+00 1.133548736572265625e+00 1.235972166061401367e+00 1.375385999679565430e+00 1.522594213485717773e+00 1.712585449218750000e+00 nan 1.658180952072143555e+00 1.458762884140014648e+00 1.296928644180297852e+00 1.149983406066894531e+00 1.009130239486694336e+00 0.000000000000000000e+00 0.000000000000000000e+00 0.000000000000000000e+00 0.000000000000000000e+00 0.000000000000000000e+00 0.000000000000000000e+00
7.662848234176635742e-01 8.413432836532592773e-01 9.113212823867797852e-01 9.600665569305419922e-01 9.935355186462402344e-01 1.054754018783569336e+00 1.142550230026245117e+00 1.245194196701049805e+00 1.333077192306518555e+00 1.447903871536254883e+00 1.638029098510742188e+00 nan 1.587043046951293945e+00 1.405009031295776367e+00 1.209550857543945312e+00 1.066684007644653320e+00 0.000000000000000000e+00 0.000000000000000000e+00 0.000000000000000000e+00 0.000000000000000000e+00 0.000000000000000000e+00 0.000000000000000000e+00
7.841744422912597656e-01 8.191921710968017578e-01 8.796813488006591797e-01 9.226647615432739258e-01 9.578291177749633789e-01 9.912598133087158203e-01 1.052255153656005859e+00 1.123231410980224609e+00 1.203608751296997070e+00 1.287028789520263672e+00 1.390801429748535156e+00 1.586586952209472656e+00 nan 1.547923326492309570e+00 1.314460515975952148e+00 1.125886678695678711e+00 0.000000000000000000e+00 0.000000000000000000e+00 0.000000000000000000e+00 0.000000000000000000e+00 0.000000000000000000e+00 0.000000000000000000e+00
8.013647794723510742e-01 8.265792131423950195e-01 8.400344848632812500e-01 8.803440332412719727e-01 9.215368032455444336e-01 9.519424438476562500e-01 9.533826112747192383e-01 1.007894039154052734e+00 1.083905220031738281e+00 1.162793874740600586e+00 1.244668722152709961e+00 1.348177671432495117e+00 1.561611413955688477e+00 nan 1.454049348831176758e+00 1.222697734832763672e+00 0.000000000000000000e+00 0.000000000000000000e+00 0.000000000000000000e+00 0.000000000000000000e+00 0.000000000000000000e+00 0.000000000000000000e+00
8.258147239685058594e-01 8.288627862930297852e-01 8.341889381408691406e-01 8.408024311065673828e-01 8.792407512664794922e-01 8.844126462936401367e-01 8.894119262695312500e-01 9.084047079086303711e-01 9.707038402557373047e-01 1.045306921005249023e+00 1.122734308242797852e+00 1.203092813491821289e+00 1.321119308471679688e+00 1.536876201629638672e+00 nan 1.360956430435180664e+00 0.000000000000000000e+00 0.000000000000000000e+00 0.000000000000000000e+00 0.000000000000000000e+00 0.000000000000000000e+00 0.000000000000000000e+00
8.442791700363159180e-01 8.311494588851928711e-01 8.298044204711914062e-01 8.364021778106689453e-01 8.128865957260131836e-01 8.123635053634643555e-01 8.171718120574951172e-01 8.338603973388671875e-01 8.665506839752197266e-01 9.305002689361572266e-01 1.007416725158691406e+00 1.083417177200317383e+00 1.162287235260009766e+00 1.298707008361816406e+00 1.458055019378662109e+00 nan 0.000000000000000000e+00 0.000000000000000000e+00 0.000000000000000000e+00 0.000000000000000000e+00 0.000000000000000000e+00 0.000000000000000000e+00
8.040093183517456055e-01 8.009904623031616211e-01 7.917798757553100586e-01 7.884210348129272461e-01 7.781991958618164062e-01 7.518662214279174805e-01 7.476938962936401367e-01 7.605900764465332031e-01 7.919741868972778320e-01 8.239178657531738281e-01 8.870928287506103516e-01 9.644104242324829102e-01 1.044895887374877930e+00 1.133637905120849609e+00 1.235982418060302734e+00 1.393925666809082031e+00 nan 0.000000000000000000e+00 0.000000000000000000e+00 0.000000000000000000e+00 0.000000000000000000e+00 0.000000000000000000e+00
6.520261764526367188e-01 7.526060342788696289e-01 7.240374088287353516e-01 7.016654014587402344e-01 6.897786855697631836e-01 6.779754161834716797e-01 6.662541627883911133e-01 6.802526712417602539e-01 7.228037118911743164e-01 7.647639513015747070e-01 7.981730699539184570e-01 8.605042695999145508e-01 9.367325305938720703e-01 1.016083955764770508e+00 1.079115390777587891e+00 1.184818744659423828e+00 0.000000000000000000e+00 nan 0.000000000000000000e+00 0.000000000000000000e+00 0.000000000000000000e+00 0.000000000000000000e+00
6.181919574737548828e-01 5.942364931106567383e-01 6.372643709182739258e-01 6.361669301986694336e-01 6.208360195159912109e-01 6.056488752365112305e-01 5.924775600433349609e-01 5.893181562423706055e-01 6.181012392044067383e-01 6.590780019760131836e-01 7.010926008224487305e-01 7.441711425781250000e-01 8.110116720199584961e-01 8.997540473937988281e-01 9.669750928878784180e-01 1.036720275878906250e+00 0.000000000000000000e+00 0.000000000000000000e+00 nan 0.000000000000000000e+00 0.000000000000000000e+00 0.000000000000000000e+00
5.923767089843750000e-01 5.595190525054931641e-01 5.262590646743774414e-01 5.501779317855834961e-01 5.845286846160888672e-01 5.696816444396972656e-01 5.549737215042114258e-01 5.497550964355468750e-01 5.575537681579589844e-01 5.805993080139160156e-01 6.167345046997070312e-01 6.536728143692016602e-01 6.914167404174804688e-01 7.418022155761718750e-01 8.187267780303955078e-01 9.048175811767578125e-01 0.000000000000000000e+00 0.000000000000000000e+00 0.000000000000000000e+00 nan 0.000000000000000000e+00 0.000000000000000000e+00
5.578776597976684570e-01 5.255577564239501953e-01 5.043449401855468750e-01 5.002793073654174805e-01 4.990426301956176758e-01 5.345201492309570312e-01 5.201417207717895508e-01 5.166093111038208008e-01 5.242532491683959961e-01 5.319356918334960938e-01 5.530184507369995117e-01 5.884650945663452148e-01 6.247206926345825195e-01 6.618038415908813477e-01 7.023081779479980469e-01 7.772260904312133789e-01 0.000000000000000000e+00 0.000000000000000000e+00 0.000000000000000000e+00 0.000000000000000000e+00 nan 0.000000000000000000e+00
5.274446010589599609e-01 4.958578348159790039e-01 4.817386865615844727e-01 4.779245853424072266e-01 4.757511615753173828e-01 4.758261442184448242e-01 4.836583137512207031e-01 4.841006994247436523e-01 4.916958808898925781e-01 4.992141723632812500e-01 5.067703723907470703e-01 5.258284807205200195e-01 5.606546401977539062e-01 5.962754487991333008e-01 6.352076530456542969e-01 6.779189109802246094e-01 0.000000000000000000e+00 0.000000000000000000e+00 0.000000000000000000e+00 0.000000000000000000e+00 0.000000000000000000e+00 nan
