nan 1.152065992355346680e+00 1.068344593048095703e+00 1.014333248138427734e+00 9.465883970260620117e-01 9.264363050460815430e-01 8.987255096435546875e-01 8.712856769561767578e-01 8.606885671615600586e-01 8.366551399230957031e-01 8.135377168655395508e-01 8.161965608596801758e-01 7.579576969146728516e-01 6.956462860107421875e-01 6.355435848236083984e-01 5.775712728500366211e-01
1.024507284164428711e+00 nan 1.194363594055175781e+00 1.112279653549194336e+00 1.037150144577026367e+00 9.643129110336303711e-01 9.239118099212646484e-01 9.130166769027709961e-01 9.021834135055541992e-01 8.455048799514770508e-01 8.101223707199096680e-01 7.872167825698852539e-01 7.361403703689575195e-01 6.804097890853881836e-01 6.264680624008178711e-01 5.713520050048828125e-01
9.457426071166992188e-01 1.090882301330566406e+00 nan 1.217930078506469727e+00 1.135030508041381836e+00 1.060332059860229492e+00 9.960798025131225586e-01 9.556784629821777344e-01 9.414898157119750977e-01 8.848097324371337891e-01 7.930530309677124023e-01 7.577484846115112305e-01 7.138850688934326172e-01 6.588687896728515625e-01 6.056185960769653320e-01 5.540776252746582031e-01
8.743240833282470703e-01 1.013945817947387695e+00 1.158697366714477539e+00 nan 1.273118019104003906e+00 1.166371345520019531e+00 1.099199771881103516e+00 1.034384727478027344e+00 9.706318378448486328e-01 8.918185234069824219e-01 7.967456579208374023e-01 7.234846353530883789e-01 6.930776834487915039e-01 6.386369466781616211e-01 5.859465599060058594e-01 5.349504947662353516e-01
8.067770004272460938e-01 9.415550231933593750e-01 1.073990821838378906e+00 1.200389862060546875e+00 nan 1.328328847885131836e+00 1.215875148773193359e+00 1.131022691726684570e+00 1.017525196075439453e+00 8.801126480102539062e-01 7.880307435989379883e-01 7.151250839233398438e-01 6.744438409805297852e-01 6.206021308898925781e-01 5.684918165206909180e-01 5.180569887161254883e-01
7.805628776550292969e-01 8.698238134384155273e-01 9.858157634735107422e-01 1.092145919799804688e+00 1.232147932052612305e+00 nan 1.392134428024291992e+00 1.237386465072631836e+00 1.089465618133544922e+00 9.421772956848144531e-01 8.086215257644653320e-01 7.381370067596435547e-01 6.926803588867187500e-01 6.090464591979980469e-01 5.512291193008422852e-01 5.013494491577148438e-01
7.506078481674194336e-01 8.467211723327636719e-01 9.023996591567993164e-01 9.935450553894042969e-01 1.117184400558471680e+00 1.292075872421264648e+00 nan 1.361977338790893555e+00 1.169574975967407227e+00 1.020609378814697266e+00 8.659251928329467773e-01 7.779455184936523438e-01 7.314479351043701172e-01 6.482919454574584961e-01 5.630524158477783203e-01 5.065519809722900391e-01
7.169111967086791992e-01 8.160107135772705078e-01 8.646794557571411133e-01 8.995908498764038086e-01 1.011660814285278320e+00 1.155831813812255859e+00 1.274699211120605469e+00 nan 1.287754535675048828e+00 1.102208614349365234e+00 9.514074325561523438e-01 8.382545709609985352e-01 7.711031436920166016e-01 6.992722749710083008e-01 5.950139760971069336e-01 5.183731317520141602e-01
7.270582914352416992e-01 7.775646448135375977e-01 8.235733509063720703e-01 8.478301763534545898e-01 9.049595594406127930e-01 9.887381792068481445e-01 1.098392963409423828e+00 1.214093685150146484e+00 nan 1.226817846298217773e+00 1.050269365310668945e+00 9.313839673995971680e-01 8.193920850753784180e-01 7.518292665481567383e-01 6.443465948104858398e-01 5.434581041336059570e-01
7.481814622879028320e-01 7.560666799545288086e-01 7.632040977478027344e-01 7.976980209350585938e-01 8.044718503952026367e-01 8.351804018020629883e-01 9.393571615219116211e-01 1.049447536468505859e+00 1.189476013183593750e+00 nan 1.204804658889770508e+00 1.029231309890747070e+00 9.115657806396484375e-01 8.046945333480834961e-01 6.952048540115356445e-01 5.911959409713745117e-01
7.636350393295288086e-01 7.553795576095581055e-01 7.387974262237548828e-01 7.224075794219970703e-01 7.343980073928833008e-01 7.567917108535766602e-01 8.176279067993164062e-01 9.238221645355224609e-01 1.036220550537109375e+00 1.205362796783447266e+00 nan 1.176197290420532227e+00 1.008409023284912109e+00 8.919510841369628906e-01 7.476359605789184570e-01 6.404104232788085938e-01
7.384592294692993164e-01 7.385311126708984375e-01 7.218147516250610352e-01 6.979774236679077148e-01 6.731598377227783203e-01 6.903867721557617188e-01 7.394851446151733398e-01 8.007968664169311523e-01 9.112793207168579102e-01 1.038699626922607422e+00 1.205538272857666016e+00 nan 1.147960901260375977e+00 9.878008365631103516e-01 8.346229791641235352e-01 6.911470890045166016e-01
5.632480382919311523e-01 6.759867668151855469e-01 6.663820743560791016e-01 6.438755989074707031e-01 6.216731071472167969e-01 6.086220741271972656e-01 6.620116233825683594e-01 7.171729803085327148e-01 7.821605205535888672e-01 8.914995193481445312e-01 1.029327630996704102e+00 1.197649240493774414e+00 nan 1.120091438293457031e+00 9.426929950714111328e-01 7.638937234878540039e-01
5.340368747711181641e-01 5.306922197341918945e-01 5.584872961044311523e-01 5.909520387649536133e-01 5.694643259048461914e-01 5.552990436553955078e-01 5.685524940490722656e-01 6.206120252609252930e-01 6.743994951248168945e-01 7.299721240997314453e-01 8.430273532867431641e-01 9.802054166793823242e-01 1.180167198181152344e+00 nan 1.081819772720336914e+00 8.544654846191406250e-01
4.987437725067138672e-01 4.990482330322265625e-01 4.931998252868652344e-01 4.919929504394531250e-01 5.189363956451416016e-01 5.074653625488281250e-01 5.184348821640014648e-01 5.294842720031738281e-01 5.802439451217651367e-01 6.326915025711059570e-01 6.918731927871704102e-01 7.854154109954833984e-01 9.112795591354370117e-01 1.069801568984985352e+00 nan 9.752441644668579102e-01
4.516408443450927734e-01 4.609594345092773438e-01 4.583652019500732422e-01 4.558086395263671875e-01 4.558986425399780273e-01 4.579041004180908203e-01 4.687694311141967773e-01 4.797157049179077148e-01 4.907436370849609375e-01 5.195478200912475586e-01 5.766075849533081055e-01 6.418148279190063477e-01 7.097190618515014648e-01 8.211659193038940430e-01 9.568078517913818359e-01 nan
