nan 1.644361257553100586e+00 1.535156488418579102e+00 1.444241762161254883e+00 1.341115713119506836e+00 1.248849630355834961e+00 1.214992046356201172e+00 1.196757555007934570e+00 1.170642614364624023e+00 1.141454458236694336e+00 1.113190889358520508e+00 1.038333415985107422e+00 9.195742607116699219e-01 8.140341043472290039e-01 7.218291759490966797e-01 6.343106031417846680e-01
1.395719528198242188e+00 nan 1.864077806472778320e+00 1.656334161758422852e+00 1.519450664520263672e+00 1.394714593887329102e+00 1.277585268020629883e+00 1.242517948150634766e+00 1.210591316223144531e+00 1.161273479461669922e+00 1.064103126525878906e+00 9.909850358963012695e-01 8.873989582061767578e-01 7.914646863937377930e-01 7.004067897796630859e-01 6.139771938323974609e-01
1.240388154983520508e+00 1.633606195449829102e+00 nan 1.997288703918457031e+00 1.754400730133056641e+00 1.577132225036621094e+00 1.452615976333618164e+00 1.341077804565429688e+00 1.268647432327270508e+00 1.167696475982666016e+00 1.036139488220214844e+00 9.447358846664428711e-01 8.639167547225952148e-01 7.691760063171386719e-01 6.792509555816650391e-01 5.938967466354370117e-01
1.166425466537475586e+00 1.428844690322875977e+00 1.788567066192626953e+00 nan 2.081290006637573242e+00 1.832706451416015625e+00 1.641109228134155273e+00 1.496970176696777344e+00 1.313819408416748047e+00 1.161869764328002930e+00 1.031085491180419922e+00 9.082131385803222656e-01 8.356192111968994141e-01 7.427011728286743164e-01 6.543763875961303711e-01 5.702935457229614258e-01
1.068306446075439453e+00 1.296108484268188477e+00 1.547542572021484375e+00 1.881259441375732422e+00 nan 2.152051925659179688e+00 1.898665189743041992e+00 1.636467933654785156e+00 1.405622482299804688e+00 1.184958696365356445e+00 1.031704664230346680e+00 9.006749391555786133e-01 8.036847114562988281e-01 7.073326110839843750e-01 6.205582618713378906e-01 5.381939411163330078e-01
9.932997226715087891e-01 1.178167581558227539e+00 1.398190498352050781e+00 1.630002737045288086e+00 1.968394994735717773e+00 nan 2.146047353744506836e+00 1.806235790252685547e+00 1.509056091308593750e+00 1.268547773361206055e+00 1.056488037109375000e+00 9.238595962524414062e-01 8.299599885940551758e-01 6.947561502456665039e-01 6.020225286483764648e-01 5.143630504608154297e-01
9.669603109359741211e-01 1.109417200088500977e+00 1.271564006805419922e+00 1.473166704177856445e+00 1.720612764358520508e+00 2.031456232070922852e+00 nan 2.006143569946289062e+00 1.669425249099731445e+00 1.362945318222045898e+00 1.137122154235839844e+00 9.473271369934082031e-01 8.546044826507568359e-01 7.276489734649658203e-01 5.993552207946777344e-01 5.118416547775268555e-01
9.405181407928466797e-01 1.069537401199340820e+00 1.156068086624145508e+00 1.309535503387451172e+00 1.512089014053344727e+00 1.667219161987304688e+00 1.912556648254394531e+00 nan 1.867301702499389648e+00 1.503890275955200195e+00 1.221824884414672852e+00 1.010577201843261719e+00 8.795809745788574219e-01 7.637692689895629883e-01 6.235520839691162109e-01 5.138068199157714844e-01
9.453607797622680664e-01 1.015233755111694336e+00 1.086633920669555664e+00 1.165335893630981445e+00 1.262288093566894531e+00 1.401991605758666992e+00 1.550322771072387695e+00 1.798320293426513672e+00 nan 1.688802957534790039e+00 1.337267875671386719e+00 1.090264797210693359e+00 9.304816722869873047e-01 8.006446361541748047e-01 6.574959754943847656e-01 5.440633296966552734e-01
9.657239913940429688e-01 9.766352176666259766e-01 1.019346237182617188e+00 1.030655622482299805e+00 1.052908658981323242e+00 1.163034200668334961e+00 1.296719551086425781e+00 1.438549995422363281e+00 1.705105066299438477e+00 nan 1.505985975265502930e+00 1.193639516830444336e+00 1.009511232376098633e+00 8.509210348129272461e-01 6.948331594467163086e-01 5.883344411849975586e-01
9.694210290908813477e-01 9.708969593048095703e-01 9.373654127120971680e-01 9.182610511779785156e-01 9.344773292541503906e-01 9.842499494552612305e-01 1.088342905044555664e+00 1.209308385848999023e+00 1.337280988693237305e+00 1.576911687850952148e+00 nan 1.354023218154907227e+00 1.103066682815551758e+00 9.277396202087402344e-01 7.369616031646728516e-01 6.247276067733764648e-01
8.797953128814697266e-01 8.549033403396606445e-01 8.330872058868408203e-01 8.178331851959228516e-01 8.228029012680053711e-01 8.697791099548339844e-01 9.178875684738159180e-01 1.017407178878784180e+00 1.134263992309570312e+00 1.241969347000122070e+00 1.438587665557861328e+00 nan 1.240872621536254883e+00 9.975062608718872070e-01 8.249198198318481445e-01 6.619544029235839844e-01
6.909933090209960938e-01 7.340699434280395508e-01 6.936576366424560547e-01 6.764411926269531250e-01 6.657905578613281250e-01 6.958760023117065430e-01 7.580232620239257812e-01 8.224483728408813477e-01 9.331083297729492188e-01 1.047737598419189453e+00 1.133843660354614258e+00 1.322747230529785156e+00 nan 1.145562410354614258e+00 9.173321723937988281e-01 7.352689504623413086e-01
6.381319761276245117e-01 5.870282649993896484e-01 5.666316747665405273e-01 5.696438550949096680e-01 5.621540546417236328e-01 5.788875818252563477e-01 6.048531532287597656e-01 6.636648178100585938e-01 7.246319055557250977e-01 7.969166040420532227e-01 8.930832147598266602e-01 9.919483661651611328e-01 1.152531862258911133e+00 nan 1.069413185119628906e+00 8.205432891845703125e-01
5.864050388336181641e-01 5.386619567871093750e-01 4.827585220336914062e-01 4.713003635406494141e-01 4.778833389282226562e-01 4.886547327041625977e-01 4.995045661926269531e-01 5.187158584594726562e-01 5.743709802627563477e-01 6.218404769897460938e-01 6.787141561508178711e-01 7.913504838943481445e-01 9.033013582229614258e-01 1.056706428527832031e+00 nan 9.641306400299072266e-01
5.521061420440673828e-01 5.058331489562988281e-01 4.526393413543701172e-01 4.347777366638183594e-01 4.348828792572021484e-01 4.388692378997802734e-01 4.496093988418579102e-01 4.604296684265136719e-01 4.713307619094848633e-01 4.993796348571777344e-01 5.553251504898071289e-01 6.189224720001220703e-01 6.827977895736694336e-01 7.959322929382324219e-01 9.519413709640502930e-01 nan
