nan 1.378547668457031250e+00 1.271609067916870117e+00 1.241859197616577148e+00 1.165126323699951172e+00 1.135492324829101562e+00 1.123399257659912109e+00 1.111374378204345703e+00 1.097063779830932617e+00 1.093648433685302734e+00 1.054079294204711914e+00 9.813163280487060547e-01 8.669241666793823242e-01 7.720307111740112305e-01 6.819603443145751953e-01 5.964682102203369141e-01
1.344303369522094727e+00 nan 1.521894931793212891e+00 1.395150899887084961e+00 1.287592887878417969e+00 1.206501960754394531e+00 1.170752525329589844e+00 1.158459663391113281e+00 1.135659217834472656e+00 1.089347839355468750e+00 1.006364345550537109e+00 9.352916479110717773e-01 8.436967134475708008e-01 7.499837875366210938e-01 6.610339879989624023e-01 5.766056776046752930e-01
1.166863918304443359e+00 1.508626222610473633e+00 nan 1.651805162429809570e+00 1.461851835250854492e+00 1.358226537704467773e+00 1.262846946716308594e+00 1.206376314163208008e+00 1.173676967620849609e+00 1.090451478958129883e+00 9.635818004608154297e-01 8.903360366821289062e-01 8.207581043243408203e-01 7.282110452651977539e-01 6.403682231903076172e-01 5.569901466369628906e-01
1.087749004364013672e+00 1.288313150405883789e+00 1.651925325393676758e+00 nan 1.734261989593505859e+00 1.543384075164794922e+00 1.429243803024291992e+00 1.322622060775756836e+00 1.164529085159301758e+00 1.085777521133422852e+00 9.617303609848022461e-01 8.457969427108764648e-01 7.960720062255859375e-01 7.051559686660766602e-01 6.188418865203857422e-01 5.368971824645996094e-01
1.008681058883666992e+00 1.195367813110351562e+00 1.419256925582885742e+00 1.738817453384399414e+00 nan 1.829514026641845703e+00 1.626090764999389648e+00 1.410699844360351562e+00 1.216606378555297852e+00 1.079820394515991211e+00 9.518392086029052734e-01 8.353310823440551758e-01 7.610514163970947266e-01 6.719081401824951172e-01 5.872770547866821289e-01 5.081752538681030273e-01
9.286675453186035156e-01 1.112225055694580078e+00 1.300008296966552734e+00 1.517534732818603516e+00 1.866478204727172852e+00 nan 1.844809770584106445e+00 1.519144058227539062e+00 1.301589965820312500e+00 1.144236087799072266e+00 9.767854213714599609e-01 8.556585311889648438e-01 7.726521492004394531e-01 6.518303155899047852e-01 5.617464780807495117e-01 4.915764331817626953e-01
9.031816720962524414e-01 1.042382240295410156e+00 1.183643102645874023e+00 1.367567777633666992e+00 1.614978075027465820e+00 1.935820341110229492e+00 nan 1.704824686050415039e+00 1.395183801651000977e+00 1.226192474365234375e+00 1.028254270553588867e+00 8.818591833114624023e-01 7.976808547973632812e-01 6.739470958709716797e-01 5.602402687072753906e-01 5.019843578338623047e-01
8.784866333007812500e-01 1.014676570892333984e+00 1.100335359573364258e+00 1.229898452758789062e+00 1.399902820587158203e+00 1.548283338546752930e+00 1.812056064605712891e+00 nan 1.571727752685546875e+00 1.311197042465209961e+00 1.109557628631591797e+00 9.203026294708251953e-01 8.222028017044067383e-01 7.090270519256591797e-01 5.855716466903686523e-01 5.130106210708618164e-01
8.725275993347167969e-01 9.768664836883544922e-01 1.049468994140625000e+00 1.085873842239379883e+00 1.170019626617431641e+00 1.295483350753784180e+00 1.437236785888671875e+00 1.693228721618652344e+00 nan 1.464549779891967773e+00 1.193168163299560547e+00 9.989151954650878906e-01 8.468039035797119141e-01 7.447583675384521484e-01 6.333245038986206055e-01 5.328412055969238281e-01
8.994580507278442383e-01 9.237695932388305664e-01 9.741709232330322266e-01 9.814609289169311523e-01 1.001936674118041992e+00 1.110714197158813477e+00 1.226790428161621094e+00 1.349251031875610352e+00 1.606510877609252930e+00 nan 1.329801082611083984e+00 1.080745935440063477e+00 9.224077463150024414e-01 7.928103208541870117e-01 6.825155019760131836e-01 5.790057182312011719e-01
9.145196676254272461e-01 9.161138534545898438e-01 8.741955757141113281e-01 8.717894554138183594e-01 8.864454030990600586e-01 9.349827766418457031e-01 1.041782855987548828e+00 1.160050868988037109e+00 1.284960269927978516e+00 1.550282955169677734e+00 nan 1.206209421157836914e+00 1.001106500625610352e+00 8.773751258850097656e-01 7.278445959091186523e-01 6.167659759521484375e-01
8.456536531448364258e-01 8.047389984130859375e-01 7.844041585922241211e-01 7.695553302764892578e-01 7.776170969009399414e-01 8.233540058135986328e-01 8.702679872512817383e-01 9.724282026290893555e-01 1.086679458618164062e+00 1.200280666351318359e+00 1.417133808135986328e+00 nan 1.117010831832885742e+00 9.580694437026977539e-01 7.913230657577514648e-01 6.525644063949584961e-01
6.453175544738769531e-01 6.942967176437377930e-01 6.564517021179199219e-01 6.396131515502929688e-01 6.275657415390014648e-01 6.709589958190917969e-01 7.321933507919311523e-01 7.956717014312744141e-01 9.114415645599365234e-01 1.024512767791748047e+00 1.109092712402343750e+00 1.314896583557128906e+00 nan 1.064321517944335938e+00 8.793522119522094727e-01 7.003679275512695312e-01
5.938838720321655273e-01 5.451078414916992188e-01 5.630869865417480469e-01 5.440535545349121094e-01 5.299477577209472656e-01 5.426567792892456055e-01 5.812734365463256836e-01 6.392211914062500000e-01 6.992925405502319336e-01 7.854883670806884766e-01 8.807548284530639648e-01 1.005410671234130859e+00 1.216123580932617188e+00 nan 9.895517826080322266e-01 7.839270830154418945e-01
5.434525012969970703e-01 4.973038434982299805e-01 4.761373996734619141e-01 4.751228094100952148e-01 4.829695224761962891e-01 4.937779903411865234e-01 5.046651363372802734e-01 5.346679687500000000e-01 5.855191946029663086e-01 6.391551494598388672e-01 7.011336088180541992e-01 8.190389871597290039e-01 9.313724040985107422e-01 1.045231103897094727e+00 nan 8.784949779510498047e-01
5.089459419250488281e-01 4.639807939529418945e-01 4.413182735443115234e-01 4.389657974243164062e-01 4.390712976455688477e-01 4.442833662033081055e-01 4.550639390945434570e-01 4.659248590469360352e-01 4.768669605255126953e-01 5.207372903823852539e-01 5.774797201156616211e-01 6.408812999725341797e-01 7.116597890853881836e-01 8.189454078674316406e-01 9.494175910949707031e-01 nan
