nan 1.252191543579101562e+00 1.151274681091308594e+00 1.123253107070922852e+00 1.114686250686645508e+00 1.086068868637084961e+00 1.063499212265014648e+00 1.055402040481567383e+00 1.047336816787719727e+00 1.039303064346313477e+00 1.031300783157348633e+00 1.023329973220825195e+00 1.016675472259521484e+00 1.034460783004760742e+00 1.019418001174926758e+00 9.726930856704711914e-01 0.000000000000000000e+00 0.000000000000000000e+00 0.000000000000000000e+00 0.000000000000000000e+00 0.000000000000000000e+00 0.000000000000000000e+00
1.199833631515502930e+00 nan 1.287762403488159180e+00 1.218134641647338867e+00 1.209185361862182617e+00 1.171277761459350586e+00 1.125719785690307617e+00 1.087027311325073242e+00 1.078837871551513672e+00 1.070680379867553711e+00 1.062555074691772461e+00 1.054461717605590820e+00 1.041512966156005859e+00 1.026483058929443359e+00 9.899257421493530273e-01 9.407385587692260742e-01 0.000000000000000000e+00 0.000000000000000000e+00 0.000000000000000000e+00 0.000000000000000000e+00 0.000000000000000000e+00 0.000000000000000000e+00
1.074003219604492188e+00 1.256348848342895508e+00 nan 1.364458084106445312e+00 1.299915552139282227e+00 1.259021282196044922e+00 1.210011959075927734e+00 1.162065982818603516e+00 1.115160226821899414e+00 1.102541208267211914e+00 1.094193696975708008e+00 1.085750341415405273e+00 1.066921234130859375e+00 1.024483680725097656e+00 9.572781324386596680e-01 9.088951349258422852e-01 0.000000000000000000e+00 0.000000000000000000e+00 0.000000000000000000e+00 0.000000000000000000e+00 0.000000000000000000e+00 0.000000000000000000e+00
1.019883871078491211e+00 1.154693603515625000e+00 1.342070579528808594e+00 nan 1.431679725646972656e+00 1.348599672317504883e+00 1.297417879104614258e+00 1.247321367263793945e+00 1.198317289352416992e+00 1.150381803512573242e+00 1.125390768051147461e+00 1.113294363021850586e+00 1.073951005935668945e+00 1.020265340805053711e+00 9.484021663665771484e-01 8.775743246078491211e-01 0.000000000000000000e+00 0.000000000000000000e+00 0.000000000000000000e+00 0.000000000000000000e+00 0.000000000000000000e+00 0.000000000000000000e+00
9.805954694747924805e-01 1.107199430465698242e+00 1.228793621063232422e+00 1.403267145156860352e+00 nan 1.506915569305419922e+00 1.392901420593261719e+00 1.333444833755493164e+00 1.283067226409912109e+00 1.233777284622192383e+00 1.185551166534423828e+00 1.124627113342285156e+00 1.069629430770874023e+00 1.016055345535278320e+00 9.481970071792602539e-01 8.653589487075805664e-01 0.000000000000000000e+00 0.000000000000000000e+00 0.000000000000000000e+00 0.000000000000000000e+00 0.000000000000000000e+00 0.000000000000000000e+00
9.296069145202636719e-01 1.051825046539306641e+00 1.179279088973999023e+00 1.302209377288818359e+00 1.467042446136474609e+00 nan 1.567890405654907227e+00 1.442122697830200195e+00 1.362771749496459961e+00 1.304570674896240234e+00 1.239750862121582031e+00 1.137987613677978516e+00 1.056179285049438477e+00 1.003239870071411133e+00 9.399279356002807617e-01 8.577069044113159180e-01 0.000000000000000000e+00 0.000000000000000000e+00 0.000000000000000000e+00 0.000000000000000000e+00 0.000000000000000000e+00 0.000000000000000000e+00
8.730696439743041992e-01 9.967026710510253906e-01 1.123170137405395508e+00 1.241299390792846680e+00 1.347288370132446289e+00 1.549000740051269531e+00 nan 1.630349159240722656e+00 1.498080253601074219e+00 1.399755716323852539e+00 1.284440994262695312e+00 1.178579807281494141e+00 1.077623844146728516e+00 9.996457099914550781e-01 9.307330846786499023e-01 8.489017486572265625e-01 0.000000000000000000e+00 0.000000000000000000e+00 0.000000000000000000e+00 0.000000000000000000e+00 0.000000000000000000e+00 0.000000000000000000e+00
8.345632553100585938e-01 9.430612325668334961e-01 1.066131353378295898e+00 1.178610801696777344e+00 1.273365259170532227e+00 1.414867877960205078e+00 1.635990858078002930e+00 nan 1.689755201339721680e+00 1.481421470642089844e+00 1.343740224838256836e+00 1.235130786895751953e+00 1.131554365158081055e+00 1.032777786254882812e+00 9.465965032577514648e-01 8.587957620620727539e-01 0.000000000000000000e+00 0.000000000000000000e+00 0.000000000000000000e+00 0.000000000000000000e+00 0.000000000000000000e+00 0.000000000000000000e+00
8.169335126876831055e-01 9.110162258148193359e-01 1.010624408721923828e+00 1.112288475036621094e+00 1.209609985351562500e+00 1.319984674453735352e+00 1.484391927719116211e+00 1.725950002670288086e+00 nan 1.608913660049438477e+00 1.413207769393920898e+00 1.293149948120117188e+00 1.186884641647338867e+00 1.085544109344482422e+00 9.714164733886718750e-01 8.744639158248901367e-01 0.000000000000000000e+00 0.000000000000000000e+00 0.000000000000000000e+00 0.000000000000000000e+00 0.000000000000000000e+00 0.000000000000000000e+00
7.995747327804565430e-01 8.926520347595214844e-01 9.783290624618530273e-01 1.047985792160034180e+00 1.139888286590576172e+00 1.235077619552612305e+00 1.375918865203857422e+00 1.489557981491088867e+00 1.666040182113647461e+00 nan 1.526927471160888672e+00 1.360642433166503906e+00 1.243650913238525391e+00 1.139679670333862305e+00 1.024822235107421875e+00 8.902637958526611328e-01 0.000000000000000000e+00 0.000000000000000000e+00 0.000000000000000000e+00 0.000000000000000000e+00 0.000000000000000000e+00 0.000000000000000000e+00
7.832809686660766602e-01 8.744642734527587891e-01 9.589942693710327148e-01 1.014783620834350586e+00 1.072366476058959961e+00 1.159889459609985352e+00 1.239509344100952148e+00 1.324069023132324219e+00 1.414291381835937500e+00 1.588002920150756836e+00 nan 1.471885681152343750e+00 1.309222459793090820e+00 1.195221185684204102e+00 1.077219009399414062e+00 9.413900375366210938e-01 0.000000000000000000e+00 0.000000000000000000e+00 0.000000000000000000e+00 0.000000000000000000e+00 0.000000000000000000e+00 0.000000000000000000e+00
7.837120294570922852e-01 8.564513921737670898e-01 9.326815605163574219e-01 9.846241474151611328e-01 1.018299341201782227e+00 1.056836843490600586e+00 1.116966009140014648e+00 1.196898698806762695e+00 1.279850006103515625e+00 1.365932703018188477e+00 1.528266191482543945e+00 nan 1.418042421340942383e+00 1.258922338485717773e+00 1.130971193313598633e+00 9.952695369720458984e-01 0.000000000000000000e+00 0.000000000000000000e+00 0.000000000000000000e+00 0.000000000000000000e+00 0.000000000000000000e+00 0.000000000000000000e+00
8.009357452392578125e-01 8.392575979232788086e-01 8.981572389602661133e-01 9.438413381576538086e-01 9.666556119918823242e-01 9.678982496261596680e-01 1.001127481460571289e+00 1.076686620712280273e+00 1.155098438262939453e+00 1.236471176147460938e+00 1.320916414260864258e+00 1.493716955184936523e+00 nan 1.365372419357299805e+00 1.186114549636840820e+00 1.051468372344970703e+00 0.000000000000000000e+00 0.000000000000000000e+00 0.000000000000000000e+00 0.000000000000000000e+00 0.000000000000000000e+00 0.000000000000000000e+00
8.178360462188720703e-01 8.454433679580688477e-01 8.590697050094604492e-01 8.881607055664062500e-01 8.929853439331054688e-01 8.978220224380493164e-01 9.090597629547119141e-01 9.630527496337890625e-01 1.037174224853515625e+00 1.114094257354736328e+00 1.193918704986572266e+00 1.278378486633300781e+00 1.470860242843627930e+00 nan 1.284804344177246094e+00 1.109249830245971680e+00 0.000000000000000000e+00 0.000000000000000000e+00 0.000000000000000000e+00 0.000000000000000000e+00 0.000000000000000000e+00 0.000000000000000000e+00
8.404060602188110352e-01 8.473129272460937500e-01 8.469440937042236328e-01 8.188765048980712891e-01 8.198159933090209961e-01 8.244657516479492188e-01 8.321194648742675781e-01 8.646266460418701172e-01 9.173468351364135742e-01 9.935665130615234375e-01 1.072816371917724609e+00 1.152175903320312500e+00 1.239793539047241211e+00 1.448213100433349609e+00 nan 1.201508283615112305e+00 0.000000000000000000e+00 0.000000000000000000e+00 0.000000000000000000e+00 0.000000000000000000e+00 0.000000000000000000e+00 0.000000000000000000e+00
8.573732376098632812e-01 8.459190130233764648e-01 8.117934465408325195e-01 7.842596769332885742e-01 7.571445703506469727e-01 7.539449930191040039e-01 7.584264278411865234e-01 7.894769906997680664e-01 8.212277889251708984e-01 8.720195293426513672e-01 9.464373588562011719e-01 1.023813724517822266e+00 1.105331182479858398e+00 1.219704866409301758e+00 1.369948148727416992e+00 nan 0.000000000000000000e+00 0.000000000000000000e+00 0.000000000000000000e+00 0.000000000000000000e+00 0.000000000000000000e+00 0.000000000000000000e+00
8.099622726440429688e-01 7.806023359298706055e-01 7.422201633453369141e-01 7.274205684661865234e-01 7.152447700500488281e-01 6.993976831436157227e-01 6.941606998443603516e-01 7.229688167572021484e-01 7.554252147674560547e-01 7.884932756423950195e-01 8.396601676940917969e-01 9.148489236831665039e-01 9.931106567382812500e-01 1.074571132659912109e+00 1.151241302490234375e+00 1.300166368484497070e+00 nan 0.000000000000000000e+00 0.000000000000000000e+00 0.000000000000000000e+00 0.000000000000000000e+00 0.000000000000000000e+00
6.571313142776489258e-01 7.089080810546875000e-01 6.720865964889526367e-01 6.504676342010498047e-01 6.388341188430786133e-01 6.272826194763183594e-01 6.158126592636108398e-01 6.411150693893432617e-01 6.825197935104370117e-01 7.249692678451538086e-01 7.630226612091064453e-01 8.127818107604980469e-01 8.868720531463623047e-01 9.639903306961059570e-01 1.020859241485595703e+00 1.104233980178833008e+00 0.000000000000000000e+00 nan 0.000000000000000000e+00 0.000000000000000000e+00 0.000000000000000000e+00 0.000000000000000000e+00
5.869768857955932617e-01 5.547852516174316406e-01 6.205101013183593750e-01 6.067813634872436523e-01 5.917125940322875977e-01 5.767852067947387695e-01 5.619977712631225586e-01 5.692974328994750977e-01 5.907152891159057617e-01 6.270222663879394531e-01 6.641578674316406250e-01 7.022198438644409180e-01 7.547590732574462891e-01 8.405665159225463867e-01 9.123466014862060547e-01 9.910682439804077148e-01 0.000000000000000000e+00 0.000000000000000000e+00 nan 0.000000000000000000e+00 0.000000000000000000e+00 0.000000000000000000e+00
5.524640083312988281e-01 5.206050872802734375e-01 5.108720064163208008e-01 5.452177524566650391e-01 5.560003519058227539e-01 5.414078235626220703e-01 5.280761718750000000e-01 5.357778072357177734e-01 5.435184240341186523e-01 5.628653764724731445e-01 5.985367298126220703e-01 6.350222826004028320e-01 6.723403930664062500e-01 7.105106115341186523e-01 7.850145101547241211e-01 8.633965253829956055e-01 0.000000000000000000e+00 0.000000000000000000e+00 0.000000000000000000e+00 nan 0.000000000000000000e+00 0.000000000000000000e+00
5.184912681579589844e-01 4.916219711303710938e-01 4.892314672470092773e-01 4.852185249328613281e-01 4.840346574783325195e-01 5.068240165710449219e-01 4.954370260238647461e-01 5.029742717742919922e-01 5.105494260787963867e-01 5.181628465652465820e-01 5.355031490325927734e-01 5.705499649047851562e-01 6.063966751098632812e-01 6.430810689926147461e-01 6.833835840225219727e-01 7.393236160278320312e-01 0.000000000000000000e+00 0.000000000000000000e+00 0.000000000000000000e+00 0.000000000000000000e+00 nan 0.000000000000000000e+00
4.893157482147216797e-01 4.670459032058715820e-01 4.667202234268188477e-01 4.629447460174560547e-01 4.608216285705566406e-01 4.608956575393676758e-01 4.630250930786132812e-01 4.705767631530761719e-01 4.781674146652221680e-01 4.857354164123535156e-01 4.932237863540649414e-01 5.086199045181274414e-01 5.430530309677124023e-01 5.783152580261230469e-01 6.170290708541870117e-01 6.566927433013916016e-01 0.000000000000000000e+00 0.000000000000000000e+00 0.000000000000000000e+00 0.000000000000000000e+00 0.000000000000000000e+00 nan
