nan 1.568178176879882812e+00 1.425862789154052734e+00 1.342857360839843750e+00 1.248981714248657227e+00 1.183561086654663086e+00 1.157449960708618164e+00 1.145232200622558594e+00 1.129179954528808594e+00 1.095472335815429688e+00 1.067031145095825195e+00 9.938088655471801758e-01 8.681451082229614258e-01 7.731896638870239258e-01 6.830606460571289062e-01 5.975126028060913086e-01
1.380885362625122070e+00 nan 1.734407901763916016e+00 1.549093246459960938e+00 1.416067361831665039e+00 1.296449899673461914e+00 1.205562591552734375e+00 1.193072557449340820e+00 1.168365955352783203e+00 1.109393835067749023e+00 1.019015312194824219e+00 9.474943876266479492e-01 8.449025154113769531e-01 7.511281967163085938e-01 6.621205806732177734e-01 5.776369571685791016e-01
1.191979885101318359e+00 1.548232316970825195e+00 nan 1.868799924850463867e+00 1.636324167251586914e+00 1.471382379531860352e+00 1.365483760833740234e+00 1.267973899841308594e+00 1.208273172378540039e+00 1.114851474761962891e+00 9.865015745162963867e-01 9.022555351257324219e-01 8.219488859176635742e-01 7.293413877487182617e-01 6.414409875869750977e-01 5.580086708068847656e-01
1.092786550521850586e+00 1.330279111862182617e+00 1.698404073715209961e+00 nan 1.948399782180786133e+00 1.710537195205688477e+00 1.541660070419311523e+00 1.418328762054443359e+00 1.239450931549072266e+00 1.108865737915039062e+00 9.812880754470825195e-01 8.614282608032226562e-01 7.940146923065185547e-01 7.032026052474975586e-01 6.169873476028442383e-01 5.351365804672241211e-01
1.010153293609619141e+00 1.200310230255126953e+00 1.459594726562500000e+00 1.788263559341430664e+00 nan 2.019497394561767578e+00 1.801972866058349609e+00 1.545616865158081055e+00 1.322726249694824219e+00 1.133037805557250977e+00 9.851533174514770508e-01 8.580962419509887695e-01 7.595466375350952148e-01 6.699930429458618164e-01 5.854587554931640625e-01 5.052037239074707031e-01
9.433097839355468750e-01 1.115774154663085938e+00 1.316884994506835938e+00 1.538088083267211914e+00 1.887882709503173828e+00 nan 2.060785770416259766e+00 1.710397005081176758e+00 1.423141479492187500e+00 1.218925237655639648e+00 1.010525465011596680e+00 8.843313455581665039e-01 7.981469631195068359e-01 6.615346670150756836e-01 5.709216594696044922e-01 4.852497577667236328e-01
9.176304340362548828e-01 1.060171604156494141e+00 1.191015243530273438e+00 1.380750417709350586e+00 1.628005981445312500e+00 1.964932680130004883e+00 nan 1.910173177719116211e+00 1.577025890350341797e+00 1.307230710983276367e+00 1.089088678359985352e+00 9.109368324279785156e-01 8.254578113555908203e-01 6.921727657318115234e-01 5.696525573730468750e-01 4.955389499664306641e-01
8.928488492965698242e-01 1.024620532989501953e+00 1.110200881958007812e+00 1.239447593688964844e+00 1.427892684936523438e+00 1.578003644943237305e+00 1.838968038558959961e+00 nan 1.766972064971923828e+00 1.438559532165527344e+00 1.173206090927124023e+00 9.754331111907958984e-01 8.512319326400756836e-01 7.295300960540771484e-01 5.924440622329711914e-01 5.072737932205200195e-01
9.008349180221557617e-01 9.819868803024291992e-01 1.052220106124877930e+00 1.104971885681152344e+00 1.187146186828613281e+00 1.322372674942016602e+00 1.465959548950195312e+00 1.718354701995849609e+00 nan 1.617625474929809570e+00 1.288674116134643555e+00 1.057690143585205078e+00 9.013938903808593750e-01 7.677123546600341797e-01 6.368998289108276367e-01 5.364685058593750000e-01
9.285390377044677734e-01 9.448896646499633789e-01 9.872916936874389648e-01 9.978033304214477539e-01 1.014114379882812500e+00 1.114199876785278320e+00 1.230772495269775391e+00 1.358785390853881836e+00 1.615464210510253906e+00 nan 1.449020624160766602e+00 1.161222934722900391e+00 9.805680513381958008e-01 8.180776834487915039e-01 6.875278949737548828e-01 5.839899778366088867e-01
9.376804828643798828e-01 9.393105506896972656e-01 9.060090780258178711e-01 8.884149789810180664e-01 8.989162445068359375e-01 9.480037689208984375e-01 1.044885158538818359e+00 1.163603544235229492e+00 1.289214134216308594e+00 1.539606332778930664e+00 nan 1.315695762634277344e+00 1.071916580200195312e+00 9.133715629577636719e-01 7.351757287979125977e-01 6.236001253128051758e-01
8.531610965728759766e-01 8.238788843154907227e-01 8.030807971954345703e-01 7.882142066955566406e-01 7.908650636672973633e-01 8.365869522094726562e-01 8.840631246566772461e-01 9.767705202102661133e-01 1.091534137725830078e+00 1.206942081451416016e+00 1.403404951095581055e+00 nan 1.210695505142211914e+00 9.961769580841064453e-01 8.226057291030883789e-01 6.606843471527099609e-01
6.614075899124145508e-01 7.099231481552124023e-01 6.711722612380981445e-01 6.543365716934204102e-01 6.387424468994140625e-01 6.705888509750366211e-01 7.320399284362792969e-01 7.957514524459838867e-01 8.998801708221435547e-01 1.025059223175048828e+00 1.110982179641723633e+00 1.305427551269531250e+00 nan 1.140841960906982422e+00 9.148536920547485352e-01 7.331722974777221680e-01
6.099628210067749023e-01 5.600661039352416992e-01 5.475718975067138672e-01 5.495827198028564453e-01 5.372582674026489258e-01 5.538315773010253906e-01 5.820697546005249023e-01 6.402648687362670898e-01 7.005764245986938477e-01 7.770894765853881836e-01 8.726164102554321289e-01 9.804021120071411133e-01 1.159801959991455078e+00 nan 1.063777446746826172e+00 8.209317922592163086e-01
5.592931509017944336e-01 5.127428770065307617e-01 4.726299047470092773e-01 4.714925289154052734e-01 4.781501293182373047e-01 4.889235496520996094e-01 4.997752904891967773e-01 5.195254087448120117e-01 5.698748826980590820e-01 6.228108406066894531e-01 6.815913915634155273e-01 7.937012910842895508e-01 9.072872400283813477e-01 1.052223443984985352e+00 nan 9.543056488037109375e-01
5.259186029434204102e-01 4.804476499557495117e-01 4.375175237655639648e-01 4.350657463073730469e-01 4.351708889007568359e-01 4.392372369766235352e-01 4.499800205230712891e-01 4.608031511306762695e-01 4.717069864273071289e-01 5.021344423294067383e-01 5.584659576416015625e-01 6.228370666503906250e-01 6.892091035842895508e-01 7.964814901351928711e-01 9.525382518768310547e-01 nan
