nan 1.343987941741943359e+00 1.242635250091552734e+00 1.209408760070800781e+00 1.138157367706298828e+00 1.116387844085693359e+00 1.104402780532836914e+00 1.092484951019287109e+00 1.078739881515502930e+00 1.067846536636352539e+00 1.025045156478881836e+00 9.533104896545410156e-01 8.505204916000366211e-01 7.564604282379150391e-01 6.671817302703857422e-01 5.836378335952758789e-01
1.243449687957763672e+00 nan 1.469067335128784180e+00 1.345760822296142578e+00 1.261696577072143555e+00 1.191164970397949219e+00 1.151332378387451172e+00 1.139149427413940430e+00 1.116997718811035156e+00 1.064555644989013672e+00 9.780049324035644531e-01 9.079366922378540039e-01 8.274968862533569336e-01 7.346073389053344727e-01 6.464394330978393555e-01 5.633373260498046875e-01
1.116449832916259766e+00 1.367946386337280273e+00 nan 1.592060327529907227e+00 1.424561023712158203e+00 1.326498508453369141e+00 1.245486497879028320e+00 1.186854124069213867e+00 1.150692939758300781e+00 1.065645694732666016e+00 9.402821063995361328e-01 8.637012243270874023e-01 8.047599792480468750e-01 7.130262851715087891e-01 6.259549856185913086e-01 5.433095693588256836e-01
1.042974948883056641e+00 1.232849597930908203e+00 1.501602411270141602e+00 nan 1.688983917236328125e+00 1.504900217056274414e+00 1.391737937927246094e+00 1.287159442901611328e+00 1.139379978179931641e+00 1.061092853546142578e+00 9.364048242568969727e-01 8.283797502517700195e-01 7.782813310623168945e-01 6.882658004760742188e-01 6.028068065643310547e-01 5.241371393203735352e-01
9.642915725708007812e-01 1.148286342620849609e+00 1.340208768844604492e+00 1.602033615112304688e+00 nan 1.782691001892089844e+00 1.582632541656494141e+00 1.367995500564575195e+00 1.194908857345581055e+00 1.057618856430053711e+00 9.291894435882568359e-01 8.195112943649291992e-01 7.436076402664184570e-01 6.553473472595214844e-01 5.715547800064086914e-01 5.073626041412353516e-01
9.019408226013183594e-01 1.066926002502441406e+00 1.229526996612548828e+00 1.428112983703613281e+00 1.725678205490112305e+00 nan 1.789733648300170898e+00 1.470373868942260742e+00 1.279060602188110352e+00 1.124131441116333008e+00 9.538460969924926758e-01 8.420965671539306641e-01 7.596470117568969727e-01 6.372538805007934570e-01 5.476667881011962891e-01 4.912253618240356445e-01
8.768079280853271484e-01 1.015752315521240234e+00 1.132580041885375977e+00 1.285954236984252930e+00 1.518697977066040039e+00 1.775899887084960938e+00 nan 1.652458906173706055e+00 1.366229772567749023e+00 1.204823970794677734e+00 1.006815910339355469e+00 8.671215772628784180e-01 7.833449840545654297e-01 6.606014966964721680e-01 5.586844682693481445e-01 5.021725893020629883e-01
8.525626659393310547e-01 9.832986593246459961e-01 1.068172693252563477e+00 1.161696672439575195e+00 1.301205635070800781e+00 1.443312883377075195e+00 1.658689737319946289e+00 nan 1.526321649551391602e+00 1.287707328796386719e+00 1.086354017257690430e+00 9.072659015655517578e-01 8.073618412017822266e-01 6.953200101852416992e-01 5.884767770767211914e-01 5.132002830505371094e-01
8.576788902282714844e-01 9.416747093200683594e-01 1.011474370956420898e+00 1.045420646667480469e+00 1.104770898818969727e+00 1.220520734786987305e+00 1.342636823654174805e+00 1.546953678131103516e+00 nan 1.438237428665161133e+00 1.169044733047485352e+00 9.853450059890747070e-01 8.342663049697875977e-01 7.435833215713500977e-01 6.363167762756347656e-01 5.356494188308715820e-01
8.839801549911499023e-01 9.018164873123168945e-01 9.327355623245239258e-01 9.398728609085083008e-01 9.555509090423583984e-01 1.047012090682983398e+00 1.159753322601318359e+00 1.278527259826660156e+00 1.485691308975219727e+00 nan 1.303465366363525391e+00 1.066620349884033203e+00 9.093569517135620117e-01 7.960948944091796875e-01 6.855977773666381836e-01 5.818986892700195312e-01
8.942595720291137695e-01 8.893886804580688477e-01 8.480551242828369141e-01 8.325029611587524414e-01 8.427356481552124023e-01 8.901482820510864258e-01 9.774801731109619141e-01 1.092024326324462891e+00 1.213203191757202148e+00 1.434957981109619141e+00 nan 1.190557718276977539e+00 9.994788169860839844e-01 8.834041357040405273e-01 7.321300506591796875e-01 6.207758188247680664e-01
8.291244506835937500e-01 7.788150310516357422e-01 7.538182735443115234e-01 7.392241954803466797e-01 7.374687194824218750e-01 7.811061143875122070e-01 8.269325494766235352e-01 9.103102684020996094e-01 1.022564888000488281e+00 1.135139942169189453e+00 1.308487892150878906e+00 nan 1.124242782592773438e+00 9.653626680374145508e-01 7.988663911819458008e-01 6.577140092849731445e-01
6.277738809585571289e-01 6.763156652450561523e-01 6.381119489669799805e-01 6.214600801467895508e-01 6.062787771224975586e-01 6.375100612640380859e-01 6.975187063217163086e-01 7.597260475158691406e-01 8.563154935836791992e-01 9.724068641662597656e-01 1.054945945739746094e+00 1.231810331344604492e+00 nan 1.072687149047851562e+00 8.877853155136108398e-01 7.079977989196777344e-01
5.768885612487792969e-01 5.281795263290405273e-01 5.492837429046630859e-01 5.433462858200073242e-01 5.261428356170654297e-01 5.372658967971801758e-01 5.593689680099487305e-01 6.110386848449707031e-01 6.652760505676269531e-01 7.349901199340820312e-01 8.447664976119995117e-01 9.734283685684204102e-01 1.140378952026367188e+00 nan 9.978650808334350586e-01 7.919321060180664062e-01
5.268778800964355469e-01 4.812324047088623047e-01 4.734244346618652344e-01 4.722934961318969727e-01 4.792814254760742188e-01 4.900629520416259766e-01 5.009230375289916992e-01 5.200880765914916992e-01 5.704562664031982422e-01 6.234507560729980469e-01 6.812821626663208008e-01 7.862224578857421875e-01 9.005707502365112305e-01 1.012613773345947266e+00 nan 8.874717950820922852e-01
4.932353496551513672e-01 4.487383365631103516e-01 4.385137557983398438e-01 4.360505342483520508e-01 4.361557960510253906e-01 4.405356645584106445e-01 4.512882232666015625e-01 4.621210098266601562e-01 4.730347394943237305e-01 5.046474933624267578e-01 5.607897043228149414e-01 6.237970590591430664e-01 6.908665895462036133e-01 7.860469818115234375e-01 8.979952335357666016e-01 nan
