nan 1.153810262680053711e+00 1.086501121520996094e+00 1.035565376281738281e+00 9.944440126419067383e-01 9.831494092941284180e-01 9.719189405441284180e-01 9.607518911361694336e-01 9.496483802795410156e-01 9.599519968032836914e-01 9.348291158676147461e-01 8.737158775329589844e-01 8.108321428298950195e-01 7.207515239715576172e-01 6.655149459838867188e-01 6.120512485504150391e-01
1.162561416625976562e+00 nan 1.196142196655273438e+00 1.149208068847656250e+00 1.089211463928222656e+00 1.027375221252441406e+00 1.015894174575805664e+00 1.004478216171264648e+00 9.897085428237915039e-01 9.573187828063964844e-01 8.974039554595947266e-01 8.394211530685424805e-01 7.883026599884033203e-01 6.986933946609497070e-01 6.441648006439208984e-01 5.913865566253662109e-01
1.035884380340576172e+00 1.218299865722656250e+00 nan 1.278745651245117188e+00 1.209922552108764648e+00 1.141005277633666992e+00 1.074237346649169922e+00 1.049179553985595703e+00 1.026327848434448242e+00 9.702544212341308594e-01 8.533288240432739258e-01 8.090919256210327148e-01 7.660533189773559570e-01 6.769181489944458008e-01 6.230884790420532227e-01 5.708199739456176758e-01
9.531506299972534180e-01 1.105359792709350586e+00 1.295673131942749023e+00 nan 1.340385198593139648e+00 1.258317947387695312e+00 1.188590288162231445e+00 1.119439363479614258e+00 1.038749217987060547e+00 9.637413024902343750e-01 8.515313863754272461e-01 7.773368358612060547e-01 7.425256967544555664e-01 6.547733545303344727e-01 6.013593673706054688e-01 5.497443675994873047e-01
8.723073005676269531e-01 1.025624990463256836e+00 1.196649074554443359e+00 1.355987787246704102e+00 nan 1.398256540298461914e+00 1.304131507873535156e+00 1.190602540969848633e+00 1.046472311019897461e+00 9.450128078460693359e-01 8.388683795928955078e-01 7.614307403564453125e-01 7.021909952163696289e-01 6.355696916580200195e-01 5.827625989913940430e-01 5.316605567932128906e-01
8.104685544967651367e-01 9.488645792007446289e-01 1.104837894439697266e+00 1.248270034790039062e+00 1.449871540069580078e+00 nan 1.448570251464843750e+00 1.273209571838378906e+00 1.122630834579467773e+00 9.812120199203491211e-01 8.471651077270507812e-01 7.642841339111328125e-01 6.851217746734619141e-01 6.165888309478759766e-01 5.643947124481201172e-01 5.138856172561645508e-01
7.795951366424560547e-01 8.998463153839111328e-01 1.012643575668334961e+00 1.143231868743896484e+00 1.308001518249511719e+00 1.547550916671752930e+00 nan 1.373421430587768555e+00 1.202675104141235352e+00 1.055689811706542969e+00 8.783204555511474609e-01 7.880442142486572266e-01 7.216876745223999023e-01 6.441193819046020508e-01 5.678583383560180664e-01 5.110139846801757812e-01
7.499349117279052734e-01 8.760620355606079102e-01 9.519515037536621094e-01 1.046236753463745117e+00 1.179149150848388672e+00 1.299769639968872070e+00 1.469000816345214844e+00 nan 1.299108982086181641e+00 1.132966995239257812e+00 9.552141427993774414e-01 8.121243715286254883e-01 7.606151103973388672e-01 6.936355829238891602e-01 5.894417762756347656e-01 5.221065282821655273e-01
7.454817295074462891e-01 8.396657705307006836e-01 9.082989692687988281e-01 9.552458524703979492e-01 1.009711027145385742e+00 1.120233535766601562e+00 1.236833333969116211e+00 1.408482074737548828e+00 nan 1.224494218826293945e+00 1.035256624221801758e+00 8.930374383926391602e-01 8.004223108291625977e-01 7.446427345275878906e-01 6.373111009597778320e-01 5.365824699401855469e-01
7.759680747985839844e-01 7.966705560684204102e-01 8.501437902450561523e-01 8.701289892196655273e-01 8.724733591079711914e-01 9.547125101089477539e-01 1.062210559844970703e+00 1.175619363784790039e+00 1.376660346984863281e+00 nan 1.118575096130371094e+00 9.883105754852294922e-01 8.728841543197631836e-01 7.928644418716430664e-01 6.866220235824584961e-01 5.828598737716674805e-01
8.076002597808837891e-01 7.925909757614135742e-01 7.714990377426147461e-01 7.666195631027221680e-01 7.731432914733886719e-01 8.123855590820312500e-01 8.981736898422241211e-01 1.006011724472045898e+00 1.119618892669677734e+00 1.345553874969482422e+00 nan 1.088378429412841797e+00 9.671427011489868164e-01 8.529452085494995117e-01 7.374180555343627930e-01 6.305309534072875977e-01
7.733135223388671875e-01 7.441313266754150391e-01 7.159332036972045898e-01 6.948653459548950195e-01 6.871142387390136719e-01 7.228521108627319336e-01 7.699261903762817383e-01 8.555809259414672852e-01 9.661142826080322266e-01 1.095591306686401367e+00 1.283809185028076172e+00 nan 1.066145181655883789e+00 9.462004899978637695e-01 7.971100807189941406e-01 6.751947402954101562e-01
5.856453180313110352e-01 6.633340120315551758e-01 6.426577568054199219e-01 6.204524040222167969e-01 5.985471010208129883e-01 6.237859725952148438e-01 6.775901317596435547e-01 7.331769466400146484e-01 8.234601020812988281e-01 9.345552921295166016e-01 1.054319620132446289e+00 1.270256757736206055e+00 nan 1.036473035812377930e+00 8.886876106262207031e-01 7.135778665542602539e-01
5.360770225524902344e-01 5.249997377395629883e-01 5.747495889663696289e-01 5.681993961334228516e-01 5.470004081726074219e-01 5.523109436035156250e-01 5.828822851181030273e-01 6.353310346603393555e-01 6.895177364349365234e-01 7.661907672882080078e-01 8.792994022369384766e-01 1.009696006774902344e+00 1.229366540908813477e+00 nan 9.843292236328125000e-01 7.954143285751342773e-01
4.924365282058715820e-01 4.932956695556640625e-01 4.877398014068603516e-01 4.866696596145629883e-01 4.971159696578979492e-01 5.046460628509521484e-01 5.156124830245971680e-01 5.430091619491577148e-01 5.941367149353027344e-01 6.474192142486572266e-01 7.061043977737426758e-01 8.181810379028320312e-01 9.462385177612304688e-01 1.078389167785644531e+00 nan 8.888301849365234375e-01
4.526312351226806641e-01 4.549624919891357422e-01 4.531670808792114258e-01 4.507488012313842773e-01 4.508551359176635742e-01 4.553122520446777344e-01 4.661750793457031250e-01 4.771190881729125977e-01 4.881446361541748047e-01 5.335211753845214844e-01 5.907406806945800781e-01 6.540943384170532227e-01 7.271349430084228516e-01 8.483815193176269531e-01 9.642368555068969727e-01 nan
