nan 1.500218152999877930e+00 1.368145942687988281e+00 1.311678171157836914e+00 1.230592012405395508e+00 1.175282478332519531e+00 1.157031536102294922e+00 1.144816398620605469e+00 1.127688169479370117e+00 1.110011339187622070e+00 1.060393571853637695e+00 9.874064922332763672e-01 8.691985607147216797e-01 7.741894721984863281e-01 6.840093135833740234e-01 5.984131097793579102e-01
1.328037738800048828e+00 nan 1.663077592849731445e+00 1.497348785400390625e+00 1.382069587707519531e+00 1.264135360717773438e+00 1.205135107040405273e+00 1.192647218704223633e+00 1.166846752166748047e+00 1.104554414749145508e+00 1.012531995773315430e+00 9.412407875061035156e-01 8.459426164627075195e-01 7.521156072616577148e-01 6.630578041076660156e-01 5.785263776779174805e-01
1.181215524673461914e+00 1.512897729873657227e+00 nan 1.793874263763427734e+00 1.567470550537109375e+00 1.439276933670043945e+00 1.340619325637817383e+00 1.242997884750366211e+00 1.194939613342285156e+00 1.105665922164916992e+00 9.778730869293212891e-01 8.961470127105712891e-01 8.229761123657226562e-01 7.303165197372436523e-01 6.423666477203369141e-01 5.588868856430053711e-01
1.092268943786621094e+00 1.312857151031494141e+00 1.643203258514404297e+00 nan 1.872018814086914062e+00 1.647438526153564453e+00 1.509363174438476562e+00 1.381701707839965820e+00 1.187246561050415039e+00 1.099946022033691406e+00 9.729076623916625977e-01 8.535546064376831055e-01 7.952450513839721680e-01 7.043707370758056641e-01 6.180964708328247070e-01 5.361895561218261719e-01
1.009962797164916992e+00 1.200121164321899414e+00 1.432935714721679688e+00 1.730721712112426758e+00 nan 1.951921701431274414e+00 1.737887620925903320e+00 1.473470211029052734e+00 1.257721185684204102e+00 1.105742931365966797e+00 9.722378253936767578e-01 8.470890522003173828e-01 7.602406740188598633e-01 6.711381673812866211e-01 5.865463018417358398e-01 5.062363147735595703e-01
9.442688226699829102e-01 1.116797685623168945e+00 1.309782028198242188e+00 1.524177789688110352e+00 1.847191810607910156e+00 nan 1.941070079803466797e+00 1.604385137557983398e+00 1.354465961456298828e+00 1.182998418807983398e+00 9.974448680877685547e-01 8.731687068939208984e-01 7.893793582916259766e-01 6.588733196258544922e-01 5.684052705764770508e-01 4.886226654052734375e-01
9.185768365859985352e-01 1.062381029129028320e+00 1.185384988784790039e+00 1.374632120132446289e+00 1.618260145187377930e+00 1.883342742919921875e+00 nan 1.796348094940185547e+00 1.476230382919311523e+00 1.266436100006103516e+00 1.061230182647705078e+00 8.993823528289794922e-01 8.141580820083618164e-01 6.863459348678588867e-01 5.659749507904052734e-01 4.995508193969726562e-01
8.938180208206176758e-01 1.026014328002929688e+00 1.111191511154174805e+00 1.230273246765136719e+00 1.379857778549194336e+00 1.526999235153198242e+00 1.760918617248535156e+00 nan 1.659285306930541992e+00 1.365439176559448242e+00 1.142967462539672852e+00 9.486658573150634766e-01 8.385899066925048828e-01 7.216025590896606445e-01 5.888113975524902344e-01 5.105592012405395508e-01
9.018436670303344727e-01 9.808422327041625977e-01 1.051685333251953125e+00 1.082383394241333008e+00 1.148595809936523438e+00 1.275825738906860352e+00 1.416365623474121094e+00 1.644886493682861328e+00 nan 1.527670860290527344e+00 1.229811906814575195e+00 1.028439521789550781e+00 8.740816116333007812e-01 7.575963735580444336e-01 6.366615295410156250e-01 5.359730720520019531e-01
9.282696247100830078e-01 9.429770708084106445e-01 9.646468162536621094e-01 9.719020128250122070e-01 9.918851852416992188e-01 1.086431980133056641e+00 1.204722404479980469e+00 1.325969457626342773e+00 1.541798830032348633e+00 nan 1.386263847351074219e+00 1.111478805541992188e+00 9.508020877838134766e-01 7.964732646942138672e-01 6.859529018402099609e-01 5.796095132827758789e-01
9.353803396224975586e-01 9.234530925750732422e-01 8.813740015029907227e-01 8.627592325210571289e-01 8.769737482070922852e-01 9.252673387527465820e-01 1.015561342239379883e+00 1.132310390472412109e+00 1.255822896957397461e+00 1.482887029647827148e+00 nan 1.257303476333618164e+00 1.030663013458251953e+00 8.900618553161621094e-01 7.268152236938476562e-01 6.158027648925781250e-01
8.469538688659667969e-01 7.986488342285156250e-01 7.778681516647338867e-01 7.630730867385864258e-01 7.666043043136596680e-01 8.141990900039672852e-01 8.608775138854980469e-01 9.470976591110229492e-01 1.059881448745727539e+00 1.170954227447509766e+00 1.347077131271362305e+00 nan 1.149354219436645508e+00 9.712191820144653320e-01 8.003673553466796875e-01 6.514526605606079102e-01
6.474322080612182617e-01 6.925152540206909180e-01 6.537604331970214844e-01 6.369493007659912109e-01 6.253484487533569336e-01 6.547193527221679688e-01 7.153586149215698242e-01 7.782200574874877930e-01 8.758748769760131836e-01 9.976094961166381836e-01 1.081356763839721680e+00 1.248507022857666016e+00 nan 1.095290422439575195e+00 8.888407945632934570e-01 7.089530229568481445e-01
5.959324836730957031e-01 5.465388298034667969e-01 5.412137508392333984e-01 5.353200435638427734e-01 5.242280960083007812e-01 5.405552387237548828e-01 5.659054517745971680e-01 6.232900619506835938e-01 6.827775239944458008e-01 7.511482238769531250e-01 8.446429967880249023e-01 9.602700471878051758e-01 1.118895292282104492e+00 nan 1.016127347946166992e+00 7.929341793060302734e-01
5.453770160675048828e-01 4.990803003311157227e-01 4.691580533981323242e-01 4.680024385452270508e-01 4.749691486358642578e-01 4.857192039489746094e-01 4.965476989746093750e-01 5.136159658432006836e-01 5.637695789337158203e-01 6.168159246444702148e-01 6.744109392166137695e-01 7.787492275238037109e-01 8.878985643386840820e-01 1.001707553863525391e+00 nan 8.917040824890136719e-01
5.119435787200927734e-01 4.668889045715332031e-01 4.341257810592651367e-01 4.316426515579223633e-01 4.317476749420166016e-01 4.361132383346557617e-01 4.468327760696411133e-01 4.576324224472045898e-01 4.685125350952148438e-01 4.963265657424926758e-01 5.521582365036010742e-01 6.151244640350341797e-01 6.780998706817626953e-01 7.686027288436889648e-01 9.033087491989135742e-01 nan
