nan 1.149118185043334961e+00 1.088113069534301758e+00 1.056642770767211914e+00 1.025646924972534180e+00 9.809490442276000977e-01 9.652800559997558594e-01 9.423084259033203125e-01 9.214653968811035156e-01 9.137183427810668945e-01 9.060024023056030273e-01 8.983179330825805664e-01 8.959697484970092773e-01 9.152709245681762695e-01 9.040669202804565430e-01 8.853765726089477539e-01 0.000000000000000000e+00 0.000000000000000000e+00 0.000000000000000000e+00 0.000000000000000000e+00 0.000000000000000000e+00 0.000000000000000000e+00
1.113326549530029297e+00 nan 1.174642324447631836e+00 1.129275321960449219e+00 1.095460653305053711e+00 1.046052694320678711e+00 9.905735254287719727e-01 9.579833745956420898e-01 9.500890970230102539e-01 9.422266483306884766e-01 9.343961477279663086e-01 9.265969991683959961e-01 9.169688224792480469e-01 9.072408676147460938e-01 8.994171619415283203e-01 8.544418811798095703e-01 0.000000000000000000e+00 0.000000000000000000e+00 0.000000000000000000e+00 0.000000000000000000e+00 0.000000000000000000e+00 0.000000000000000000e+00
1.031872987747192383e+00 1.152572154998779297e+00 nan 1.204472780227661133e+00 1.164328098297119141e+00 1.112983465194702148e+00 1.054239034652709961e+00 1.009444952011108398e+00 9.791394472122192383e-01 9.711598157882690430e-01 9.632123708724975586e-01 9.552972316741943359e-01 9.404110908508300781e-01 9.210407733917236328e-01 8.702458143234252930e-01 8.240141868591308594e-01 0.000000000000000000e+00 0.000000000000000000e+00 0.000000000000000000e+00 0.000000000000000000e+00 0.000000000000000000e+00 0.000000000000000000e+00
9.746350049972534180e-01 1.078414678573608398e+00 1.191771507263183594e+00 nan 1.235459089279174805e+00 1.182205200195312500e+00 1.134621143341064453e+00 1.088074684143066406e+00 1.042542695999145508e+00 1.000524282455444336e+00 9.924585819244384766e-01 9.839458465576171875e-01 9.641407728195190430e-01 9.228565692901611328e-01 8.575443029403686523e-01 7.989815473556518555e-01 0.000000000000000000e+00 0.000000000000000000e+00 0.000000000000000000e+00 0.000000000000000000e+00 0.000000000000000000e+00 0.000000000000000000e+00
9.186595678329467773e-01 1.019556283950805664e+00 1.125758886337280273e+00 1.228065013885498047e+00 nan 1.269952058792114258e+00 1.218024730682373047e+00 1.169780492782592773e+00 1.122467041015625000e+00 1.076185464859008789e+00 1.030912876129150391e+00 1.008207559585571289e+00 9.698404073715209961e-01 9.188497066497802734e-01 8.573486804962158203e-01 7.916529178619384766e-01 0.000000000000000000e+00 0.000000000000000000e+00 0.000000000000000000e+00 0.000000000000000000e+00 0.000000000000000000e+00 0.000000000000000000e+00
8.628442287445068359e-01 9.608056545257568359e-01 1.063918590545654297e+00 1.168213844299316406e+00 1.257318496704101562e+00 nan 1.304518699645996094e+00 1.244295358657836914e+00 1.190578699111938477e+00 1.143285274505615234e+00 1.097012996673583984e+00 1.023069858551025391e+00 9.582319259643554688e-01 9.078141450881958008e-01 8.505926132202148438e-01 7.887915372848510742e-01 0.000000000000000000e+00 0.000000000000000000e+00 0.000000000000000000e+00 0.000000000000000000e+00 0.000000000000000000e+00 0.000000000000000000e+00
8.077327013015747070e-01 9.037642478942871094e-01 1.003877639770507812e+00 1.099160671234130859e+00 1.188445091247558594e+00 1.307585239410400391e+00 nan 1.343265771865844727e+00 1.278471708297729492e+00 1.218928813934326172e+00 1.145010709762573242e+00 1.047441005706787109e+00 9.544153213500976562e-01 8.950144052505493164e-01 8.418211936950683594e-01 7.818577289581298828e-01 0.000000000000000000e+00 0.000000000000000000e+00 0.000000000000000000e+00 0.000000000000000000e+00 0.000000000000000000e+00 0.000000000000000000e+00
7.798871994018554688e-01 8.483821153640747070e-01 9.455831050872802734e-01 1.032306432723999023e+00 1.125036478042602539e+00 1.232355356216430664e+00 1.361329555511474609e+00 nan 1.387697696685791016e+00 1.304699659347534180e+00 1.200690507888793945e+00 1.098710060119628906e+00 1.001455307006835938e+00 9.087074995040893555e-01 8.426234722137451172e-01 7.791112661361694336e-01 0.000000000000000000e+00 0.000000000000000000e+00 0.000000000000000000e+00 0.000000000000000000e+00 0.000000000000000000e+00 0.000000000000000000e+00
7.587510347366333008e-01 8.289717435836791992e-01 8.888396024703979492e-01 9.675812721252441406e-01 1.057982921600341797e+00 1.151183843612670898e+00 1.272477149963378906e+00 1.416238784790039062e+00 nan 1.381739854812622070e+00 1.257815361022949219e+00 1.153187990188598633e+00 1.053408622741699219e+00 9.582532644271850586e-01 8.580563068389892578e-01 7.956646680831909180e-01 0.000000000000000000e+00 0.000000000000000000e+00 0.000000000000000000e+00 0.000000000000000000e+00 0.000000000000000000e+00 0.000000000000000000e+00
7.364506721496582031e-01 8.093734979629516602e-01 8.674587011337280273e-01 9.130827188491821289e-01 9.930455684661865234e-01 1.081703186035156250e+00 1.189846277236938477e+00 1.310991287231445312e+00 1.422686338424682617e+00 nan 1.331426858901977539e+00 1.209079504013061523e+00 1.106710195541381836e+00 1.009084701538085938e+00 9.022412300109863281e-01 8.123719692230224609e-01 0.000000000000000000e+00 0.000000000000000000e+00 0.000000000000000000e+00 0.000000000000000000e+00 0.000000000000000000e+00 0.000000000000000000e+00
7.084417343139648438e-01 7.878873348236083984e-01 8.465265035629272461e-01 8.908729553222656250e-01 9.301573038101196289e-01 1.013098478317260742e+00 1.101253747940063477e+00 1.185563087463378906e+00 1.268086194992065430e+00 1.379687547683715820e+00 nan 1.280643463134765625e+00 1.161395788192749023e+00 1.061236381530761719e+00 9.540473222732543945e-01 8.571070432662963867e-01 0.000000000000000000e+00 0.000000000000000000e+00 0.000000000000000000e+00 0.000000000000000000e+00 0.000000000000000000e+00 0.000000000000000000e+00
7.082430124282836914e-01 7.666562795639038086e-01 8.223463296890258789e-01 8.638870716094970703e-01 8.955135345458984375e-01 9.377979040145874023e-01 9.910709857940673828e-01 1.065971851348876953e+00 1.143979310989379883e+00 1.224931716918945312e+00 1.341097354888916016e+00 nan 1.230966091156005859e+00 1.114741325378417969e+00 1.008338451385498047e+00 9.213230609893798828e-01 0.000000000000000000e+00 0.000000000000000000e+00 0.000000000000000000e+00 0.000000000000000000e+00 0.000000000000000000e+00 0.000000000000000000e+00
7.224123477935791016e-01 7.477912902832031250e-01 7.884137630462646484e-01 8.288428783416748047e-01 8.606861829757690430e-01 8.737540245056152344e-01 8.853572607040405273e-01 9.529237747192382812e-01 1.026662588119506836e+00 1.103186130523681641e+00 1.182598829269409180e+00 1.319639205932617188e+00 nan 1.182370901107788086e+00 1.071367502212524414e+00 9.877595901489257812e-01 0.000000000000000000e+00 0.000000000000000000e+00 0.000000000000000000e+00 0.000000000000000000e+00 0.000000000000000000e+00 0.000000000000000000e+00
7.423219680786132812e-01 7.484247684478759766e-01 7.525439262390136719e-01 7.878088951110839844e-01 8.099787235260009766e-01 8.133192062377929688e-01 8.144650459289550781e-01 8.460621833801269531e-01 9.157661199569702148e-01 9.881019592285156250e-01 1.063169240951538086e+00 1.141070842742919922e+00 1.298377513885498047e+00 nan 1.145803928375244141e+00 1.056493282318115234e+00 0.000000000000000000e+00 0.000000000000000000e+00 0.000000000000000000e+00 0.000000000000000000e+00 0.000000000000000000e+00 0.000000000000000000e+00
7.676031589508056641e-01 7.559050321578979492e-01 7.482992410659790039e-01 7.424530982971191406e-01 7.400177717208862305e-01 7.444639205932617188e-01 7.504684925079345703e-01 7.740374803543090820e-01 8.161388635635375977e-01 8.881647586822509766e-01 9.637703895568847656e-01 1.042403221130371094e+00 1.138970851898193359e+00 1.308240890502929688e+00 nan 1.127603769302368164e+00 0.000000000000000000e+00 0.000000000000000000e+00 0.000000000000000000e+00 0.000000000000000000e+00 0.000000000000000000e+00 0.000000000000000000e+00
7.850869894027709961e-01 7.689244747161865234e-01 7.438722848892211914e-01 7.192465066909790039e-01 6.968450546264648438e-01 6.942350864410400391e-01 7.023016214370727539e-01 7.241965532302856445e-01 7.586501836776733398e-01 8.017348051071166992e-01 8.774812221527099609e-01 9.564117193222045898e-01 1.036868810653686523e+00 1.151813983917236328e+00 1.288507699966430664e+00 nan 0.000000000000000000e+00 0.000000000000000000e+00 0.000000000000000000e+00 0.000000000000000000e+00 0.000000000000000000e+00 0.000000000000000000e+00
7.518564462661743164e-01 7.457038164138793945e-01 7.228559255599975586e-01 7.069761753082275391e-01 6.885223388671875000e-01 6.665211915969848633e-01 6.600703001022338867e-01 6.785365343093872070e-01 7.120778560638427734e-01 7.462893724441528320e-01 7.884012460708618164e-01 8.635869026184082031e-01 9.419333934783935547e-01 1.030903100967407227e+00 1.134582996368408203e+00 1.267207860946655273e+00 nan 0.000000000000000000e+00 0.000000000000000000e+00 0.000000000000000000e+00 0.000000000000000000e+00 0.000000000000000000e+00
6.110532283782958984e-01 6.971073150634765625e-01 6.835389137268066406e-01 6.686776876449584961e-01 6.530283689498901367e-01 6.375260353088378906e-01 6.221690177917480469e-01 6.276365518569946289e-01 6.647862195968627930e-01 7.000441551208496094e-01 7.340152263641357422e-01 7.751661539077758789e-01 8.497954607009887695e-01 9.275619983673095703e-01 1.008761167526245117e+00 1.110116243362426758e+00 0.000000000000000000e+00 nan 0.000000000000000000e+00 0.000000000000000000e+00 0.000000000000000000e+00 0.000000000000000000e+00
5.491845607757568359e-01 5.491307973861694336e-01 6.334562301635742188e-01 6.312384605407714844e-01 6.159404516220092773e-01 6.007857322692871094e-01 5.857732295989990234e-01 5.811899900436401367e-01 5.991402864456176758e-01 6.356395483016967773e-01 6.729718446731567383e-01 7.111562490463256836e-01 7.528910636901855469e-01 8.342937231063842773e-01 9.090129137039184570e-01 9.844635725021362305e-01 0.000000000000000000e+00 0.000000000000000000e+00 nan 0.000000000000000000e+00 0.000000000000000000e+00 0.000000000000000000e+00
5.271478891372680664e-01 5.264735221862792969e-01 5.234358310699462891e-01 5.534538030624389648e-01 5.796844959259033203e-01 5.648697614669799805e-01 5.501941442489624023e-01 5.474163293838500977e-01 5.552154779434204102e-01 5.711429119110107422e-01 6.070030927658081055e-01 6.436818838119506836e-01 6.811977624893188477e-01 7.195700407028198242e-01 7.876578569412231445e-01 8.661558628082275391e-01 0.000000000000000000e+00 0.000000000000000000e+00 0.000000000000000000e+00 nan 0.000000000000000000e+00 0.000000000000000000e+00
5.032054185867309570e-01 5.041476488113403320e-01 5.016154050827026367e-01 4.975689649581909180e-01 4.962726831436157227e-01 5.297597646713256836e-01 5.154132843017578125e-01 5.143640041351318359e-01 5.219967365264892578e-01 5.296677350997924805e-01 5.436357259750366211e-01 5.788681507110595703e-01 6.149046421051025391e-01 6.517637968063354492e-01 6.921250820159912109e-01 7.418992519378662109e-01 0.000000000000000000e+00 0.000000000000000000e+00 0.000000000000000000e+00 0.000000000000000000e+00 nan 0.000000000000000000e+00
4.729671478271484375e-01 4.794855117797851562e-01 4.793776273727416992e-01 4.755696058273315430e-01 4.733270406723022461e-01 4.734019041061401367e-01 4.812976121902465820e-01 4.820177555084228516e-01 4.894874095916748047e-01 4.969946146011352539e-01 5.045397281646728516e-01 5.166100263595581055e-01 5.512256622314453125e-01 5.866312980651855469e-01 6.254260540008544922e-01 6.652956008911132812e-01 0.000000000000000000e+00 0.000000000000000000e+00 0.000000000000000000e+00 0.000000000000000000e+00 0.000000000000000000e+00 nan
