nan 1.653936862945556641e+00 1.561507463455200195e+00 1.478237390518188477e+00 1.390341281890869141e+00 1.267757177352905273e+00 1.176942348480224609e+00 1.097112178802490234e+00 1.031919240951538086e+00 9.827924966812133789e-01 9.385265111923217773e-01 8.719114065170288086e-01 7.904931306838989258e-01 6.961964368820190430e-01 6.335221529006958008e-01 5.810741186141967773e-01
1.558278560638427734e+00 nan 1.793615102767944336e+00 1.654586791992187500e+00 1.478927612304687500e+00 1.351800441741943359e+00 1.256032705307006836e+00 1.184314489364624023e+00 1.120246171951293945e+00 1.024362325668334961e+00 9.028892517089843750e-01 8.380014896392822266e-01 7.593016624450683594e-01 6.647194623947143555e-01 6.112698316574096680e-01 5.595362186431884766e-01
1.330134153366088867e+00 1.697348356246948242e+00 nan 1.889371395111083984e+00 1.666876077651977539e+00 1.471451759338378906e+00 1.369985580444335938e+00 1.278363466262817383e+00 1.184722423553466797e+00 1.034921169281005859e+00 9.045062065124511719e-01 8.058328628540039062e-01 7.345998287200927734e-01 6.483477354049682617e-01 5.893205404281616211e-01 5.382916927337646484e-01
1.128486394882202148e+00 1.431470870971679688e+00 1.800243139266967773e+00 nan 1.912088632583618164e+00 1.709106922149658203e+00 1.517913341522216797e+00 1.371946096420288086e+00 1.203613042831420898e+00 1.046086072921752930e+00 9.154697656631469727e-01 7.989246845245361328e-01 7.119082212448120117e-01 6.351287364959716797e-01 5.759419202804565430e-01 5.188976526260375977e-01
1.041945219039916992e+00 1.262255907058715820e+00 1.539964437484741211e+00 1.858178377151489258e+00 nan 1.945005893707275391e+00 1.731831073760986328e+00 1.454019069671630859e+00 1.256592035293579102e+00 1.085011243820190430e+00 9.209995269775390625e-01 8.097177743911743164e-01 7.118462324142456055e-01 6.212311983108520508e-01 5.625474452972412109e-01 5.059878826141357422e-01
9.496389627456665039e-01 1.172000885009765625e+00 1.350162744522094727e+00 1.584742784500122070e+00 1.928279638290405273e+00 nan 1.882086992263793945e+00 1.588994979858398438e+00 1.332691431045532227e+00 1.135401964187622070e+00 9.628328084945678711e-01 8.554002046585083008e-01 7.603297233581542969e-01 6.325548887252807617e-01 5.596778392791748047e-01 4.963169097900390625e-01
8.753986358642578125e-01 1.068746566772460938e+00 1.241059780120849609e+00 1.379429817199707031e+00 1.651214361190795898e+00 1.939077854156494141e+00 nan 1.731395721435546875e+00 1.461884260177612305e+00 1.190979957580566406e+00 1.033734083175659180e+00 9.025394916534423828e-01 8.026975393295288086e-01 6.814196109771728516e-01 5.679370164871215820e-01 5.013444423675537109e-01
8.316215276718139648e-01 9.831677675247192383e-01 1.110194921493530273e+00 1.232959508895874023e+00 1.360129594802856445e+00 1.559180259704589844e+00 1.794994354248046875e+00 nan 1.598232984542846680e+00 1.307599544525146484e+00 1.088841438293457031e+00 9.581427574157714844e-01 8.352042436599731445e-01 7.252351045608520508e-01 6.087952852249145508e-01 5.063889026641845703e-01
7.926375865936279297e-01 9.356125593185424805e-01 9.969105720520019531e-01 1.053847074508666992e+00 1.144461154937744141e+00 1.245069265365600586e+00 1.432002544403076172e+00 1.657155036926269531e+00 nan 1.433289289474487305e+00 1.195842266082763672e+00 1.005213499069213867e+00 8.797476291656494141e-01 7.701922655105590820e-01 6.507183313369750977e-01 5.393075942993164062e-01
8.022999763488769531e-01 8.849638700485229492e-01 9.159336090087890625e-01 9.052863121032714844e-01 9.672850370407104492e-01 1.059882164001464844e+00 1.152506113052368164e+00 1.337924242019653320e+00 1.548174619674682617e+00 nan 1.316029310226440430e+00 1.101153135299682617e+00 9.249341487884521484e-01 8.201810121536254883e-01 6.937339305877685547e-01 5.794197320938110352e-01
8.227171897888183594e-01 8.560923337936401367e-01 8.161009550094604492e-01 8.107477426528930664e-01 8.313652276992797852e-01 9.015979766845703125e-01 9.895025491714477539e-01 1.078961849212646484e+00 1.256743431091308594e+00 1.431908607482910156e+00 nan 1.216157674789428711e+00 1.010547161102294922e+00 8.786311149597167969e-01 7.346328496932983398e-01 6.205773353576660156e-01
7.831418514251708984e-01 7.867466211318969727e-01 7.452472448348999023e-01 7.083238363265991211e-01 7.292656898498535156e-01 7.597593069076538086e-01 8.237112760543823242e-01 9.107164144515991211e-01 9.991631507873535156e-01 1.150890111923217773e+00 1.322511911392211914e+00 nan 1.120592355728149414e+00 9.580779075622558594e-01 7.903357744216918945e-01 6.572567224502563477e-01
5.933935642242431641e-01 7.092654705047607422e-01 6.752465963363647461e-01 6.335262060165405273e-01 6.185981035232543945e-01 6.526150703430175781e-01 6.843823194503784180e-01 7.377775907516479492e-01 8.233048915863037109e-01 9.017000198364257812e-01 1.036684513092041016e+00 1.231946229934692383e+00 nan 1.066546201705932617e+00 8.726054430007934570e-01 7.061905860900878906e-01
5.347676277160644531e-01 5.623495578765869141e-01 6.225340366363525391e-01 5.805757045745849609e-01 5.640757083892822266e-01 5.561976432800292969e-01 5.873458385467529297e-01 6.180741786956787109e-01 6.498509645462036133e-01 7.168349027633666992e-01 7.906521558761596680e-01 8.957060575485229492e-01 1.117709875106811523e+00 nan 9.912022352218627930e-01 7.788554430007934570e-01
4.750899076461791992e-01 4.993237257003784180e-01 5.162885189056396484e-01 5.474420785903930664e-01 5.459207296371459961e-01 5.377477407455444336e-01 5.296177864074707031e-01 5.578314065933227539e-01 5.879654884338378906e-01 6.046988964080810547e-01 6.494452953338623047e-01 7.445285320281982422e-01 8.555935621261596680e-01 1.027156829833984375e+00 nan 8.851962089538574219e-01
4.358628988265991211e-01 4.448293447494506836e-01 4.437320232391357422e-01 4.409961700439453125e-01 4.620615243911743164e-01 4.821113348007202148e-01 4.928929805755615234e-01 5.037530660629272461e-01 5.125931501388549805e-01 5.485194921493530273e-01 5.758244991302490234e-01 6.204278469085693359e-01 6.918376684188842773e-01 8.020261526107788086e-01 9.448734521865844727e-01 nan
