nan 2.320909976959228516e+00 2.166507959365844727e+00 2.021171331405639648e+00 1.888537883758544922e+00 1.754173517227172852e+00 1.655083656311035156e+00 1.559326648712158203e+00 1.493246316909790039e+00 1.442232370376586914e+00 1.392261981964111328e+00 1.343314409255981445e+00 1.272788286209106445e+00 1.230362415313720703e+00 1.225338697433471680e+00 1.217210292816162109e+00 0.000000000000000000e+00 0.000000000000000000e+00 0.000000000000000000e+00 0.000000000000000000e+00 0.000000000000000000e+00 0.000000000000000000e+00
2.228340387344360352e+00 nan 2.475356340408325195e+00 2.313298702239990234e+00 2.156155586242675781e+00 1.983858108520507812e+00 1.828481674194335938e+00 1.703111648559570312e+00 1.600191593170166016e+00 1.518853187561035156e+00 1.467315196990966797e+00 1.416831970214843750e+00 1.341350793838500977e+00 1.261270523071289062e+00 1.251091241836547852e+00 1.242868900299072266e+00 0.000000000000000000e+00 0.000000000000000000e+00 0.000000000000000000e+00 0.000000000000000000e+00 0.000000000000000000e+00 0.000000000000000000e+00
2.041477203369140625e+00 2.387799978256225586e+00 nan 2.631367206573486328e+00 2.456429958343505859e+00 2.260470628738403320e+00 2.073475599288940430e+00 1.888902425765991211e+00 1.746272325515747070e+00 1.641708850860595703e+00 1.544723033905029297e+00 1.487360954284667969e+00 1.411982059478759766e+00 1.326275110244750977e+00 1.277810335159301758e+00 1.236923456192016602e+00 0.000000000000000000e+00 0.000000000000000000e+00 0.000000000000000000e+00 0.000000000000000000e+00 0.000000000000000000e+00 0.000000000000000000e+00
1.860090494155883789e+00 2.191992998123168945e+00 2.553666353225708008e+00 nan 2.778084278106689453e+00 2.564089298248291016e+00 2.354728221893310547e+00 2.151033163070678711e+00 1.959705591201782227e+00 1.790122747421264648e+00 1.683889389038085938e+00 1.569377183914184570e+00 1.484744310379028320e+00 1.393148899078369141e+00 1.317213535308837891e+00 1.212597131729125977e+00 0.000000000000000000e+00 0.000000000000000000e+00 0.000000000000000000e+00 0.000000000000000000e+00 0.000000000000000000e+00 0.000000000000000000e+00
1.698975801467895508e+00 1.992966651916503906e+00 2.346783399581909180e+00 2.723983526229858398e+00 nan 2.894355058670043945e+00 2.660366535186767578e+00 2.439046859741210938e+00 2.230545997619628906e+00 2.034390687942504883e+00 1.845978975296020508e+00 1.706521272659301758e+00 1.585294961929321289e+00 1.442191600799560547e+00 1.330508470535278320e+00 1.222239255905151367e+00 0.000000000000000000e+00 0.000000000000000000e+00 0.000000000000000000e+00 0.000000000000000000e+00 0.000000000000000000e+00 0.000000000000000000e+00
1.533083915710449219e+00 1.807147264480590820e+00 2.123619079589843750e+00 2.492881059646606445e+00 2.849601030349731445e+00 nan 2.960203170776367188e+00 2.720754384994506836e+00 2.495783805847167969e+00 2.284415245056152344e+00 2.072678565979003906e+00 1.869692325592041016e+00 1.704123497009277344e+00 1.492397069931030273e+00 1.346796274185180664e+00 1.231645822525024414e+00 0.000000000000000000e+00 0.000000000000000000e+00 0.000000000000000000e+00 0.000000000000000000e+00 0.000000000000000000e+00 0.000000000000000000e+00
1.438220500946044922e+00 1.643079996109008789e+00 1.919653654098510742e+00 2.254450559616088867e+00 2.603809833526611328e+00 2.961146593093872070e+00 nan 3.025537490844726562e+00 2.782138109207153320e+00 2.549500226974487305e+00 2.315012931823730469e+00 2.089913368225097656e+00 1.808299064636230469e+00 1.571832180023193359e+00 1.395416736602783203e+00 1.259836673736572266e+00 0.000000000000000000e+00 0.000000000000000000e+00 0.000000000000000000e+00 0.000000000000000000e+00 0.000000000000000000e+00 0.000000000000000000e+00
1.342051506042480469e+00 1.549984693527221680e+00 1.764088153839111328e+00 2.027946472167968750e+00 2.346433162689208984e+00 2.692600011825561523e+00 3.043774604797363281e+00 nan 3.091948986053466797e+00 2.829440116882324219e+00 2.576460123062133789e+00 2.254760503768920898e+00 1.958122253417968750e+00 1.677584886550903320e+00 1.471431493759155273e+00 1.296380519866943359e+00 0.000000000000000000e+00 0.000000000000000000e+00 0.000000000000000000e+00 0.000000000000000000e+00 0.000000000000000000e+00 0.000000000000000000e+00
1.249675512313842773e+00 1.457569122314453125e+00 1.663912773132324219e+00 1.859055519104003906e+00 2.098354816436767578e+00 2.418859958648681641e+00 2.772519350051879883e+00 3.128125667572021484e+00 nan 3.131459236145019531e+00 2.772200107574462891e+00 2.428402423858642578e+00 2.115938425064086914e+00 1.821976184844970703e+00 1.565039157867431641e+00 1.369252681732177734e+00 0.000000000000000000e+00 0.000000000000000000e+00 0.000000000000000000e+00 0.000000000000000000e+00 0.000000000000000000e+00 0.000000000000000000e+00
1.202053308486938477e+00 1.361667394638061523e+00 1.567367792129516602e+00 1.743289232254028320e+00 1.906889200210571289e+00 2.165412187576293945e+00 2.492854118347167969e+00 2.854167222976684570e+00 3.214236259460449219e+00 nan 2.974004745483398438e+00 2.611308336257934570e+00 2.282174348831176758e+00 1.974154710769653320e+00 1.699805259704589844e+00 1.452236175537109375e+00 0.000000000000000000e+00 0.000000000000000000e+00 0.000000000000000000e+00 0.000000000000000000e+00 0.000000000000000000e+00 0.000000000000000000e+00
1.154156446456909180e+00 1.315598487854003906e+00 1.469874858856201172e+00 1.625456809997558594e+00 1.772377014160156250e+00 1.956182956695556641e+00 2.233921289443969727e+00 2.562209367752075195e+00 2.857262372970581055e+00 3.090384483337402344e+00 nan 2.830694198608398438e+00 2.457278966903686523e+00 2.134539842605590820e+00 1.841652393341064453e+00 1.581075191497802734e+00 0.000000000000000000e+00 0.000000000000000000e+00 0.000000000000000000e+00 0.000000000000000000e+00 0.000000000000000000e+00 0.000000000000000000e+00
1.101109743118286133e+00 1.267579555511474609e+00 1.415885448455810547e+00 1.516539812088012695e+00 1.653295040130615234e+00 1.808868169784545898e+00 1.991199970245361328e+00 2.236496448516845703e+00 2.465687036514282227e+00 2.711107015609741211e+00 2.964390993118286133e+00 nan 2.692551136016845703e+00 2.303573369979858398e+00 1.990951061248779297e+00 1.716684103012084961e+00 0.000000000000000000e+00 0.000000000000000000e+00 0.000000000000000000e+00 0.000000000000000000e+00 0.000000000000000000e+00 0.000000000000000000e+00
1.079874753952026367e+00 1.215509414672851562e+00 1.355971813201904297e+00 1.446210861206054688e+00 1.525320053100585938e+00 1.659187078475952148e+00 1.806490659713745117e+00 1.914415121078491211e+00 2.113862037658691406e+00 2.334368705749511719e+00 2.570490360260009766e+00 2.842278480529785156e+00 nan 2.559658527374267578e+00 2.154921293258666992e+00 1.859416723251342773e+00 0.000000000000000000e+00 0.000000000000000000e+00 0.000000000000000000e+00 0.000000000000000000e+00 0.000000000000000000e+00 0.000000000000000000e+00
1.072127580642700195e+00 1.172463178634643555e+00 1.274816036224365234e+00 1.358555793762207031e+00 1.441015481948852539e+00 1.512909650802612305e+00 1.598276138305664062e+00 1.698193311691284180e+00 1.801953792572021484e+00 1.995875597000122070e+00 2.208026647567749023e+00 2.457231044769287109e+00 2.723927259445190430e+00 nan 2.394683122634887695e+00 2.018774032592773438e+00 0.000000000000000000e+00 0.000000000000000000e+00 0.000000000000000000e+00 0.000000000000000000e+00 0.000000000000000000e+00 0.000000000000000000e+00
1.073041915893554688e+00 1.142443180084228516e+00 1.200361251831054688e+00 1.269621849060058594e+00 1.345782518386840820e+00 1.358307123184204102e+00 1.402679443359375000e+00 1.498013496398925781e+00 1.594075918197631836e+00 1.693831920623779297e+00 1.882359504699707031e+00 2.086471557617187500e+00 2.353885412216186523e+00 2.609272241592407227e+00 nan 2.248188495635986328e+00 0.000000000000000000e+00 0.000000000000000000e+00 0.000000000000000000e+00 0.000000000000000000e+00 0.000000000000000000e+00 0.000000000000000000e+00
1.081223487854003906e+00 1.112470388412475586e+00 1.159872770309448242e+00 1.199276208877563477e+00 1.200104475021362305e+00 1.215450048446655273e+00 1.243712663650512695e+00 1.298995256423950195e+00 1.392095565795898438e+00 1.488965988159179688e+00 1.589759588241577148e+00 1.773143768310546875e+00 1.975910902023315430e+00 2.253629922866821289e+00 2.452226161956787109e+00 nan 0.000000000000000000e+00 0.000000000000000000e+00 0.000000000000000000e+00 0.000000000000000000e+00 0.000000000000000000e+00 0.000000000000000000e+00
1.006729125976562500e+00 1.046154022216796875e+00 1.081018924713134766e+00 1.076115369796752930e+00 1.063399076461791992e+00 1.069269180297851562e+00 1.103756189346313477e+00 1.147621631622314453e+00 1.199784994125366211e+00 1.289453506469726562e+00 1.384824514389038086e+00 1.485845327377319336e+00 1.670084953308105469e+00 1.898044347763061523e+00 2.128911256790161133e+00 2.321223497390747070e+00 nan 0.000000000000000000e+00 0.000000000000000000e+00 0.000000000000000000e+00 0.000000000000000000e+00 0.000000000000000000e+00
8.701066970825195312e-01 9.878491163253784180e-01 9.743146896362304688e-01 9.586561918258666992e-01 9.466594457626342773e-01 9.347367286682128906e-01 9.504255056381225586e-01 1.001550912857055664e+00 1.052322387695312500e+00 1.108304500579833984e+00 1.207711696624755859e+00 1.301882505416870117e+00 1.401129484176635742e+00 1.579090118408203125e+00 1.784437417984008789e+00 2.012796640396118164e+00 0.000000000000000000e+00 nan 0.000000000000000000e+00 0.000000000000000000e+00 0.000000000000000000e+00 0.000000000000000000e+00
7.871826887130737305e-01 7.853434085845947266e-01 8.662736415863037109e-01 8.478424549102783203e-01 8.365248441696166992e-01 8.252763748168945312e-01 8.270601034164428711e-01 8.557150363922119141e-01 9.043577909469604492e-01 9.528880119323730469e-01 9.990962743759155273e-01 1.088614225387573242e+00 1.187093019485473633e+00 1.290215253829956055e+00 1.443386316299438477e+00 1.677999258041381836e+00 0.000000000000000000e+00 0.000000000000000000e+00 nan 0.000000000000000000e+00 0.000000000000000000e+00 0.000000000000000000e+00
7.431476116180419922e-01 7.253478765487670898e-01 7.066806554794311523e-01 7.510175704956054688e-01 7.430796623229980469e-01 7.301914691925048828e-01 7.314509153366088867e-01 7.436345815658569336e-01 7.672051191329956055e-01 8.118841648101806641e-01 8.582718372344970703e-01 9.022408723831176758e-01 9.759417772293090820e-01 1.069108009338378906e+00 1.149233341217041016e+00 1.263616323471069336e+00 0.000000000000000000e+00 0.000000000000000000e+00 0.000000000000000000e+00 nan 0.000000000000000000e+00 0.000000000000000000e+00
6.983782052993774414e-01 6.673688888549804688e-01 6.483744382858276367e-01 6.333409547805786133e-01 6.433101892471313477e-01 6.645342111587524414e-01 6.674599647521972656e-01 6.791934967041015625e-01 6.910096406936645508e-01 7.124016284942626953e-01 7.550436258316040039e-01 7.980329990386962891e-01 8.390121459960937500e-01 8.976136445999145508e-01 9.697612524032592773e-01 1.068424701690673828e+00 0.000000000000000000e+00 0.000000000000000000e+00 0.000000000000000000e+00 0.000000000000000000e+00 nan 0.000000000000000000e+00
6.672350168228149414e-01 6.327574253082275391e-01 5.980262756347656250e-01 5.627250671386718750e-01 5.657513141632080078e-01 5.817630290985107422e-01 5.965029001235961914e-01 6.096715927124023438e-01 6.229490041732788086e-01 6.363357305526733398e-01 6.561962366104125977e-01 7.006176710128784180e-01 7.424398660659790039e-01 7.821519374847412109e-01 8.104439973831176758e-01 9.002761840820312500e-01 0.000000000000000000e+00 0.000000000000000000e+00 0.000000000000000000e+00 0.000000000000000000e+00 0.000000000000000000e+00 nan
