nan 1.190400123596191406e+00 1.095635890960693359e+00 1.039537906646728516e+00 9.681177139282226562e-01 9.408138990402221680e-01 9.216463565826416016e-01 9.107642173767089844e-01 8.999431133270263672e-01 8.705238103866577148e-01 8.467783927917480469e-01 8.395618200302124023e-01 7.784562110900878906e-01 7.012481689453125000e-01 6.409468650817871094e-01 5.827829837799072266e-01
1.061985254287719727e+00 nan 1.233450889587402344e+00 1.138710021972656250e+00 1.062681436538696289e+00 9.951759576797485352e-01 9.645005464553833008e-01 9.533755779266357422e-01 9.415018558502197266e-01 8.809275627136230469e-01 8.409918546676635742e-01 8.139102458953857422e-01 7.563291788101196289e-01 6.838357448577880859e-01 6.297842264175415039e-01 5.765432119369506836e-01
9.746788740158081055e-01 1.121977090835571289e+00 nan 1.260222434997558594e+00 1.177183389663696289e+00 1.110453844070434570e+00 1.044638872146606445e+00 9.969372749328613281e-01 9.772337675094604492e-01 9.209871292114257812e-01 8.223001956939697266e-01 7.840017080307006836e-01 7.344776391983032227e-01 6.622508764266967773e-01 6.088920831680297852e-01 5.572462081909179688e-01
9.019647836685180664e-01 1.043645620346069336e+00 1.189057588577270508e+00 nan 1.338817834854125977e+00 1.225511074066162109e+00 1.151157855987548828e+00 1.084738492965698242e+00 1.007450103759765625e+00 9.337337017059326172e-01 8.269473314285278320e-01 7.524548768997192383e-01 7.087939977645874023e-01 6.418575048446655273e-01 5.890635251998901367e-01 5.379673242568969727e-01
8.264740705490112305e-01 9.669809341430664062e-01 1.101750373840332031e+00 1.237804174423217773e+00 nan 1.402911186218261719e+00 1.276366233825683594e+00 1.183458328247070312e+00 1.068319320678710938e+00 9.217685461044311523e-01 8.180861473083496094e-01 7.439546585083007812e-01 6.769405603408813477e-01 6.237874031066894531e-01 5.715745687484741211e-01 5.210405588150024414e-01
7.919996976852416992e-01 8.855654001235961914e-01 1.006497383117675781e+00 1.127761840820312500e+00 1.297884225845336914e+00 nan 1.468760490417480469e+00 1.298032045364379883e+00 1.146101713180541992e+00 9.958851337432861328e-01 8.391011953353881836e-01 7.568355798721313477e-01 6.950687170028686523e-01 6.122776269912719727e-01 5.542778968811035156e-01 5.043002367019653320e-01
7.618522644042968750e-01 8.573728799819946289e-01 9.136559963226318359e-01 1.032945871353149414e+00 1.179534912109375000e+00 1.360393524169921875e+00 nan 1.437994956970214844e+00 1.228382349014282227e+00 1.076485633850097656e+00 9.022603034973144531e-01 7.816408872604370117e-01 7.338907718658447266e-01 6.539322137832641602e-01 5.661911964416503906e-01 5.095771551132202148e-01
7.276957035064697266e-01 8.260827064514160156e-01 8.768217563629150391e-01 9.423557519912719727e-01 1.061189413070678711e+00 1.220222234725952148e+00 1.351897478103637695e+00 nan 1.361383676528930664e+00 1.160341262817382812e+00 9.814698696136474609e-01 8.455920219421386719e-01 7.736020088195800781e-01 7.050869464874267578e-01 6.004717350006103516e-01 5.214221477508544922e-01
7.258219718933105469e-01 7.874232530593872070e-01 8.366614580154418945e-01 8.821333646774291992e-01 9.521435499191284180e-01 1.048137903213500977e+00 1.161067962646484375e+00 1.291572332382202148e+00 nan 1.299984216690063477e+00 1.063977956771850586e+00 9.390929937362670898e-01 8.266541957855224609e-01 7.578237056732177734e-01 6.499731540679931641e-01 5.487396717071533203e-01
7.486160993576049805e-01 7.586588859558105469e-01 7.802900075912475586e-01 8.336337804794311523e-01 8.453975915908813477e-01 8.893915414810180664e-01 9.935685396194458008e-01 1.103489875793457031e+00 1.259608268737792969e+00 nan 1.215881109237670898e+00 1.037331104278564453e+00 9.191958904266357422e-01 8.079107999801635742e-01 7.010053396224975586e-01 5.966408252716064453e-01
7.765090465545654297e-01 7.503253221511840820e-01 7.527768611907958984e-01 7.472229003906250000e-01 7.539228200912475586e-01 7.760345935821533203e-01 8.433018922805786133e-01 9.479895830154418945e-01 1.058622837066650391e+00 1.243839263916015625e+00 nan 1.187130212783813477e+00 1.016425848007202148e+00 8.995028734207153320e-01 7.536160945892333984e-01 6.460236310958862305e-01
7.411850690841674805e-01 7.339005470275878906e-01 7.192120552062988281e-01 7.000467777252197266e-01 6.762007474899291992e-01 6.944499015808105469e-01 7.436662912368774414e-01 8.140566349029541016e-01 9.253525733947753906e-01 1.055862903594970703e+00 1.225961923599243164e+00 nan 1.158751964569091797e+00 9.957352876663208008e-01 8.456445932388305664e-01 6.969338655471801758e-01
5.664910078048706055e-01 6.756709814071655273e-01 6.637319326400756836e-01 6.412612199783325195e-01 6.190940141677856445e-01 6.127516031265258789e-01 6.662781238555908203e-01 7.215812206268310547e-01 7.952829599380493164e-01 9.054272174835205078e-01 1.038391590118408203e+00 1.213948965072631836e+00 nan 1.130742311477661133e+00 9.543639421463012695e-01 7.696262598037719727e-01
5.346266031265258789e-01 5.312619209289550781e-01 5.582135915756225586e-01 5.884218215942382812e-01 5.669683218002319336e-01 5.559878349304199219e-01 5.725791454315185547e-01 6.247723102569580078e-01 6.786979436874389648e-01 7.390425205230712891e-01 8.555514812469482422e-01 9.901190996170043945e-01 1.190907001495361328e+00 nan 1.083712100982666016e+00 8.592385053634643555e-01
4.990401268005371094e-01 4.996060132980346680e-01 4.937554597854614258e-01 4.925104379653930664e-01 5.165208578109741211e-01 5.081329345703125000e-01 5.191109180450439453e-01 5.333092212677001953e-01 5.841155052185058594e-01 6.366050243377685547e-01 6.964074373245239258e-01 7.969872951507568359e-01 9.235521554946899414e-01 1.080732107162475586e+00 nan 9.773247241973876953e-01
4.518222808837890625e-01 4.611964225769042969e-01 4.588673114776611328e-01 4.562897682189941406e-01 4.563964605331420898e-01 4.585592746734619141e-01 4.694464206695556641e-01 4.804147481918334961e-01 4.914649724960327148e-01 5.223273038864135742e-01 5.799375772476196289e-01 6.451954841613769531e-01 7.131489515304565430e-01 8.309452533721923828e-01 9.646548032760620117e-01 nan
