nan 1.293529272079467773e+00 1.180724143981933594e+00 1.145407199859619141e+00 1.080600976943969727e+00 1.074360370635986328e+00 1.062613248825073242e+00 1.050932645797729492e+00 1.039318323135375977e+00 1.024840354919433594e+00 9.991908073425292969e-01 9.339821338653564453e-01 8.187392950057983398e-01 7.262951135635375977e-01 6.385493278503417969e-01 5.627335309982299805e-01
1.252762556076049805e+00 nan 1.407205104827880859e+00 1.275986909866333008e+00 1.205316305160522461e+00 1.144427061080932617e+00 1.108611106872558594e+00 1.096669912338256836e+00 1.084796667098999023e+00 1.026074886322021484e+00 9.584320783615112305e-01 8.890571594238281250e-01 7.961113452911376953e-01 7.048170566558837891e-01 6.181633472442626953e-01 5.457634925842285156e-01
1.077669143676757812e+00 1.359416007995605469e+00 nan 1.537270545959472656e+00 1.365392923355102539e+00 1.273448228836059570e+00 1.197589874267578125e+00 1.143427133560180664e+00 1.123576641082763672e+00 1.038796663284301758e+00 9.138116836547851562e-01 8.486377000808715820e-01 7.737647294998168945e-01 6.836062669754028320e-01 5.980306863784790039e-01 5.259486436843872070e-01
1.004498004913330078e+00 1.185839891433715820e+00 1.518204212188720703e+00 nan 1.652443408966064453e+00 1.461750030517578125e+00 1.340480804443359375e+00 1.246702432632446289e+00 1.132169008255004883e+00 1.035751581192016602e+00 9.113941192626953125e-01 8.134875297546386719e-01 7.491160631179809570e-01 6.605768203735351562e-01 5.765192508697509766e-01 5.067006349563598633e-01
9.361574649810791016e-01 1.115006685256958008e+00 1.315703153610229492e+00 1.643938779830932617e+00 nan 1.744876861572265625e+00 1.547538280487060547e+00 1.365390777587890625e+00 1.181089878082275391e+00 1.036098003387451172e+00 9.078764915466308594e-01 8.007681369781494141e-01 7.150110006332397461e-01 6.281981468200683594e-01 5.457797050476074219e-01 4.901180267333984375e-01
8.686385154724121094e-01 1.035962820053100586e+00 1.204609155654907227e+00 1.405777931213378906e+00 1.755771398544311523e+00 nan 1.808376550674438477e+00 1.493510484695434570e+00 1.264711618423461914e+00 1.110478401184082031e+00 9.322608709335327148e-01 8.261936902999877930e-01 7.351433038711547852e-01 6.138219833374023438e-01 5.328984260559082031e-01 4.774878025054931641e-01
8.439457416534423828e-01 9.766693115234375000e-01 1.108729839324951172e+00 1.261017084121704102e+00 1.491008520126342773e+00 1.854214429855346680e+00 nan 1.677300691604614258e+00 1.373448848724365234e+00 1.195706367492675781e+00 9.924581050872802734e-01 8.519783020019531250e-01 7.691366672515869141e-01 6.328819990158081055e-01 5.449262857437133789e-01 4.890810251235961914e-01
8.198738098144531250e-01 9.565558433532714844e-01 1.035273313522338867e+00 1.145838260650634766e+00 1.332279443740844727e+00 1.476478815078735352e+00 1.746824741363525391e+00 nan 1.545557975769042969e+00 1.298864603042602539e+00 1.072684526443481445e+00 8.998882770538330078e-01 7.941154241561889648e-01 6.733089685440063477e-01 5.706436634063720703e-01 5.007649660110473633e-01
8.182870149612426758e-01 9.198367595672607422e-01 9.986181259155273438e-01 1.048099756240844727e+00 1.120315790176391602e+00 1.237224817276000977e+00 1.368847370147705078e+00 1.630125999450683594e+00 nan 1.456733465194702148e+00 1.167197465896606445e+00 9.789991378784179688e-01 8.286805152893066406e-01 7.250630855560302734e-01 6.192225217819213867e-01 5.198754072189331055e-01
8.443872928619384766e-01 8.821784257888793945e-01 9.374300241470336914e-01 9.561592340469360352e-01 9.639022350311279297e-01 1.063823223114013672e+00 1.177617549896240234e+00 1.299436330795288086e+00 1.566336393356323242e+00 nan 1.319034099578857422e+00 1.063704252243041992e+00 9.059811830520629883e-01 7.784177064895629883e-01 6.693035364151000977e-01 5.668840408325195312e-01
8.701111078262329102e-01 8.776371479034423828e-01 8.533614873886108398e-01 8.490505218505859375e-01 8.561406135559082031e-01 9.020962715148925781e-01 1.003393650054931641e+00 1.119598388671875000e+00 1.240456581115722656e+00 1.530619382858276367e+00 nan 1.211207628250122070e+00 1.002541542053222656e+00 8.805495500564575195e-01 7.209336757659912109e-01 6.153465509414672852e-01
8.099503517150878906e-01 7.852650880813598633e-01 7.658548355102539062e-01 7.512950897216796875e-01 7.545082569122314453e-01 7.933050394058227539e-01 8.396624326705932617e-01 9.366608858108520508e-01 1.049095392227172852e+00 1.185838460922241211e+00 1.422736167907714844e+00 nan 1.158023595809936523e+00 9.819935560226440430e-01 8.080496788024902344e-01 6.622183322906494141e-01
6.202784776687622070e-01 6.767753362655639648e-01 6.405209302902221680e-01 6.239939928054809570e-01 6.076335906982421875e-01 6.456629037857055664e-01 7.061970233917236328e-01 7.689580917358398438e-01 8.798274993896484375e-01 9.995167255401611328e-01 1.105212688446044922e+00 1.359765768051147461e+00 nan 1.120041370391845703e+00 9.019818305969238281e-01 7.215065956115722656e-01
5.701071023941040039e-01 5.221649408340454102e-01 5.706127882003784180e-01 5.568310022354125977e-01 5.358041524887084961e-01 5.453060865402221680e-01 5.784770250320434570e-01 6.308659315109252930e-01 6.849938631057739258e-01 7.695060968399047852e-01 8.871537446975708008e-01 1.020190000534057617e+00 1.284251689910888672e+00 nan 1.033212423324584961e+00 8.086112737655639648e-01
5.208777189254760742e-01 4.857596158981323242e-01 4.803228378295898438e-01 4.794521331787109375e-01 4.869594573974609375e-01 4.977797269821166992e-01 5.086787939071655273e-01 5.391583442687988281e-01 5.902425050735473633e-01 6.430219411849975586e-01 7.077716588973999023e-01 8.281623125076293945e-01 9.570399522781372070e-01 1.092350721359252930e+00 nan 9.076883792877197266e-01
4.868694543838500977e-01 4.481384754180908203e-01 4.454777240753173828e-01 4.432616233825683594e-01 4.433507919311523438e-01 4.482253789901733398e-01 4.590185880661010742e-01 4.698922634124755859e-01 4.808470010757446289e-01 5.260945558547973633e-01 5.831067562103271484e-01 6.485828161239624023e-01 7.279452085494995117e-01 8.478870391845703125e-01 9.971793889999389648e-01 nan
