nan 1.329077959060668945e+00 1.211548805236816406e+00 1.165055751800537109e+00 1.154296159744262695e+00 1.116877794265747070e+00 1.074444293975830078e+00 1.065560579299926758e+00 1.057455539703369141e+00 1.049381971359252930e+00 1.041340112686157227e+00 1.032455921173095703e+00 1.012379407882690430e+00 1.007904291152954102e+00 9.900404214859008789e-01 9.723353385925292969e-01 0.000000000000000000e+00 0.000000000000000000e+00 0.000000000000000000e+00 0.000000000000000000e+00 0.000000000000000000e+00 0.000000000000000000e+00
1.331047058105468750e+00 nan 1.374151468276977539e+00 1.285689353942871094e+00 1.242292642593383789e+00 1.203345537185668945e+00 1.156703233718872070e+00 1.109913825988769531e+00 1.089112520217895508e+00 1.080914974212646484e+00 1.072749376296997070e+00 1.058279752731323242e+00 1.037948131561279297e+00 1.007117271423339844e+00 9.857215881347656250e-01 9.680551290512084961e-01 0.000000000000000000e+00 0.000000000000000000e+00 0.000000000000000000e+00 0.000000000000000000e+00 0.000000000000000000e+00 0.000000000000000000e+00
1.182032346725463867e+00 1.379636287689208984e+00 nan 1.457560539245605469e+00 1.348097324371337891e+00 1.291946887969970703e+00 1.242223501205444336e+00 1.193578720092773438e+00 1.145989418029785156e+00 1.112932920455932617e+00 1.104641675949096680e+00 1.084431648254394531e+00 1.063841581344604492e+00 1.036649227142333984e+00 9.820955991744995117e-01 9.637839794158935547e-01 0.000000000000000000e+00 0.000000000000000000e+00 0.000000000000000000e+00 0.000000000000000000e+00 0.000000000000000000e+00 0.000000000000000000e+00
1.081313133239746094e+00 1.253288269042968750e+00 1.473852634429931641e+00 nan 1.537313938140869141e+00 1.408170700073242188e+00 1.332955121994018555e+00 1.280562162399291992e+00 1.231085777282714844e+00 1.182682514190673828e+00 1.131975173950195312e+00 1.110915422439575195e+00 1.090063810348510742e+00 1.066615104675292969e+00 1.011258840560913086e+00 9.520354270935058594e-01 0.000000000000000000e+00 0.000000000000000000e+00 0.000000000000000000e+00 0.000000000000000000e+00 0.000000000000000000e+00 0.000000000000000000e+00
1.041027784347534180e+00 1.170068979263305664e+00 1.339990615844726562e+00 1.570534467697143555e+00 nan 1.620676994323730469e+00 1.488045454025268555e+00 1.390864849090576172e+00 1.320812463760375977e+00 1.269233703613281250e+00 1.208815574645996094e+00 1.147741317749023438e+00 1.116086006164550781e+00 1.096272230148315430e+00 1.036123752593994141e+00 9.495471715927124023e-01 0.000000000000000000e+00 0.000000000000000000e+00 0.000000000000000000e+00 0.000000000000000000e+00 0.000000000000000000e+00 0.000000000000000000e+00
9.895623922348022461e-01 1.115817308425903320e+00 1.248544216156005859e+00 1.389635801315307617e+00 1.623524665832519531e+00 nan 1.691596984863281250e+00 1.556247949600219727e+00 1.447406291961669922e+00 1.363772392272949219e+00 1.282803058624267578e+00 1.217821598052978516e+00 1.156985521316528320e+00 1.118191957473754883e+00 1.032094717025756836e+00 9.459674358367919922e-01 0.000000000000000000e+00 0.000000000000000000e+00 0.000000000000000000e+00 0.000000000000000000e+00 0.000000000000000000e+00 0.000000000000000000e+00
9.370882511138916016e-01 1.059944629669189453e+00 1.190418004989624023e+00 1.298727273941040039e+00 1.450826883316040039e+00 1.710684776306152344e+00 nan 1.757063627243041992e+00 1.618422746658325195e+00 1.486455678939819336e+00 1.391302347183227539e+00 1.299790859222412109e+00 1.223911285400390625e+00 1.120890855789184570e+00 1.022462844848632812e+00 9.367437362670898438e-01 0.000000000000000000e+00 0.000000000000000000e+00 0.000000000000000000e+00 0.000000000000000000e+00 0.000000000000000000e+00 0.000000000000000000e+00
8.817702531814575195e-01 1.004604101181030273e+00 1.131572246551513672e+00 1.236771345138549805e+00 1.349793434143066406e+00 1.534466743469238281e+00 1.803192853927612305e+00 nan 1.820350170135498047e+00 1.662535905838012695e+00 1.515415668487548828e+00 1.419154405593872070e+00 1.285970926284790039e+00 1.170522212982177734e+00 1.033406496047973633e+00 9.356684684753417969e-01 0.000000000000000000e+00 0.000000000000000000e+00 0.000000000000000000e+00 0.000000000000000000e+00 0.000000000000000000e+00 0.000000000000000000e+00
8.527481555938720703e-01 9.507505893707275391e-01 1.067177295684814453e+00 1.168678998947143555e+00 1.269049882888793945e+00 1.417014837265014648e+00 1.620961189270019531e+00 1.898858308792114258e+00 nan 1.863691806793212891e+00 1.703451871871948242e+00 1.509738206863403320e+00 1.351528644561767578e+00 1.226688861846923828e+00 1.088866710662841797e+00 9.519847631454467773e-01 0.000000000000000000e+00 0.000000000000000000e+00 0.000000000000000000e+00 0.000000000000000000e+00 0.000000000000000000e+00 0.000000000000000000e+00
8.351163864135742188e-01 9.299588203430175781e-01 1.004247188568115234e+00 1.102659702301025391e+00 1.196596145629882812e+00 1.310809135437011719e+00 1.474241018295288086e+00 1.692210912704467773e+00 1.972977161407470703e+00 nan 1.868507862091064453e+00 1.637111663818359375e+00 1.424381256103515625e+00 1.284309148788452148e+00 1.145839691162109375e+00 1.002436399459838867e+00 0.000000000000000000e+00 0.000000000000000000e+00 0.000000000000000000e+00 0.000000000000000000e+00 0.000000000000000000e+00 0.000000000000000000e+00
8.185011148452758789e-01 9.114125967025756836e-01 9.809175729751586914e-01 1.036685943603515625e+00 1.125445604324340820e+00 1.217678546905517578e+00 1.351227283477783203e+00 1.511517763137817383e+00 1.746948242187500000e+00 2.018446207046508789e+00 nan 1.770948648452758789e+00 1.547421932220458984e+00 1.343420028686523438e+00 1.204366207122802734e+00 1.057051181793212891e+00 0.000000000000000000e+00 0.000000000000000000e+00 0.000000000000000000e+00 0.000000000000000000e+00 0.000000000000000000e+00 0.000000000000000000e+00
8.020360469818115234e-01 8.910118341445922852e-01 9.606927633285522461e-01 1.002903461456298828e+00 1.045942544937133789e+00 1.130958318710327148e+00 1.237601757049560547e+00 1.386651754379272461e+00 1.532549142837524414e+00 1.709924697875976562e+00 1.955646991729736328e+00 nan 1.690830707550048828e+00 1.450095891952514648e+00 1.264489412307739258e+00 1.113156795501708984e+00 0.000000000000000000e+00 0.000000000000000000e+00 0.000000000000000000e+00 0.000000000000000000e+00 0.000000000000000000e+00 0.000000000000000000e+00
8.115113973617553711e-01 8.655371665954589844e-01 9.223695993423461914e-01 9.661034345626831055e-01 9.994643926620483398e-01 1.051249027252197266e+00 1.143211126327514648e+00 1.259698390960693359e+00 1.355411529541015625e+00 1.455179214477539062e+00 1.636090040206909180e+00 1.894153833389282227e+00 nan 1.581818103790283203e+00 1.360147476196289062e+00 1.170792102813720703e+00 0.000000000000000000e+00 0.000000000000000000e+00 0.000000000000000000e+00 0.000000000000000000e+00 0.000000000000000000e+00 0.000000000000000000e+00
8.285107612609863281e-01 8.468339443206787109e-01 8.827829360961914062e-01 9.238620996475219727e-01 9.627270698547363281e-01 9.960304498672485352e-01 1.055448293685913086e+00 1.129381895065307617e+00 1.209783554077148438e+00 1.293220996856689453e+00 1.380172729492187500e+00 1.581245660781860352e+00 1.833940505981445312e+00 nan 1.481465339660644531e+00 1.257580518722534180e+00 0.000000000000000000e+00 0.000000000000000000e+00 0.000000000000000000e+00 0.000000000000000000e+00 0.000000000000000000e+00 0.000000000000000000e+00
8.462707996368408203e-01 8.487049341201782227e-01 8.551107645034790039e-01 8.806961774826049805e-01 9.217087030410766602e-01 9.593567848205566406e-01 9.635000228881835938e-01 1.012864112854003906e+00 1.088866710662841797e+00 1.167738437652587891e+00 1.249588251113891602e+00 1.334528684616088867e+00 1.545913934707641602e+00 1.744021892547607422e+00 nan 1.376669645309448242e+00 0.000000000000000000e+00 0.000000000000000000e+00 0.000000000000000000e+00 0.000000000000000000e+00 0.000000000000000000e+00 0.000000000000000000e+00
8.596485853195190430e-01 8.505777120590209961e-01 8.502376079559326172e-01 8.568103313446044922e-01 8.785910606384277344e-01 8.910022974014282227e-01 8.958339691162109375e-01 9.195401668548583984e-01 9.745663404464721680e-01 1.049122333526611328e+00 1.126493692398071289e+00 1.206786394119262695e+00 1.307828187942504883e+00 1.486852645874023438e+00 1.652962923049926758e+00 nan 0.000000000000000000e+00 0.000000000000000000e+00 0.000000000000000000e+00 0.000000000000000000e+00 0.000000000000000000e+00 0.000000000000000000e+00
8.366295099258422852e-01 8.334085941314697266e-01 8.355549573898315430e-01 8.519326448440551758e-01 8.352664709091186523e-01 8.179097175598144531e-01 8.225547075271606445e-01 8.421775102615356445e-01 8.748630285263061523e-01 9.308874607086181641e-01 1.007645606994628906e+00 1.086033582687377930e+00 1.164798498153686523e+00 1.256879091262817383e+00 1.404327392578125000e+00 1.556375026702880859e+00 nan 0.000000000000000000e+00 0.000000000000000000e+00 0.000000000000000000e+00 0.000000000000000000e+00 0.000000000000000000e+00
6.908117532730102539e-01 7.840934991836547852e-01 7.720425128936767578e-01 7.608348131179809570e-01 7.484234571456909180e-01 7.360996007919311523e-01 7.306836843490600586e-01 7.608389854431152344e-01 7.993007898330688477e-01 8.329714536666870117e-01 8.890664577484130859e-01 9.662748575210571289e-01 1.046638488769531250e+00 1.115188837051391602e+00 1.191985130310058594e+00 1.333796262741088867e+00 0.000000000000000000e+00 nan 0.000000000000000000e+00 0.000000000000000000e+00 0.000000000000000000e+00 0.000000000000000000e+00
6.559143066406250000e-01 6.413147449493408203e-01 7.036092281341552734e-01 6.823933124542236328e-01 6.705347299575805664e-01 6.587599515914916992e-01 6.470680236816406250e-01 6.529916524887084961e-01 6.946960687637329102e-01 7.374526262283325195e-01 7.812881469726562500e-01 8.432518243789672852e-01 9.333868026733398438e-01 1.002225875854492188e+00 1.059704065322875977e+00 1.137578964233398438e+00 0.000000000000000000e+00 0.000000000000000000e+00 nan 0.000000000000000000e+00 0.000000000000000000e+00 0.000000000000000000e+00
6.366237401962280273e-01 6.160259246826171875e-01 5.780497789382934570e-01 5.724078416824340820e-01 5.961160659790039062e-01 5.848656892776489258e-01 5.736947059631347656e-01 5.765947103500366211e-01 5.910500288009643555e-01 6.311917304992675781e-01 6.723461151123046875e-01 7.145388126373291016e-01 7.638738155364990234e-01 8.366165161132812500e-01 9.039144515991210938e-01 9.746258258819580078e-01 0.000000000000000000e+00 0.000000000000000000e+00 0.000000000000000000e+00 nan 0.000000000000000000e+00 0.000000000000000000e+00
6.137458086013793945e-01 5.804992914199829102e-01 5.447931289672851562e-01 5.144813060760498047e-01 5.131945610046386719e-01 5.451918840408325195e-01 5.307008028030395508e-01 5.316090583801269531e-01 5.393285751342773438e-01 5.480947494506835938e-01 5.834289789199829102e-01 6.195697784423828125e-01 6.565352678298950195e-01 6.961303949356079102e-01 7.618514299392700195e-01 8.419743776321411133e-01 0.000000000000000000e+00 0.000000000000000000e+00 0.000000000000000000e+00 0.000000000000000000e+00 nan 0.000000000000000000e+00
5.807563066482543945e-01 5.479936599731445312e-01 5.141214132308959961e-01 4.923614263534545898e-01 4.901171922683715820e-01 4.901928901672363281e-01 4.963573217391967773e-01 4.988943338394165039e-01 5.064491033554077148e-01 5.140417814254760742e-01 5.216727256774902344e-01 5.557067394256591797e-01 5.912146568298339844e-01 6.292735338211059570e-01 6.692373752593994141e-01 7.185922861099243164e-01 0.000000000000000000e+00 0.000000000000000000e+00 0.000000000000000000e+00 0.000000000000000000e+00 0.000000000000000000e+00 nan
