nan 2.013823270797729492e+00 1.952963829040527344e+00 1.901450872421264648e+00 1.801871299743652344e+00 1.708831310272216797e+00 1.630255460739135742e+00 1.539399862289428711e+00 1.492544412612915039e+00 1.443567514419555664e+00 1.388531208038330078e+00 1.325708389282226562e+00 1.265298604965209961e+00 1.219177722930908203e+00 1.211071729660034180e+00 1.202995538711547852e+00 0.000000000000000000e+00 0.000000000000000000e+00 0.000000000000000000e+00 0.000000000000000000e+00 0.000000000000000000e+00 0.000000000000000000e+00
1.967533349990844727e+00 nan 2.168037176132202148e+00 2.120637178421020508e+00 2.044753789901733398e+00 1.881410360336303711e+00 1.767392873764038086e+00 1.671800136566162109e+00 1.579509496688842773e+00 1.517734050750732422e+00 1.456926345825195312e+00 1.392304420471191406e+00 1.330233573913574219e+00 1.252996444702148438e+00 1.236659288406372070e+00 1.228489637374877930e+00 0.000000000000000000e+00 0.000000000000000000e+00 0.000000000000000000e+00 0.000000000000000000e+00 0.000000000000000000e+00 0.000000000000000000e+00
1.930421352386474609e+00 2.140129327774047852e+00 nan 2.356380224227905273e+00 2.280339479446411133e+00 2.133640289306640625e+00 1.955564498901367188e+00 1.816576957702636719e+00 1.714000940322875977e+00 1.616522312164306641e+00 1.524377584457397461e+00 1.460807323455810547e+00 1.397029399871826172e+00 1.319668531417846680e+00 1.267488718032836914e+00 1.254278659820556641e+00 0.000000000000000000e+00 0.000000000000000000e+00 0.000000000000000000e+00 0.000000000000000000e+00 0.000000000000000000e+00 0.000000000000000000e+00
1.753767490386962891e+00 2.109266757965087891e+00 2.330845117568969727e+00 nan 2.513539791107177734e+00 2.393224477767944336e+00 2.212101697921752930e+00 2.029567241668701172e+00 1.873658895492553711e+00 1.750365734100341797e+00 1.634986162185668945e+00 1.528761148452758789e+00 1.465740442276000977e+00 1.389715909957885742e+00 1.332583665847778320e+00 1.283094167709350586e+00 0.000000000000000000e+00 0.000000000000000000e+00 0.000000000000000000e+00 0.000000000000000000e+00 0.000000000000000000e+00 0.000000000000000000e+00
1.605746746063232422e+00 1.938092470169067383e+00 2.309130668640136719e+00 2.537058353424072266e+00 nan 2.619406223297119141e+00 2.457636356353759766e+00 2.292526245117187500e+00 2.103197097778320312e+00 1.912284135818481445e+00 1.781966447830200195e+00 1.657481431961059570e+00 1.546278953552246094e+00 1.461878299713134766e+00 1.399547100067138672e+00 1.351295948028564453e+00 0.000000000000000000e+00 0.000000000000000000e+00 0.000000000000000000e+00 0.000000000000000000e+00 0.000000000000000000e+00 0.000000000000000000e+00
1.470826387405395508e+00 1.766087770462036133e+00 2.109238386154174805e+00 2.461396932601928711e+00 2.633815526962280273e+00 nan 2.680552244186401367e+00 2.517089843750000000e+00 2.349530220031738281e+00 2.150100946426391602e+00 1.954146862030029297e+00 1.812699317932128906e+00 1.684530258178710938e+00 1.550752878189086914e+00 1.470637559890747070e+00 1.362955093383789062e+00 0.000000000000000000e+00 0.000000000000000000e+00 0.000000000000000000e+00 0.000000000000000000e+00 0.000000000000000000e+00 0.000000000000000000e+00
1.382324695587158203e+00 1.596500873565673828e+00 1.916308403015136719e+00 2.235926628112792969e+00 2.559259653091430664e+00 2.699087858200073242e+00 nan 2.714893579483032227e+00 2.528703451156616211e+00 2.351845264434814453e+00 2.173420190811157227e+00 1.976016759872436523e+00 1.821573019027709961e+00 1.671335220336914062e+00 1.491850376129150391e+00 1.362493515014648438e+00 0.000000000000000000e+00 0.000000000000000000e+00 0.000000000000000000e+00 0.000000000000000000e+00 0.000000000000000000e+00 0.000000000000000000e+00
1.310449600219726562e+00 1.520159006118774414e+00 1.747939586639404297e+00 2.025143861770629883e+00 2.319257497787475586e+00 2.619955062866210938e+00 2.759773969650268555e+00 nan 2.717463016510009766e+00 2.531144142150878906e+00 2.354163646697998047e+00 2.186053276062011719e+00 1.991920709609985352e+00 1.767607688903808594e+00 1.563716173171997070e+00 1.388530254364013672e+00 0.000000000000000000e+00 0.000000000000000000e+00 0.000000000000000000e+00 0.000000000000000000e+00 0.000000000000000000e+00 0.000000000000000000e+00
1.235190391540527344e+00 1.446061849594116211e+00 1.657253980636596680e+00 1.861865997314453125e+00 2.095438480377197266e+00 2.375860452651977539e+00 2.681686162948608398e+00 2.812873840332031250e+00 nan 2.720034122467041016e+00 2.533586502075195312e+00 2.356483936309814453e+00 2.147811651229858398e+00 1.859236955642700195e+00 1.637655496597290039e+00 1.457417011260986328e+00 0.000000000000000000e+00 0.000000000000000000e+00 0.000000000000000000e+00 0.000000000000000000e+00 0.000000000000000000e+00 0.000000000000000000e+00
1.148695468902587891e+00 1.353220224380493164e+00 1.543927192687988281e+00 1.730407953262329102e+00 1.914089441299438477e+00 2.147020578384399414e+00 2.430475711822509766e+00 2.730744123458862305e+00 2.839152097702026367e+00 nan 2.722607135772705078e+00 2.505674123764038086e+00 2.247929096221923828e+00 1.991483211517333984e+00 1.717129230499267578e+00 1.528290510177612305e+00 0.000000000000000000e+00 0.000000000000000000e+00 0.000000000000000000e+00 0.000000000000000000e+00 0.000000000000000000e+00 0.000000000000000000e+00
1.095980167388916016e+00 1.259126901626586914e+00 1.433149814605712891e+00 1.606379985809326172e+00 1.776500701904296875e+00 1.927967786788940430e+00 2.167598247528076172e+00 2.449809074401855469e+00 2.757162809371948242e+00 2.880127906799316406e+00 nan 2.634094476699829102e+00 2.351229190826416016e+00 2.086627244949340820e+00 1.840047359466552734e+00 1.601206779479980469e+00 0.000000000000000000e+00 0.000000000000000000e+00 0.000000000000000000e+00 0.000000000000000000e+00 0.000000000000000000e+00 0.000000000000000000e+00
1.052485227584838867e+00 1.207011461257934570e+00 1.339190721511840820e+00 1.473554372787475586e+00 1.617797374725341797e+00 1.779006719589233398e+00 1.927932977676391602e+00 2.182096242904663086e+00 2.465598583221435547e+00 2.779467582702636719e+00 2.827922105789184570e+00 nan 2.489801645278930664e+00 2.184798002243041992e+00 1.933928489685058594e+00 1.709825754165649414e+00 0.000000000000000000e+00 0.000000000000000000e+00 0.000000000000000000e+00 0.000000000000000000e+00 0.000000000000000000e+00 0.000000000000000000e+00
1.034060001373291016e+00 1.147732496261596680e+00 1.263386249542236328e+00 1.354102373123168945e+00 1.477252960205078125e+00 1.637623548507690430e+00 1.778972864151000977e+00 1.935158252716064453e+00 2.196367263793945312e+00 2.400024175643920898e+00 2.662420272827148438e+00 2.706173419952392578e+00 nan 2.302761316299438477e+00 2.030913591384887695e+00 1.799401998519897461e+00 0.000000000000000000e+00 0.000000000000000000e+00 0.000000000000000000e+00 0.000000000000000000e+00 0.000000000000000000e+00 0.000000000000000000e+00
1.044129133224487305e+00 1.089306116104125977e+00 1.188112974166870117e+00 1.269989252090454102e+00 1.347475051879882812e+00 1.487388134002685547e+00 1.637591838836669922e+00 1.778939723968505859e+00 1.887821197509765625e+00 2.071818828582763672e+00 2.268244028091430664e+00 2.548998594284057617e+00 2.579123735427856445e+00 nan 2.142946958541870117e+00 1.891940116882324219e+00 0.000000000000000000e+00 0.000000000000000000e+00 0.000000000000000000e+00 0.000000000000000000e+00 0.000000000000000000e+00 0.000000000000000000e+00
1.061552286148071289e+00 1.068400382995605469e+00 1.124656915664672852e+00 1.201506853103637695e+00 1.281136274337768555e+00 1.366472005844116211e+00 1.518334865570068359e+00 1.609869241714477539e+00 1.691397190093994141e+00 1.792011976242065430e+00 1.970127344131469727e+00 2.186580181121826172e+00 2.439940929412841797e+00 2.407282114028930664e+00 nan 2.001440286636352539e+00 0.000000000000000000e+00 0.000000000000000000e+00 0.000000000000000000e+00 0.000000000000000000e+00 0.000000000000000000e+00 0.000000000000000000e+00
1.066842794418334961e+00 1.070986509323120117e+00 1.077226877212524414e+00 1.135677814483642578e+00 1.212926387786865234e+00 1.292968750000000000e+00 1.359501600265502930e+00 1.451869249343872070e+00 1.528461217880249023e+00 1.607446193695068359e+00 1.706834793090820312e+00 1.879515171051025391e+00 2.095768213272094727e+00 2.277388095855712891e+00 2.252043008804321289e+00 nan 0.000000000000000000e+00 0.000000000000000000e+00 0.000000000000000000e+00 0.000000000000000000e+00 0.000000000000000000e+00 0.000000000000000000e+00
1.019784927368164062e+00 1.043655872344970703e+00 1.058156728744506836e+00 1.091748237609863281e+00 1.146755933761596680e+00 1.191582918167114258e+00 1.216753721237182617e+00 1.281500816345214844e+00 1.373151779174804688e+00 1.449592590332031250e+00 1.526113510131835938e+00 1.624255657196044922e+00 1.786029338836669922e+00 1.949478387832641602e+00 2.127835988998413086e+00 2.119369745254516602e+00 nan 0.000000000000000000e+00 0.000000000000000000e+00 0.000000000000000000e+00 0.000000000000000000e+00 0.000000000000000000e+00
8.618382215499877930e-01 9.577099084854125977e-01 9.878035783767700195e-01 1.027770280838012695e+00 1.049867868423461914e+00 1.052113771438598633e+00 1.082772731781005859e+00 1.137367486953735352e+00 1.201883554458618164e+00 1.288213968276977539e+00 1.364210605621337891e+00 1.442730903625488281e+00 1.534217596054077148e+00 1.657199621200561523e+00 1.812443733215332031e+00 2.002615451812744141e+00 0.000000000000000000e+00 nan 0.000000000000000000e+00 0.000000000000000000e+00 0.000000000000000000e+00 0.000000000000000000e+00
8.071473836898803711e-01 8.009688854217529297e-01 9.264509677886962891e-01 9.458116292953491211e-01 9.338939189910888672e-01 9.220488071441650391e-01 9.310189485549926758e-01 9.816354513168334961e-01 1.033578872680664062e+00 1.090106248855590820e+00 1.176655530929565430e+00 1.263137578964233398e+00 1.346519470214843750e+00 1.408232688903808594e+00 1.528270959854125977e+00 1.699850082397460938e+00 0.000000000000000000e+00 0.000000000000000000e+00 nan 0.000000000000000000e+00 0.000000000000000000e+00 0.000000000000000000e+00
7.864727973937988281e-01 7.731437683105468750e-01 7.858735322952270508e-01 8.319059610366821289e-01 8.265974521636962891e-01 8.133065700531005859e-01 8.120415210723876953e-01 8.372503519058227539e-01 8.854093551635742188e-01 9.348303079605102539e-01 9.791170358657836914e-01 1.049450397491455078e+00 1.125822067260742188e+00 1.188860893249511719e+00 1.253768682479858398e+00 1.372340917587280273e+00 0.000000000000000000e+00 0.000000000000000000e+00 0.000000000000000000e+00 nan 0.000000000000000000e+00 0.000000000000000000e+00
7.656849622726440430e-01 7.490346431732177734e-01 7.248619794845581055e-01 7.091306447982788086e-01 7.173315286636352539e-01 7.442884445190429688e-01 7.426373958587646484e-01 7.548971176147460938e-01 7.753659486770629883e-01 8.194916248321533203e-01 8.647140264511108398e-01 9.006612300872802734e-01 9.475053548812866211e-01 9.973238706588745117e-01 1.048416852951049805e+00 1.123763561248779297e+00 0.000000000000000000e+00 0.000000000000000000e+00 0.000000000000000000e+00 0.000000000000000000e+00 nan 0.000000000000000000e+00
7.484425306320190430e-01 7.139195203781127930e-01 6.771174669265747070e-01 6.444994211196899414e-01 6.455438137054443359e-01 6.623685359954833984e-01 6.779224872589111328e-01 6.900273561477661133e-01 7.019166946411132812e-01 7.198755741119384766e-01 7.626223564147949219e-01 8.064312934875488281e-01 8.329000473022460938e-01 8.478617668151855469e-01 8.951314687728881836e-01 9.620504379272460938e-01 0.000000000000000000e+00 0.000000000000000000e+00 0.000000000000000000e+00 0.000000000000000000e+00 0.000000000000000000e+00 nan
