nan 1.174854755401611328e+00 1.101077795028686523e+00 1.069660186767578125e+00 1.038219928741455078e+00 9.904000759124755859e-01 9.599819183349609375e-01 9.401701688766479492e-01 9.175934791564941406e-01 8.952795267105102539e-01 8.801050186157226562e-01 8.727276325225830078e-01 8.653789758682250977e-01 8.651719093322753906e-01 8.489161729812622070e-01 8.324666023254394531e-01 0.000000000000000000e+00 0.000000000000000000e+00 0.000000000000000000e+00 0.000000000000000000e+00 0.000000000000000000e+00 0.000000000000000000e+00
1.053810358047485352e+00 nan 1.204359054565429688e+00 1.143896818161010742e+00 1.106330156326293945e+00 1.056830167770385742e+00 1.005632877349853516e+00 9.546915292739868164e-01 9.319459199905395508e-01 9.165539741516113281e-01 9.090335369110107422e-01 9.015424251556396484e-01 8.936158418655395508e-01 8.650814294815063477e-01 8.449035882949829102e-01 8.290311098098754883e-01 0.000000000000000000e+00 0.000000000000000000e+00 0.000000000000000000e+00 0.000000000000000000e+00 0.000000000000000000e+00 0.000000000000000000e+00
9.981545209884643555e-01 1.100195407867431641e+00 nan 1.234262466430664062e+00 1.176716566085815430e+00 1.124752521514892578e+00 1.069205999374389648e+00 1.008640766143798828e+00 9.571650028228759766e-01 9.460432529449462891e-01 9.384069442749023438e-01 9.308007955551147461e-01 9.176756143569946289e-01 8.924920558929443359e-01 8.408998250961303711e-01 8.080992698669433594e-01 0.000000000000000000e+00 0.000000000000000000e+00 0.000000000000000000e+00 0.000000000000000000e+00 0.000000000000000000e+00 0.000000000000000000e+00
9.430776834487915039e-01 1.043282747268676758e+00 1.147628068923950195e+00 nan 1.249606847763061523e+00 1.194918394088745117e+00 1.134516000747680664e+00 1.079896926879882812e+00 1.034773588180541992e+00 9.906295537948608398e-01 9.682320356369018555e-01 9.605088233947753906e-01 9.420406818389892578e-01 9.203050136566162109e-01 8.438912630081176758e-01 7.874066829681396484e-01 0.000000000000000000e+00 0.000000000000000000e+00 0.000000000000000000e+00 0.000000000000000000e+00 0.000000000000000000e+00 0.000000000000000000e+00
8.879258632659912109e-01 9.873210191726684570e-01 1.091395854949951172e+00 1.194476127624511719e+00 nan 1.278627395629882812e+00 1.205272674560546875e+00 1.157906055450439453e+00 1.111557245254516602e+00 1.066203832626342773e+00 1.021824121475219727e+00 9.848169088363647461e-01 9.653971195220947266e-01 9.252468347549438477e-01 8.442450761795043945e-01 7.916442155838012695e-01 0.000000000000000000e+00 0.000000000000000000e+00 0.000000000000000000e+00 0.000000000000000000e+00 0.000000000000000000e+00 0.000000000000000000e+00
8.334757089614868164e-01 9.300041198730468750e-01 1.031614542007446289e+00 1.129822492599487305e+00 1.208243131637573242e+00 nan 1.307497739791870117e+00 1.239469289779663086e+00 1.180964946746826172e+00 1.132300615310668945e+00 1.086265563964843750e+00 1.031038045883178711e+00 9.628671407699584961e-01 9.123301506042480469e-01 8.370965719223022461e-01 7.846996784210205078e-01 0.000000000000000000e+00 0.000000000000000000e+00 0.000000000000000000e+00 0.000000000000000000e+00 0.000000000000000000e+00 0.000000000000000000e+00
7.913622856140136719e-01 8.743401765823364258e-01 9.730199575424194336e-01 1.062478542327880859e+00 1.144910573959350586e+00 1.236094236373901367e+00 nan 1.351219177246093750e+00 1.273591518402099609e+00 1.214176416397094727e+00 1.152417182922363281e+00 1.073123455047607422e+00 9.789309501647949219e-01 8.995000123977661133e-01 8.299759626388549805e-01 7.777820825576782227e-01 0.000000000000000000e+00 0.000000000000000000e+00 0.000000000000000000e+00 0.000000000000000000e+00 0.000000000000000000e+00 0.000000000000000000e+00
7.702996730804443359e-01 8.357324600219726562e-01 9.156936407089233398e-01 9.967925548553466797e-01 1.073875904083251953e+00 1.153352260589599609e+00 1.274136304855346680e+00 nan 1.395801782608032227e+00 1.308214187622070312e+00 1.227471590042114258e+00 1.124249935150146484e+00 1.025811910629272461e+00 9.319354295730590820e-01 8.384907245635986328e-01 7.809786796569824219e-01 0.000000000000000000e+00 0.000000000000000000e+00 0.000000000000000000e+00 0.000000000000000000e+00 0.000000000000000000e+00 0.000000000000000000e+00
7.492773532867431641e-01 8.198155164718627930e-01 8.755394220352172852e-01 9.331986904144287109e-01 1.005193233489990234e+00 1.081052541732788086e+00 1.191445589065551758e+00 1.315009117126464844e+00 nan 1.430270195007324219e+00 1.285291671752929688e+00 1.179390907287597656e+00 1.078397512435913086e+00 9.820840358734130859e-01 8.737156391143798828e-01 7.975496053695678711e-01 0.000000000000000000e+00 0.000000000000000000e+00 0.000000000000000000e+00 0.000000000000000000e+00 0.000000000000000000e+00 0.000000000000000000e+00
7.263224124908447266e-01 7.996270656585693359e-01 8.545162677764892578e-01 8.950338363647460938e-01 9.387854337692260742e-01 1.015387296676635742e+00 1.111761569976806641e+00 1.228138685226440430e+00 1.345030069351196289e+00 nan 1.377333402633666992e+00 1.235963106155395508e+00 1.132348060607910156e+00 1.033534526824951172e+00 9.264909029006958008e-01 8.280116319656372070e-01 0.000000000000000000e+00 0.000000000000000000e+00 0.000000000000000000e+00 0.000000000000000000e+00 0.000000000000000000e+00 0.000000000000000000e+00
7.065124511718750000e-01 7.782565355300903320e-01 8.337290287017822266e-01 8.685009479522705078e-01 8.908826112747192383e-01 9.485760927200317383e-01 1.029545545578002930e+00 1.134146928787231445e+00 1.216712474822998047e+00 1.300411462783813477e+00 nan 1.325549602508544922e+00 1.187698602676391602e+00 1.086320400238037109e+00 9.807524681091308594e-01 8.912214040756225586e-01 0.000000000000000000e+00 0.000000000000000000e+00 0.000000000000000000e+00 0.000000000000000000e+00 0.000000000000000000e+00 0.000000000000000000e+00
7.166986465454101562e-01 7.564824819564819336e-01 8.083362579345703125e-01 8.384900093078613281e-01 8.552929162979125977e-01 8.838695287704467773e-01 9.536299705505371094e-01 1.019176006317138672e+00 1.095416545867919922e+00 1.174535751342773438e+00 1.256642580032348633e+00 nan 1.277559041976928711e+00 1.140476465225219727e+00 1.039329290390014648e+00 9.566171169281005859e-01 0.000000000000000000e+00 0.000000000000000000e+00 0.000000000000000000e+00 0.000000000000000000e+00 0.000000000000000000e+00 0.000000000000000000e+00
7.311238050460815430e-01 7.478258609771728516e-01 7.728033065795898438e-01 7.991124391555786133e-01 8.184020519256591797e-01 8.492565155029296875e-01 8.594660758972167969e-01 9.086891412734985352e-01 9.807579517364501953e-01 1.055547952651977539e+00 1.133161544799804688e+00 1.229123592376708984e+00 nan 1.244982004165649414e+00 1.109846353530883789e+00 1.024273872375488281e+00 0.000000000000000000e+00 0.000000000000000000e+00 0.000000000000000000e+00 0.000000000000000000e+00 0.000000000000000000e+00 0.000000000000000000e+00
7.449983358383178711e-01 7.541809082031250000e-01 7.472459077835083008e-01 7.559050321578979492e-01 7.834002971649169922e-01 7.983552217483520508e-01 7.994915246963500977e-01 8.081485033035278320e-01 8.723734617233276367e-01 9.434438943862915039e-01 1.019091367721557617e+00 1.099870920181274414e+00 1.220745086669921875e+00 nan 1.223467350006103516e+00 1.094270467758178711e+00 0.000000000000000000e+00 0.000000000000000000e+00 0.000000000000000000e+00 0.000000000000000000e+00 0.000000000000000000e+00 0.000000000000000000e+00
7.587714195251464844e-01 7.560417652130126953e-01 7.483172416687011719e-01 7.368465662002563477e-01 7.324099540710449219e-01 7.406585216522216797e-01 7.489460706710815430e-01 7.615830898284912109e-01 7.943677902221679688e-01 8.614944219589233398e-01 9.360320568084716797e-01 1.013554334640502930e+00 1.101773500442504883e+00 1.236990451812744141e+00 nan 1.205085515975952148e+00 0.000000000000000000e+00 0.000000000000000000e+00 0.000000000000000000e+00 0.000000000000000000e+00 0.000000000000000000e+00 0.000000000000000000e+00
7.686507701873779297e-01 7.579044103622436523e-01 7.497655153274536133e-01 7.344601154327392578e-01 7.118605375289916992e-01 6.974755525588989258e-01 7.055575847625732422e-01 7.149329185485839844e-01 7.492016553878784180e-01 7.841550111770629883e-01 8.537626266479492188e-01 9.307857751846313477e-01 1.008097887039184570e+00 1.114393234252929688e+00 1.225920915603637695e+00 nan 0.000000000000000000e+00 0.000000000000000000e+00 0.000000000000000000e+00 0.000000000000000000e+00 0.000000000000000000e+00 0.000000000000000000e+00
7.388358116149902344e-01 7.416824102401733398e-01 7.368150949478149414e-01 7.208770513534545898e-01 7.034640312194824219e-01 6.812680959701538086e-01 6.632455587387084961e-01 6.711646318435668945e-01 7.028793096542358398e-01 7.369071245193481445e-01 7.716149091720581055e-01 8.400439023971557617e-01 9.174005985260009766e-01 9.986047744750976562e-01 1.106394290924072266e+00 1.218166828155517578e+00 nan 0.000000000000000000e+00 0.000000000000000000e+00 0.000000000000000000e+00 0.000000000000000000e+00 0.000000000000000000e+00
5.781131982803344727e-01 7.026637792587280273e-01 6.971794366836547852e-01 6.822667121887207031e-01 6.664900779724121094e-01 6.508613824844360352e-01 6.353793144226074219e-01 6.208893060684204102e-01 6.549694538116455078e-01 6.909104585647583008e-01 7.246990203857421875e-01 7.591627836227416992e-01 8.264266252517700195e-01 9.032108783721923828e-01 9.822341203689575195e-01 1.093582391738891602e+00 0.000000000000000000e+00 nan 0.000000000000000000e+00 0.000000000000000000e+00 0.000000000000000000e+00 0.000000000000000000e+00
5.530668497085571289e-01 5.526680946350097656e-01 6.192717552185058594e-01 6.445225477218627930e-01 6.290999650955200195e-01 6.138219833374023438e-01 5.986871719360351562e-01 5.836944580078125000e-01 5.906276702880859375e-01 6.259946823120117188e-01 6.631069183349609375e-01 7.010661363601684570e-01 7.398918867111206055e-01 8.096764087677001953e-01 8.858323097229003906e-01 9.681980609893798828e-01 0.000000000000000000e+00 0.000000000000000000e+00 nan 0.000000000000000000e+00 0.000000000000000000e+00 0.000000000000000000e+00
5.310811996459960938e-01 5.299592018127441406e-01 5.267031192779541016e-01 5.399640798568725586e-01 5.925487279891967773e-01 5.776134729385375977e-01 5.628184080123901367e-01 5.488460063934326172e-01 5.566524267196655273e-01 5.644981861114501953e-01 5.975271463394165039e-01 6.339895725250244141e-01 6.712843179702758789e-01 7.094303369522094727e-01 7.645425796508789062e-01 8.452216386795043945e-01 0.000000000000000000e+00 0.000000000000000000e+00 0.000000000000000000e+00 nan 0.000000000000000000e+00 0.000000000000000000e+00
5.072412490844726562e-01 5.075823068618774414e-01 5.048358440399169922e-01 5.007808208465576172e-01 4.993607997894287109e-01 5.422174930572509766e-01 5.277543067932128906e-01 5.157631635665893555e-01 5.234029293060302734e-01 5.310810804367065430e-01 5.387979745864868164e-01 5.695580244064331055e-01 6.053820848464965820e-01 6.420238018035888672e-01 6.815721988677978516e-01 7.242623567581176758e-01 0.000000000000000000e+00 0.000000000000000000e+00 0.000000000000000000e+00 0.000000000000000000e+00 nan 0.000000000000000000e+00
4.763720035552978516e-01 4.829052686691284180e-01 4.824305772781372070e-01 4.786146879196166992e-01 4.762485027313232422e-01 4.763234853744506836e-01 4.837015867233276367e-01 4.833869934082031250e-01 4.908635616302490234e-01 4.983776807785034180e-01 5.059298276901245117e-01 5.135198831558227539e-01 5.420786142349243164e-01 5.772755146026611328e-01 6.152890920639038086e-01 6.558420658111572266e-01 0.000000000000000000e+00 0.000000000000000000e+00 0.000000000000000000e+00 0.000000000000000000e+00 0.000000000000000000e+00 nan
