nan 1.912502288818359375e+00 1.850370407104492188e+00 1.809753656387329102e+00 1.738988637924194336e+00 1.674424648284912109e+00 1.593552112579345703e+00 1.506215572357177734e+00 1.463597297668457031e+00 1.421703577041625977e+00 1.380522727966308594e+00 1.333555459976196289e+00 1.284274101257324219e+00 1.241295337677001953e+00 1.218666315078735352e+00 1.210562229156494141e+00 0.000000000000000000e+00 0.000000000000000000e+00 0.000000000000000000e+00 0.000000000000000000e+00 0.000000000000000000e+00 0.000000000000000000e+00
1.750013351440429688e+00 nan 2.064769744873046875e+00 2.020388364791870117e+00 1.960143566131591797e+00 1.822927713394165039e+00 1.728775739669799805e+00 1.634516954421997070e+00 1.543514251708984375e+00 1.488494396209716797e+00 1.446177244186401367e+00 1.391584157943725586e+00 1.336862325668334961e+00 1.273327350616455078e+00 1.244341850280761719e+00 1.192822217941284180e+00 0.000000000000000000e+00 0.000000000000000000e+00 0.000000000000000000e+00 0.000000000000000000e+00 0.000000000000000000e+00 0.000000000000000000e+00
1.582743167877197266e+00 1.926771640777587891e+00 nan 2.248558521270751953e+00 2.178996801376342773e+00 2.045507907867431641e+00 1.872440576553344727e+00 1.771874904632568359e+00 1.676127672195434570e+00 1.583687305450439453e+00 1.508449316024780273e+00 1.451053857803344727e+00 1.394972085952758789e+00 1.334950923919677734e+00 1.240645408630371094e+00 1.168975591659545898e+00 0.000000000000000000e+00 0.000000000000000000e+00 0.000000000000000000e+00 0.000000000000000000e+00 0.000000000000000000e+00 0.000000000000000000e+00
1.455564260482788086e+00 1.769451618194580078e+00 2.120617866516113281e+00 nan 2.404992103576660156e+00 2.283014059066772461e+00 2.121762275695800781e+00 1.944361925125122070e+00 1.815656900405883789e+00 1.718397140502929688e+00 1.612160205841064453e+00 1.512004613876342773e+00 1.454527854919433594e+00 1.363666534423828125e+00 1.248488664627075195e+00 1.148809432983398438e+00 0.000000000000000000e+00 0.000000000000000000e+00 0.000000000000000000e+00 0.000000000000000000e+00 0.000000000000000000e+00 0.000000000000000000e+00
1.347491502761840820e+00 1.611148357391357422e+00 1.919288873672485352e+00 2.270433187484741211e+00 nan 2.477389812469482422e+00 2.341472625732421875e+00 2.193069219589233398e+00 2.016521215438842773e+00 1.867891788482666016e+00 1.741097688674926758e+00 1.630594730377197266e+00 1.495216369628906250e+00 1.370503664016723633e+00 1.255559921264648438e+00 1.156085252761840820e+00 0.000000000000000000e+00 0.000000000000000000e+00 0.000000000000000000e+00 0.000000000000000000e+00 0.000000000000000000e+00 0.000000000000000000e+00
1.286804676055908203e+00 1.493871927261352539e+00 1.742299795150756836e+00 2.057401657104492188e+00 2.366005659103393555e+00 nan 2.525893926620483398e+00 2.373324394226074219e+00 2.223506450653076172e+00 2.052945137023925781e+00 1.880254268646240234e+00 1.732383012771606445e+00 1.545843362808227539e+00 1.365253448486328125e+00 1.250195026397705078e+00 1.151374816894531250e+00 0.000000000000000000e+00 0.000000000000000000e+00 0.000000000000000000e+00 0.000000000000000000e+00 0.000000000000000000e+00 0.000000000000000000e+00
1.213646650314331055e+00 1.420547246932983398e+00 1.638159751892089844e+00 1.858247518539428711e+00 2.140797853469848633e+00 2.425329208374023438e+00 nan 2.563752889633178711e+00 2.402127981185913086e+00 2.231614112854003906e+00 2.057825088500976562e+00 1.809211015701293945e+00 1.617426156997680664e+00 1.428259134292602539e+00 1.267389059066772461e+00 1.161618471145629883e+00 0.000000000000000000e+00 0.000000000000000000e+00 0.000000000000000000e+00 0.000000000000000000e+00 0.000000000000000000e+00 0.000000000000000000e+00
1.141540765762329102e+00 1.349378824234008789e+00 1.560592889785766602e+00 1.741445541381835938e+00 1.929012537002563477e+00 2.194357633590698242e+00 2.483741044998168945e+00 nan 2.584116220474243164e+00 2.401027917861938477e+00 2.155291080474853516e+00 1.927309751510620117e+00 1.691023826599121094e+00 1.496372461318969727e+00 1.319082260131835938e+00 1.183115243911743164e+00 0.000000000000000000e+00 0.000000000000000000e+00 0.000000000000000000e+00 0.000000000000000000e+00 0.000000000000000000e+00 0.000000000000000000e+00
1.088939666748046875e+00 1.273205518722534180e+00 1.473672628402709961e+00 1.653547286987304688e+00 1.801936149597167969e+00 1.978960514068603516e+00 2.248830556869506836e+00 2.541827917098999023e+00 nan 2.509433507919311523e+00 2.255863666534423828e+00 2.020616292953491211e+00 1.802365064620971680e+00 1.567165613174438477e+00 1.385966300964355469e+00 1.222926139831542969e+00 0.000000000000000000e+00 0.000000000000000000e+00 0.000000000000000000e+00 0.000000000000000000e+00 0.000000000000000000e+00 0.000000000000000000e+00
1.052447319030761719e+00 1.197053670883178711e+00 1.365954399108886719e+00 1.538728475570678711e+00 1.685080766677856445e+00 1.834371089935302734e+00 2.018772602081298828e+00 2.283004760742187500e+00 2.518927574157714844e+00 nan 2.359642028808593750e+00 2.116896152496337891e+00 1.891688346862792969e+00 1.669589757919311523e+00 1.454779148101806641e+00 1.287036895751953125e+00 0.000000000000000000e+00 0.000000000000000000e+00 0.000000000000000000e+00 0.000000000000000000e+00 0.000000000000000000e+00 0.000000000000000000e+00
1.017264127731323242e+00 1.146604061126708984e+00 1.288093566894531250e+00 1.417892932891845703e+00 1.555377483367919922e+00 1.690399408340454102e+00 1.834577083587646484e+00 1.988812208175659180e+00 2.179244995117187500e+00 2.381810426712036133e+00 nan 2.216243505477905273e+00 1.985953569412231445e+00 1.764594793319702148e+00 1.540093183517456055e+00 1.352995872497558594e+00 0.000000000000000000e+00 0.000000000000000000e+00 0.000000000000000000e+00 0.000000000000000000e+00 0.000000000000000000e+00 0.000000000000000000e+00
1.000130891799926758e+00 1.102128744125366211e+00 1.221620798110961914e+00 1.319833278656005859e+00 1.421508312225341797e+00 1.553524255752563477e+00 1.658107519149780273e+00 1.740938186645507812e+00 1.872351646423339844e+00 2.055364131927490234e+00 2.250036954879760742e+00 nan 2.085972309112548828e+00 1.856815099716186523e+00 1.633763790130615234e+00 1.428040981292724609e+00 0.000000000000000000e+00 0.000000000000000000e+00 0.000000000000000000e+00 0.000000000000000000e+00 0.000000000000000000e+00 0.000000000000000000e+00
1.020005226135253906e+00 1.071633577346801758e+00 1.150787115097045898e+00 1.234635353088378906e+00 1.313251018524169922e+00 1.394521474838256836e+00 1.475585460662841797e+00 1.552728414535522461e+00 1.632275581359863281e+00 1.760428428649902344e+00 1.936309576034545898e+00 2.144810914993286133e+00 nan 1.952112436294555664e+00 1.721220016479492188e+00 1.514877080917358398e+00 0.000000000000000000e+00 0.000000000000000000e+00 0.000000000000000000e+00 0.000000000000000000e+00 0.000000000000000000e+00 0.000000000000000000e+00
1.039467811584472656e+00 1.056196689605712891e+00 1.092141628265380859e+00 1.167814970016479492e+00 1.225865125656127930e+00 1.241557359695434570e+00 1.317517518997192383e+00 1.397590398788452148e+00 1.472487211227416992e+00 1.549723386764526367e+00 1.677064418792724609e+00 1.849560260772705078e+00 2.079854726791381836e+00 nan 1.818717956542968750e+00 1.604982376098632812e+00 0.000000000000000000e+00 0.000000000000000000e+00 0.000000000000000000e+00 0.000000000000000000e+00 0.000000000000000000e+00 0.000000000000000000e+00
1.050443649291992188e+00 1.058767557144165039e+00 1.066153526306152344e+00 1.091108083724975586e+00 1.105850458145141602e+00 1.120679855346679688e+00 1.157314777374267578e+00 1.236449241638183594e+00 1.319338321685791016e+00 1.397567987442016602e+00 1.476463317871093750e+00 1.603925704956054688e+00 1.780739784240722656e+00 1.970311164855957031e+00 nan 1.698315858840942383e+00 0.000000000000000000e+00 0.000000000000000000e+00 0.000000000000000000e+00 0.000000000000000000e+00 0.000000000000000000e+00 0.000000000000000000e+00
1.048147916793823242e+00 1.061275482177734375e+00 1.058000564575195312e+00 1.026725292205810547e+00 1.005072355270385742e+00 1.010195493698120117e+00 1.037021875381469727e+00 1.082350969314575195e+00 1.157927513122558594e+00 1.242440462112426758e+00 1.318076372146606445e+00 1.396263360977172852e+00 1.527730226516723633e+00 1.679987668991088867e+00 1.840427398681640625e+00 nan 0.000000000000000000e+00 0.000000000000000000e+00 0.000000000000000000e+00 0.000000000000000000e+00 0.000000000000000000e+00 0.000000000000000000e+00
9.579339027404785156e-01 9.809559583663940430e-01 9.581325054168701172e-01 9.454727172851562500e-01 9.342502355575561523e-01 9.275664091110229492e-01 9.504948854446411133e-01 9.851024150848388672e-01 1.020323991775512695e+00 1.083632230758666992e+00 1.168091773986816406e+00 1.241220235824584961e+00 1.316814899444580078e+00 1.421571493148803711e+00 1.549331665039062500e+00 1.727652549743652344e+00 nan 0.000000000000000000e+00 0.000000000000000000e+00 0.000000000000000000e+00 0.000000000000000000e+00 0.000000000000000000e+00
8.136143684387207031e-01 8.646750450134277344e-01 8.389143943786621094e-01 8.228980302810668945e-01 8.123826980590820312e-01 8.019280433654785156e-01 8.070455789566040039e-01 8.550254106521606445e-01 9.042788743972778320e-01 9.548401832580566406e-01 1.032520532608032227e+00 1.113258361816406250e+00 1.174900054931640625e+00 1.231566190719604492e+00 1.320289134979248047e+00 1.441609382629394531e+00 0.000000000000000000e+00 nan 0.000000000000000000e+00 0.000000000000000000e+00 0.000000000000000000e+00 0.000000000000000000e+00
7.451282739639282227e-01 7.096246480941772461e-01 7.509552240371704102e-01 7.207014560699462891e-01 7.085729837417602539e-01 6.965299844741821289e-01 6.989480257034301758e-01 7.117406129837036133e-01 7.549272775650024414e-01 7.998310327529907227e-01 8.476190567016601562e-01 9.098783731460571289e-01 1.002031803131103516e+00 1.076993465423583984e+00 1.152095317840576172e+00 1.226936340332031250e+00 0.000000000000000000e+00 0.000000000000000000e+00 nan 0.000000000000000000e+00 0.000000000000000000e+00 0.000000000000000000e+00
7.071763277053833008e-01 6.720407009124755859e-01 6.333392858505249023e-01 6.323657035827636719e-01 6.385380029678344727e-01 6.263934373855590820e-01 6.299089193344116211e-01 6.413753032684326172e-01 6.529226303100585938e-01 6.923555135726928711e-01 7.344180345535278320e-01 7.775262594223022461e-01 8.237296342849731445e-01 8.945552110671997070e-01 9.552948474884033203e-01 1.011063337326049805e+00 0.000000000000000000e+00 0.000000000000000000e+00 0.000000000000000000e+00 nan 0.000000000000000000e+00 0.000000000000000000e+00
6.697889566421508789e-01 6.352828741073608398e-01 5.989171266555786133e-01 5.582724809646606445e-01 5.466235876083374023e-01 5.645501613616943359e-01 5.696591138839721680e-01 5.807015895843505859e-01 5.918226242065429688e-01 6.030210256576538086e-01 6.394602060317993164e-01 6.802082061767578125e-01 7.219688892364501953e-01 7.473042011260986328e-01 7.922462224960327148e-01 8.493058681488037109e-01 0.000000000000000000e+00 0.000000000000000000e+00 0.000000000000000000e+00 0.000000000000000000e+00 nan 0.000000000000000000e+00
6.393709182739257812e-01 6.053934097290039062e-01 5.707650184631347656e-01 5.302705764770507812e-01 5.032169818878173828e-01 4.927738904953002930e-01 5.015448331832885742e-01 5.139278173446655273e-01 5.264128446578979492e-01 5.390006303787231445e-01 5.516924858093261719e-01 5.862166881561279297e-01 6.276922225952148438e-01 6.514335870742797852e-01 6.696115732192993164e-01 7.013547420501708984e-01 0.000000000000000000e+00 0.000000000000000000e+00 0.000000000000000000e+00 0.000000000000000000e+00 0.000000000000000000e+00 nan
