nan 1.847735881805419922e+00 1.707133769989013672e+00 1.560402393341064453e+00 1.450936794281005859e+00 1.330986022949218750e+00 1.273947954177856445e+00 1.230108499526977539e+00 1.193392038345336914e+00 1.140535116195678711e+00 1.122783660888671875e+00 1.119075775146484375e+00 1.002801895141601562e+00 8.747568130493164062e-01 7.749495506286621094e-01 6.772235631942749023e-01
1.613252878189086914e+00 nan 2.070821523666381836e+00 1.843751192092895508e+00 1.637637376785278320e+00 1.507050037384033203e+00 1.382926940917968750e+00 1.298416614532470703e+00 1.243273258209228516e+00 1.185604810714721680e+00 1.150383710861206055e+00 1.090271711349487305e+00 9.722155332565307617e-01 8.588663339614868164e-01 7.599053382873535156e-01 6.662127971649169922e-01
1.420665502548217773e+00 1.859098434448242188e+00 nan 2.209182500839233398e+00 1.949123859405517578e+00 1.712228536605834961e+00 1.564448118209838867e+00 1.422757148742675781e+00 1.328761577606201172e+00 1.268336772918701172e+00 1.156939268112182617e+00 1.049915552139282227e+00 9.467500448226928711e-01 8.431103229522705078e-01 7.449883222579956055e-01 6.520899534225463867e-01
1.271638393402099609e+00 1.585725545883178711e+00 2.023178339004516602e+00 nan 2.304898262023925781e+00 2.038275241851806641e+00 1.785073757171630859e+00 1.603411436080932617e+00 1.463574171066284180e+00 1.305389642715454102e+00 1.160586833953857422e+00 1.024880170822143555e+00 9.256242513656616211e-01 8.236461877822875977e-01 7.270693778991699219e-01 6.356072425842285156e-01
1.142558813095092773e+00 1.419088840484619141e+00 1.707276344299316406e+00 2.124135255813598633e+00 nan 2.383007287979125977e+00 2.088537693023681641e+00 1.828094720840454102e+00 1.614859104156494141e+00 1.365537643432617188e+00 1.166195869445800781e+00 1.021761417388916016e+00 9.015698432922363281e-01 7.909400463104248047e-01 6.960948705673217773e-01 6.062730550765991211e-01
1.035490989685058594e+00 1.280809402465820312e+00 1.529091596603393555e+00 1.796534299850463867e+00 2.237515926361083984e+00 nan 2.402050018310546875e+00 2.111930847167968750e+00 1.755686521530151367e+00 1.464711427688598633e+00 1.225178718566894531e+00 1.050867080688476562e+00 9.343671798706054688e-01 7.859983444213867188e-01 6.816253662109375000e-01 5.859993696212768555e-01
1.002605199813842773e+00 1.150472402572631836e+00 1.364643096923828125e+00 1.588222980499267578e+00 1.874892473220825195e+00 2.286220312118530273e+00 nan 2.306357622146606445e+00 1.958801507949829102e+00 1.582063674926757812e+00 1.318468332290649414e+00 1.093147993087768555e+00 9.648077487945556641e-01 8.283381462097167969e-01 6.829466819763183594e-01 5.872459411621093750e-01
9.768244028091430664e-01 1.105397939682006836e+00 1.222414493560791016e+00 1.403776884078979492e+00 1.641849994659423828e+00 1.945920467376708984e+00 2.221378326416015625e+00 nan 2.144381999969482422e+00 1.767371416091918945e+00 1.419162273406982422e+00 1.180901527404785156e+00 9.957268238067626953e-01 8.716818094253540039e-01 7.190831899642944336e-01 5.884927511215209961e-01
9.690185785293579102e-01 1.052923679351806641e+00 1.137591600418090820e+00 1.250123262405395508e+00 1.455009460449218750e+00 1.618101119995117188e+00 1.817159652709960938e+00 2.087418556213378906e+00 nan 1.951335430145263672e+00 1.592779159545898438e+00 1.272334337234497070e+00 1.081425428390502930e+00 9.160528182983398438e-01 7.598370313644409180e-01 6.163570880889892578e-01
9.912451505661010742e-01 1.001124143600463867e+00 1.057989835739135742e+00 1.153625726699829102e+00 1.221163988113403320e+00 1.358493804931640625e+00 1.504313945770263672e+00 1.693863391876220703e+00 1.987842559814453125e+00 nan 1.757272958755493164e+00 1.429201602935791016e+00 1.171554088592529297e+00 1.001044750213623047e+00 8.015568256378173828e-01 6.546753644943237305e-01
9.942412376403808594e-01 9.953285455703735352e-01 1.005478382110595703e+00 1.020607471466064453e+00 1.033131361007690430e+00 1.117368221282958984e+00 1.254498958587646484e+00 1.395472526550292969e+00 1.575963020324707031e+00 1.823898792266845703e+00 nan 1.579651117324829102e+00 1.315252304077148438e+00 1.088340520858764648e+00 8.671191930770874023e-01 6.959861516952514648e-01
9.039734601974487305e-01 9.281569719314575195e-01 9.310916662216186523e-01 9.151691198348999023e-01 9.172934293746948242e-01 9.663534164428710938e-01 1.033898591995239258e+00 1.151978969573974609e+00 1.280454158782958984e+00 1.423644542694091797e+00 1.656380414962768555e+00 nan 1.460330963134765625e+00 1.206907987594604492e+00 9.478055238723754883e-01 7.503579854965209961e-01
7.364751100540161133e-01 8.033479452133178711e-01 7.617744207382202148e-01 7.440259456634521484e-01 7.309217453002929688e-01 7.794508934020996094e-01 8.480973243713378906e-01 9.291534423828125000e-01 1.070733547210693359e+00 1.180845022201538086e+00 1.287638187408447266e+00 1.527833938598632812e+00 nan 1.342297792434692383e+00 1.071723937988281250e+00 8.424707651138305664e-01
6.999620199203491211e-01 6.466592550277709961e-01 6.261301040649414062e-01 6.331487894058227539e-01 6.203734874725341797e-01 6.377305984497070312e-01 6.778056621551513672e-01 7.392909526824951172e-01 8.030294179916381836e-01 9.035190343856811523e-01 1.006370306015014648e+00 1.130815029144287109e+00 1.377989292144775391e+00 nan 1.242745399475097656e+00 9.629348516464233398e-01
6.458137035369873047e-01 5.966722965240478516e-01 5.384716987609863281e-01 5.157978534698486328e-01 5.222914218902587891e-01 5.377848148345947266e-01 5.534356832504272461e-01 5.880831480026245117e-01 6.459380388259887695e-01 6.934559345245361328e-01 7.567634582519531250e-01 8.795062303543090820e-01 1.028311252593994141e+00 1.191296339035034180e+00 nan 1.120846509933471680e+00
6.099593639373779297e-01 5.618995428085327148e-01 5.065462589263916016e-01 4.714883565902709961e-01 4.567452669143676758e-01 4.521404504776000977e-01 4.669123888015747070e-01 4.818346500396728516e-01 4.969085454940795898e-01 5.296486616134643555e-01 5.849196910858154297e-01 6.503833532333374023e-01 7.781964540481567383e-01 9.352540969848632812e-01 1.103140354156494141e+00 nan
