nan 1.707595825195312500e+00 1.612174749374389648e+00 1.521408557891845703e+00 1.419429779052734375e+00 1.330868959426879883e+00 1.276586771011352539e+00 1.242311477661132812e+00 1.200012445449829102e+00 1.186258554458618164e+00 1.158218860626220703e+00 1.084489583969116211e+00 9.604954719543457031e-01 8.366929292678833008e-01 7.433360815048217773e-01 6.547242403030395508e-01
1.607260704040527344e+00 nan 1.940891265869140625e+00 1.746438264846801758e+00 1.603730440139770508e+00 1.474821567535400391e+00 1.364970207214355469e+00 1.304609537124633789e+00 1.240502119064331055e+00 1.195702075958251953e+00 1.110842227935791016e+00 1.036068439483642578e+00 9.228341579437255859e-01 8.138414621353149414e-01 7.216460704803466797e-01 6.341369152069091797e-01
1.411683082580566406e+00 1.863337516784667969e+00 nan 2.098329067230224609e+00 1.847408056259155273e+00 1.663341760635375977e+00 1.531481981277465820e+00 1.394391536712646484e+00 1.322967529296875000e+00 1.205978393554687500e+00 1.072097778320312500e+00 9.887720346450805664e-01 8.871985673904418945e-01 7.912745475769042969e-01 7.002259492874145508e-01 6.138055324554443359e-01
1.280200719833374023e+00 1.612214326858520508e+00 2.068782091140747070e+00 nan 2.197059392929077148e+00 1.939134120941162109e+00 1.728848934173583984e+00 1.558856248855590820e+00 1.373882055282592773e+00 1.210295438766479492e+00 1.071465730667114258e+00 9.456694126129150391e-01 8.623901605606079102e-01 7.681171894073486328e-01 6.786159276962280273e-01 5.936453342437744141e-01
1.184610128402709961e+00 1.467582941055297852e+00 1.775699377059936523e+00 2.177037477493286133e+00 nan 2.256272554397583008e+00 1.996062755584716797e+00 1.700317382812500000e+00 1.463881492614746094e+00 1.225398063659667969e+00 1.070757865905761719e+00 9.338959455490112305e-01 8.260763883590698242e-01 7.336416244506835938e-01 6.458857059478759766e-01 5.625720024108886719e-01
1.064883232116699219e+00 1.326531410217285156e+00 1.585242986679077148e+00 1.870024442672729492e+00 2.255589723587036133e+00 nan 2.236397743225097656e+00 1.879313468933105469e+00 1.570399045944213867e+00 1.321158647537231445e+00 1.100568532943725586e+00 9.605102539062500000e-01 8.503152132034301758e-01 7.181735038757324219e-01 6.244715452194213867e-01 5.358796119689941406e-01
1.010668754577636719e+00 1.193543434143066406e+00 1.430287361145019531e+00 1.660350322723388672e+00 1.942330121994018555e+00 2.306972026824951172e+00 nan 2.052700996398925781e+00 1.737630367279052734e+00 1.421040058135986328e+00 1.179928541183471680e+00 9.887338876724243164e-01 8.766188621520996094e-01 7.466009855270385742e-01 6.231590509414672852e-01 5.345631837844848633e-01
9.845890998840332031e-01 1.125127315521240234e+00 1.273025274276733398e+00 1.459850311279296875e+00 1.693947792053222656e+00 1.863603115081787109e+00 2.131174564361572266e+00 nan 1.903152227401733398e+00 1.565785408020019531e+00 1.271319866180419922e+00 1.050480604171752930e+00 9.058954715728759766e-01 7.839171886444091797e-01 6.420981884002685547e-01 5.320081710815429688e-01
9.681675434112548828e-01 1.079576730728149414e+00 1.177529573440551758e+00 1.302613258361816406e+00 1.427588224411010742e+00 1.573416471481323242e+00 1.738664388656616211e+00 1.997166156768798828e+00 nan 1.738199472427368164e+00 1.391719818115234375e+00 1.135778665542602539e+00 9.543324708938598633e-01 8.235641717910766602e-01 6.764299869537353516e-01 5.431561470031738281e-01
9.965230226516723633e-01 1.019273757934570312e+00 1.087472200393676758e+00 1.117440462112426758e+00 1.185503959655761719e+00 1.321493148803710938e+00 1.464853286743164062e+00 1.631248712539672852e+00 1.913400411605834961e+00 nan 1.564369201660156250e+00 1.241899490356445312e+00 1.038183212280273438e+00 8.714389801025390625e-01 7.128111124038696289e-01 5.794293880462646484e-01
1.006134510040283203e+00 1.009969949722290039e+00 9.801058769226074219e-01 9.869443178176879883e-01 1.011680126190185547e+00 1.083880424499511719e+00 1.209828853607177734e+00 1.352809667587280273e+00 1.528045654296875000e+00 1.778532266616821289e+00 nan 1.403733015060424805e+00 1.133532285690307617e+00 9.516645669937133789e-01 7.400703430175781250e-01 6.160475015640258789e-01
9.114979505538940430e-01 9.056107997894287109e-01 8.841010332107543945e-01 8.684227466583251953e-01 8.956265449523925781e-01 9.444000720977783203e-01 1.013095855712890625e+00 1.129703044891357422e+00 1.253064393997192383e+00 1.402000904083251953e+00 1.610691070556640625e+00 nan 1.274393558502197266e+00 1.024112224578857422e+00 8.165798187255859375e-01 6.559960842132568359e-01
7.178301811218261719e-01 7.620570659637451172e-01 7.226279973983764648e-01 7.051171064376831055e-01 7.004090547561645508e-01 7.561365365982055664e-01 8.238835334777832031e-01 9.053928852081298828e-01 1.045229434967041016e+00 1.160588741302490234e+00 1.286180973052978516e+00 1.452537775039672852e+00 nan 1.156109809875488281e+00 9.099705219268798828e-01 7.239276170730590820e-01
6.641297340393066406e-01 6.131740808486938477e-01 6.128886938095092773e-01 5.964930057525634766e-01 5.946186780929565430e-01 6.117000579833984375e-01 6.599155664443969727e-01 7.207453250885009766e-01 7.838039398193359375e-01 8.879387378692626953e-01 9.887250661849975586e-01 1.084089040756225586e+00 1.293582677841186523e+00 nan 1.063098192214965820e+00 8.120630979537963867e-01
6.114430427551269531e-01 5.632950067520141602e-01 5.071866512298583984e-01 4.864438772201538086e-01 4.954100847244262695e-01 5.114287137985229492e-01 5.276188850402832031e-01 5.708229541778564453e-01 6.283878087997436523e-01 6.772648096084594727e-01 7.415347099304199219e-01 8.483537435531616211e-01 9.755723476409912109e-01 1.140186548233032227e+00 nan 9.573756456375122070e-01
5.759634971618652344e-01 5.290013551712036133e-01 4.756398200988769531e-01 4.427282810211181641e-01 4.396486282348632812e-01 4.452447891235351562e-01 4.560323953628540039e-01 4.669005870819091797e-01 4.778500795364379883e-01 5.286546945571899414e-01 5.856926441192626953e-01 6.499935388565063477e-01 7.352402210235595703e-01 8.859772682189941406e-01 1.050483942031860352e+00 nan
