nan 1.218900442123413086e+00 1.129653215408325195e+00 1.099398612976074219e+00 1.066865921020507812e+00 1.016405820846557617e+00 9.752106666564941406e-01 9.575170278549194336e-01 9.496246576309204102e-01 9.417641162872314453e-01 9.339351654052734375e-01 9.261380434036254883e-01 9.125598669052124023e-01 9.155859947204589844e-01 8.984272480010986328e-01 8.814224004745483398e-01 0.000000000000000000e+00 0.000000000000000000e+00 0.000000000000000000e+00 0.000000000000000000e+00 0.000000000000000000e+00 0.000000000000000000e+00
1.163347482681274414e+00 nan 1.245121955871582031e+00 1.174122333526611328e+00 1.134353399276733398e+00 1.082245588302612305e+00 1.027177810668945312e+00 9.866777658462524414e-01 9.786678552627563477e-01 9.706906080245971680e-01 9.627448320388793945e-01 9.548316001892089844e-01 9.359486103057861328e-01 9.119036197662353516e-01 8.937914371490478516e-01 8.768279552459716797e-01 0.000000000000000000e+00 0.000000000000000000e+00 0.000000000000000000e+00 0.000000000000000000e+00 0.000000000000000000e+00 0.000000000000000000e+00
1.058981657028198242e+00 1.198991298675537109e+00 nan 1.281476497650146484e+00 1.204044342041015625e+00 1.153458118438720703e+00 1.106500625610351562e+00 1.060567378997802734e+00 1.015635728836059570e+00 1.000047445297241211e+00 9.919835329055786133e-01 9.793827533721923828e-01 9.596230983734130859e-01 9.391211271286010742e-01 8.891664743423461914e-01 8.722443580627441406e-01 0.000000000000000000e+00 0.000000000000000000e+00 0.000000000000000000e+00 0.000000000000000000e+00 0.000000000000000000e+00 0.000000000000000000e+00
1.000980138778686523e+00 1.106144189834594727e+00 1.239807605743408203e+00 nan 1.307042121887207031e+00 1.237722635269165039e+00 1.188927888870239258e+00 1.141197204589843750e+00 1.094507217407226562e+00 1.048835515975952148e+00 1.021658182144165039e+00 1.003588914871215820e+00 9.835875034332275391e-01 9.644365310668945312e-01 9.138435125350952148e-01 8.441100120544433594e-01 0.000000000000000000e+00 0.000000000000000000e+00 0.000000000000000000e+00 0.000000000000000000e+00 0.000000000000000000e+00 0.000000000000000000e+00
9.444657564163208008e-01 1.046719551086425781e+00 1.154350280761718750e+00 1.277687549591064453e+00 nan 1.362028121948242188e+00 1.283396244049072266e+00 1.224981784820556641e+00 1.176465034484863281e+00 1.129005908966064453e+00 1.079298973083496094e+00 1.028090715408325195e+00 1.007844924926757812e+00 9.884930849075317383e-01 9.201016426086425781e-01 8.415666818618774414e-01 0.000000000000000000e+00 0.000000000000000000e+00 0.000000000000000000e+00 0.000000000000000000e+00 0.000000000000000000e+00 0.000000000000000000e+00
8.878996372222900391e-01 9.871785640716552734e-01 1.091678380966186523e+00 1.198378562927246094e+00 1.308408498764038086e+00 nan 1.408159494400024414e+00 1.319599866867065430e+00 1.258982181549072266e+00 1.199948787689208984e+00 1.142796993255615234e+00 1.084019184112548828e+00 1.026853322982788086e+00 9.886832237243652344e-01 9.141199588775634766e-01 8.403862714767456055e-01 0.000000000000000000e+00 0.000000000000000000e+00 0.000000000000000000e+00 0.000000000000000000e+00 0.000000000000000000e+00 0.000000000000000000e+00
8.329789638519287109e-01 9.293699264526367188e-01 1.030829668045043945e+00 1.132698059082031250e+00 1.236165046691894531e+00 1.372089624404907227e+00 nan 1.453821897506713867e+00 1.354923009872436523e+00 1.290769100189208984e+00 1.217586278915405273e+00 1.146741867065429688e+00 1.068564414978027344e+00 9.753732681274414062e-01 9.050469398498535156e-01 8.332526683807373047e-01 0.000000000000000000e+00 0.000000000000000000e+00 0.000000000000000000e+00 0.000000000000000000e+00 0.000000000000000000e+00 0.000000000000000000e+00
7.958959341049194336e-01 8.732429742813110352e-01 9.709948301315307617e-01 1.067773818969726562e+00 1.164621353149414062e+00 1.282575607299804688e+00 1.436888456344604492e+00 nan 1.500349998474121094e+00 1.381397724151611328e+00 1.305319786071777344e+00 1.221349954605102539e+00 1.118412017822265625e+00 1.016445875167846680e+00 9.047600030899047852e-01 8.293540477752685547e-01 0.000000000000000000e+00 0.000000000000000000e+00 0.000000000000000000e+00 0.000000000000000000e+00 0.000000000000000000e+00 0.000000000000000000e+00
7.745697498321533203e-01 8.427019119262695312e-01 9.109928607940673828e-01 1.004826068878173828e+00 1.096319198608398438e+00 1.199578046798706055e+00 1.323600053787231445e+00 1.493554830551147461e+00 nan 1.530678749084472656e+00 1.397049188613891602e+00 1.279011487960815430e+00 1.173401355743408203e+00 1.068625688552856445e+00 9.451361894607543945e-01 8.463749885559082031e-01 0.000000000000000000e+00 0.000000000000000000e+00 0.000000000000000000e+00 0.000000000000000000e+00 0.000000000000000000e+00 0.000000000000000000e+00
7.513111829757690430e-01 8.256474733352661133e-01 8.815956115722656250e-01 9.437087774276733398e-01 1.030171632766723633e+00 1.120480537414550781e+00 1.237747192382812500e+00 1.357289791107177734e+00 1.539350509643554688e+00 nan 1.510007619857788086e+00 1.344836235046386719e+00 1.229817390441894531e+00 1.122154951095581055e+00 9.981886148452758789e-01 8.786814212799072266e-01 0.000000000000000000e+00 0.000000000000000000e+00 0.000000000000000000e+00 0.000000000000000000e+00 0.000000000000000000e+00 0.000000000000000000e+00
7.230625152587890625e-01 8.039680719375610352e-01 8.632063865661621094e-01 9.144078493118286133e-01 9.640471935272216797e-01 1.045659780502319336e+00 1.143350601196289062e+00 1.257850646972656250e+00 1.378467321395874023e+00 1.533100605010986328e+00 nan 1.455334186553955078e+00 1.293760299682617188e+00 1.177070617675781250e+00 1.052688360214233398e+00 9.315965175628662109e-01 0.000000000000000000e+00 0.000000000000000000e+00 0.000000000000000000e+00 0.000000000000000000e+00 0.000000000000000000e+00 0.000000000000000000e+00
7.100126743316650391e-01 7.799209356307983398e-01 8.431614637374877930e-01 8.825415372848510742e-01 9.144842624664306641e-01 9.691412448883056641e-01 1.052936315536499023e+00 1.162605762481689453e+00 1.250082969665527344e+00 1.335042238235473633e+00 1.509883165359497070e+00 nan 1.412382364273071289e+00 1.236067295074462891e+00 1.108674764633178711e+00 9.860023260116577148e-01 0.000000000000000000e+00 0.000000000000000000e+00 0.000000000000000000e+00 0.000000000000000000e+00 0.000000000000000000e+00 0.000000000000000000e+00
7.367825508117675781e-01 7.537093162536621094e-01 8.063750267028808594e-01 8.479524850845336914e-01 8.793084621429443359e-01 9.111964702606201172e-01 9.742480516433715820e-01 1.049572467803955078e+00 1.126961231231689453e+00 1.207271337509155273e+00 1.290614128112792969e+00 1.486878156661987305e+00 nan 1.361712694168090820e+00 1.166188001632690430e+00 1.041940212249755859e+00 0.000000000000000000e+00 0.000000000000000000e+00 0.000000000000000000e+00 0.000000000000000000e+00 0.000000000000000000e+00 0.000000000000000000e+00
7.623852491378784180e-01 7.548319101333618164e-01 7.685351371765136719e-01 8.071017265319824219e-01 8.447792530059814453e-01 8.760814666748046875e-01 8.898986577987670898e-01 9.374222755432128906e-01 1.010576009750366211e+00 1.086491823196411133e+00 1.165274143218994141e+00 1.261423349380493164e+00 1.464083194732666016e+00 nan 1.270737648010253906e+00 1.099453210830688477e+00 0.000000000000000000e+00 0.000000000000000000e+00 0.000000000000000000e+00 0.000000000000000000e+00 0.000000000000000000e+00 0.000000000000000000e+00
7.855956554412841797e-01 7.670036554336547852e-01 7.617316246032714844e-01 7.679898738861083984e-01 8.050791025161743164e-01 8.277878761291503906e-01 8.289428949356079102e-01 8.420262336730957031e-01 9.005597829818725586e-01 9.723215103149414062e-01 1.046792745590209961e+00 1.124075889587402344e+00 1.237780094146728516e+00 1.424627780914306641e+00 nan 1.214891672134399414e+00 0.000000000000000000e+00 0.000000000000000000e+00 0.000000000000000000e+00 0.000000000000000000e+00 0.000000000000000000e+00 0.000000000000000000e+00
7.978969812393188477e-01 7.801054716110229492e-01 7.604546546936035156e-01 7.633455991744995117e-01 7.581436634063720703e-01 7.575266361236572266e-01 7.628126144409179688e-01 7.776921987533569336e-01 8.111795186996459961e-01 8.712648153305053711e-01 9.440089464187622070e-01 1.019580841064453125e+00 1.104528188705444336e+00 1.217627763748168945e+00 1.357303380966186523e+00 nan 0.000000000000000000e+00 0.000000000000000000e+00 0.000000000000000000e+00 0.000000000000000000e+00 0.000000000000000000e+00 0.000000000000000000e+00
7.736243009567260742e-01 7.701719999313354492e-01 7.585700750350952148e-01 7.607049942016601562e-01 7.358126640319824219e-01 7.112723588943481445e-01 7.085108757019042969e-01 7.199751138687133789e-01 7.523754835128784180e-01 7.853857278823852539e-01 8.462612628936767578e-01 9.217202663421630859e-01 9.994784593582153320e-01 1.087718009948730469e+00 1.177090883255004883e+00 1.341804504394531250e+00 nan 0.000000000000000000e+00 0.000000000000000000e+00 0.000000000000000000e+00 0.000000000000000000e+00 0.000000000000000000e+00
6.173330545425415039e-01 7.225705385208129883e-01 7.080457210540771484e-01 6.893947124481201172e-01 6.735513210296630859e-01 6.608732938766479492e-01 6.491663455963134766e-01 6.576381921768188477e-01 6.954805850982666016e-01 7.274192571640014648e-01 7.599595785140991211e-01 8.192865848541259766e-01 8.936427831649780273e-01 9.657145738601684570e-01 1.055980205535888672e+00 1.167543411254882812e+00 0.000000000000000000e+00 nan 0.000000000000000000e+00 0.000000000000000000e+00 0.000000000000000000e+00 0.000000000000000000e+00
5.912312269210815430e-01 5.771263837814331055e-01 6.377761363983154297e-01 6.514905691146850586e-01 6.360026597976684570e-01 6.206599473953247070e-01 6.054610013961791992e-01 5.948805809020996094e-01 6.180391311645507812e-01 6.549698114395141602e-01 6.927433013916015625e-01 7.313790321350097656e-01 7.949481010437011719e-01 8.724064826965332031e-01 9.464102983474731445e-01 1.038818836212158203e+00 0.000000000000000000e+00 0.000000000000000000e+00 nan 0.000000000000000000e+00 0.000000000000000000e+00 0.000000000000000000e+00
5.726939439773559570e-01 5.427637100219726562e-01 5.377522706985473633e-01 5.575621128082275391e-01 5.992965698242187500e-01 5.842980146408081055e-01 5.694402456283569336e-01 5.608144998550415039e-01 5.686812400817871094e-01 5.897108316421508789e-01 6.259950399398803711e-01 6.631072759628295898e-01 7.010664939880371094e-01 7.518732547760009766e-01 8.287998437881469727e-01 9.113783836364746094e-01 0.000000000000000000e+00 0.000000000000000000e+00 0.000000000000000000e+00 nan 0.000000000000000000e+00 0.000000000000000000e+00
5.406582355499267578e-01 5.184760093688964844e-01 5.157269239425659180e-01 5.116424560546875000e-01 5.102165937423706055e-01 5.487520694732666016e-01 5.342274904251098633e-01 5.274760723114013672e-01 5.351748466491699219e-01 5.429123640060424805e-01 5.618786811828613281e-01 5.975273847579956055e-01 6.339899301528930664e-01 6.722322702407836914e-01 7.132499217987060547e-01 7.833473682403564453e-01 0.000000000000000000e+00 0.000000000000000000e+00 0.000000000000000000e+00 0.000000000000000000e+00 nan 0.000000000000000000e+00
5.090503692626953125e-01 4.932228326797485352e-01 4.934211969375610352e-01 4.895769357681274414e-01 4.871975183486938477e-01 4.872729778289794922e-01 4.998048543930053711e-01 4.948498010635375977e-01 5.023840665817260742e-01 5.099562406539916992e-01 5.175666809082031250e-01 5.345336198806762695e-01 5.695582628250122070e-01 6.063174009323120117e-01 6.457182168960571289e-01 6.864472627639770508e-01 0.000000000000000000e+00 0.000000000000000000e+00 0.000000000000000000e+00 0.000000000000000000e+00 0.000000000000000000e+00 nan
