nan 1.343044757843017578e+00 1.256153345108032227e+00 1.208106517791748047e+00 1.198053598403930664e+00 1.161892652511596680e+00 1.121993303298950195e+00 1.113437891006469727e+00 1.104916810989379883e+00 1.096430063247680664e+00 1.087977647781372070e+00 1.079559326171875000e+00 1.062005996704101562e+00 1.075425148010253906e+00 1.056834697723388672e+00 1.035372972488403320e+00 0.000000000000000000e+00 0.000000000000000000e+00 0.000000000000000000e+00 0.000000000000000000e+00 0.000000000000000000e+00 0.000000000000000000e+00
1.233217954635620117e+00 nan 1.414779186248779297e+00 1.327398300170898438e+00 1.289079904556274414e+00 1.249065876007080078e+00 1.201403856277465820e+00 1.153401136398315430e+00 1.136273384094238281e+00 1.127660274505615234e+00 1.119081735610961914e+00 1.108268022537231445e+00 1.087221860885620117e+00 1.067428112030029297e+00 1.051811456680297852e+00 1.001976490020751953e+00 0.000000000000000000e+00 0.000000000000000000e+00 0.000000000000000000e+00 0.000000000000000000e+00 0.000000000000000000e+00 0.000000000000000000e+00
1.149600267410278320e+00 1.367478609085083008e+00 nan 1.512120008468627930e+00 1.399814128875732422e+00 1.340878248214721680e+00 1.287544488906860352e+00 1.237663030624389648e+00 1.188869714736938477e+00 1.159355878829956055e+00 1.150649547576904297e+00 1.134050369262695312e+00 1.112746715545654297e+00 1.092745780944824219e+00 1.019038438796997070e+00 9.691287279129028320e-01 0.000000000000000000e+00 0.000000000000000000e+00 0.000000000000000000e+00 0.000000000000000000e+00 0.000000000000000000e+00 0.000000000000000000e+00
1.091233491897583008e+00 1.249366521835327148e+00 1.473541736602783203e+00 nan 1.608453512191772461e+00 1.475808143615722656e+00 1.395833015441894531e+00 1.328166246414184570e+00 1.274520158767700195e+00 1.224922895431518555e+00 1.181929349899291992e+00 1.160147905349731445e+00 1.138583898544311523e+00 1.093437194824218750e+00 1.015713214874267578e+00 9.368195533752441406e-01 0.000000000000000000e+00 0.000000000000000000e+00 0.000000000000000000e+00 0.000000000000000000e+00 0.000000000000000000e+00 0.000000000000000000e+00
1.051546096801757812e+00 1.181907892227172852e+00 1.314185857772827148e+00 1.568070173263549805e+00 nan 1.692686080932617188e+00 1.557282447814941406e+00 1.457091808319091797e+00 1.382815122604370117e+00 1.315521478652954102e+00 1.254840135574340820e+00 1.192493677139282227e+00 1.143436908721923828e+00 1.089109659194946289e+00 1.015501022338867188e+00 9.298011064529418945e-01 0.000000000000000000e+00 0.000000000000000000e+00 0.000000000000000000e+00 0.000000000000000000e+00 0.000000000000000000e+00 0.000000000000000000e+00
9.991909265518188477e-01 1.125816345214843750e+00 1.256542921066284180e+00 1.404402732849121094e+00 1.632344245910644531e+00 nan 1.758180618286132812e+00 1.619483470916748047e+00 1.507634162902832031e+00 1.426154851913452148e+00 1.336756944656372070e+00 1.236620187759399414e+00 1.134998798370361328e+00 1.076608180999755859e+00 1.007665395736694336e+00 9.225735664367675781e-01 0.000000000000000000e+00 0.000000000000000000e+00 0.000000000000000000e+00 0.000000000000000000e+00 0.000000000000000000e+00 0.000000000000000000e+00
9.414918422698974609e-01 1.068706274032592773e+00 1.199734449386596680e+00 1.319718360900878906e+00 1.476752996444702148e+00 1.720231294631958008e+00 nan 1.825268268585205078e+00 1.683197259902954102e+00 1.552649259567260742e+00 1.432875156402587891e+00 1.285310029983520508e+00 1.179407835006713867e+00 1.074350833892822266e+00 9.984477758407592773e-01 9.134609699249267578e-01 0.000000000000000000e+00 0.000000000000000000e+00 0.000000000000000000e+00 0.000000000000000000e+00 0.000000000000000000e+00 0.000000000000000000e+00
8.894790410995483398e-01 1.013130426406860352e+00 1.140638589859008789e+00 1.250750780105590820e+00 1.381683349609375000e+00 1.548059701919555664e+00 1.813065290451049805e+00 nan 1.893987178802490234e+00 1.715777397155761719e+00 1.504674196243286133e+00 1.350605726242065430e+00 1.235980510711669922e+00 1.126279115676879883e+00 1.015293121337890625e+00 9.243937730789184570e-01 0.000000000000000000e+00 0.000000000000000000e+00 0.000000000000000000e+00 0.000000000000000000e+00 0.000000000000000000e+00 0.000000000000000000e+00
8.713214397430419922e-01 9.682205915451049805e-01 1.080096006393432617e+00 1.182232379913330078e+00 1.292766332626342773e+00 1.450252056121826172e+00 1.630190610885620117e+00 1.909065723419189453e+00 nan 1.853606462478637695e+00 1.623411893844604492e+00 1.419975996017456055e+00 1.294020891189575195e+00 1.181300640106201172e+00 1.057423830032348633e+00 9.406150579452514648e-01 0.000000000000000000e+00 0.000000000000000000e+00 0.000000000000000000e+00 0.000000000000000000e+00 0.000000000000000000e+00 0.000000000000000000e+00
8.535335063934326172e-01 9.493067264556884766e-01 1.031271934509277344e+00 1.115800142288208008e+00 1.210522413253784180e+00 1.342606544494628906e+00 1.503494024276733398e+00 1.696488142013549805e+00 1.899752855300903320e+00 nan 1.756554603576660156e+00 1.534189462661743164e+00 1.353568792343139648e+00 1.237746477127075195e+00 1.113538742065429688e+00 9.722937345504760742e-01 0.000000000000000000e+00 0.000000000000000000e+00 0.000000000000000000e+00 0.000000000000000000e+00 0.000000000000000000e+00 0.000000000000000000e+00
8.367512226104736328e-01 9.305745363235473633e-01 1.011420011520385742e+00 1.068216800689697266e+00 1.134833574295043945e+00 1.229290723800659180e+00 1.379026889801025391e+00 1.486659526824951172e+00 1.617516040802001953e+00 1.814827680587768555e+00 nan 1.662804126739501953e+00 1.455645561218261719e+00 1.295652866363525391e+00 1.170675992965698242e+00 1.026087284088134766e+00 0.000000000000000000e+00 0.000000000000000000e+00 0.000000000000000000e+00 0.000000000000000000e+00 0.000000000000000000e+00 0.000000000000000000e+00
8.319988250732421875e-01 9.120221138000488281e-01 9.830331802368164062e-01 1.030280351638793945e+00 1.064729928970336914e+00 1.140370368957519531e+00 1.218752861022949219e+00 1.312731742858886719e+00 1.410691738128662109e+00 1.540856838226318359e+00 1.733750820159912109e+00 nan 1.572241067886352539e+00 1.390212774276733398e+00 1.226846694946289062e+00 1.081347942352294922e+00 0.000000000000000000e+00 0.000000000000000000e+00 0.000000000000000000e+00 0.000000000000000000e+00 0.000000000000000000e+00 0.000000000000000000e+00
8.498965501785278320e-01 8.870168924331665039e-01 9.421975612640380859e-01 9.886111021041870117e-01 1.026794195175170898e+00 1.039741039276123047e+00 1.094573259353637695e+00 1.173660516738891602e+00 1.255734205245971680e+00 1.340906620025634766e+00 1.466441869735717773e+00 1.676873207092285156e+00 nan 1.502539873123168945e+00 1.306737899780273438e+00 1.138115167617797852e+00 0.000000000000000000e+00 0.000000000000000000e+00 0.000000000000000000e+00 0.000000000000000000e+00 0.000000000000000000e+00 0.000000000000000000e+00
8.672564029693603516e-01 8.852775096893310547e-01 9.022029638290405273e-01 9.439923763275146484e-01 9.666408300399780273e-01 9.716657400131225586e-01 9.847360849380493164e-01 1.054720640182495117e+00 1.132303237915039062e+00 1.212815284729003906e+00 1.296367168426513672e+00 1.415965795516967773e+00 1.633333444595336914e+00 nan 1.415142297744750977e+00 1.211397886276245117e+00 0.000000000000000000e+00 0.000000000000000000e+00 0.000000000000000000e+00 0.000000000000000000e+00 0.000000000000000000e+00 0.000000000000000000e+00
8.797903060913085938e-01 8.871873617172241211e-01 8.938490152359008789e-01 8.861294984817504883e-01 8.906245231628417969e-01 8.954552412033081055e-01 9.061957597732543945e-01 9.400172233581542969e-01 1.011531591415405273e+00 1.091495513916015625e+00 1.170712709426879883e+00 1.252675056457519531e+00 1.387072801589965820e+00 1.583969116210937500e+00 nan 1.317690610885620117e+00 0.000000000000000000e+00 0.000000000000000000e+00 0.000000000000000000e+00 0.000000000000000000e+00 0.000000000000000000e+00 0.000000000000000000e+00
8.897992372512817383e-01 8.890987634658813477e-01 8.787841796875000000e-01 8.502324819564819336e-01 8.221145868301391602e-01 8.221902847290039062e-01 8.293706178665161133e-01 8.618288040161132812e-01 8.948638439178466797e-01 9.639775753021240234e-01 1.042051315307617188e+00 1.123228549957275391e+00 1.207632541656494141e+00 1.341799736022949219e+00 1.498221158981323242e+00 nan 0.000000000000000000e+00 0.000000000000000000e+00 0.000000000000000000e+00 0.000000000000000000e+00 0.000000000000000000e+00 0.000000000000000000e+00
8.431715965270996094e-01 8.356683254241943359e-01 8.030084371566772461e-01 7.909382581710815430e-01 7.806074619293212891e-01 7.602728605270385742e-01 7.562332153320312500e-01 7.867923974990844727e-01 8.184952735900878906e-01 8.507606983184814453e-01 9.175479412078857422e-01 9.937756061553955078e-01 1.073609828948974609e+00 1.147780656814575195e+00 1.253784418106079102e+00 1.409140586853027344e+00 nan 0.000000000000000000e+00 0.000000000000000000e+00 0.000000000000000000e+00 0.000000000000000000e+00 0.000000000000000000e+00
7.047716379165649414e-01 7.620191574096679688e-01 7.237267494201660156e-01 7.007770538330078125e-01 6.887888908386230469e-01 6.768853664398193359e-01 6.650658845901489258e-01 6.963289976119995117e-01 7.391268014907836914e-01 7.830044031143188477e-01 8.190350532531738281e-01 8.859977722167968750e-01 9.630805253982543945e-01 1.033077239990234375e+00 1.091441154479980469e+00 1.184326410293579102e+00 0.000000000000000000e+00 nan 0.000000000000000000e+00 0.000000000000000000e+00 0.000000000000000000e+00 0.000000000000000000e+00
6.394332647323608398e-01 6.061434745788574219e-01 6.543380022048950195e-01 6.250109672546386719e-01 6.135568618774414062e-01 6.021836996078491211e-01 5.923694372177124023e-01 6.041588783264160156e-01 6.327633857727050781e-01 6.739573478698730469e-01 7.161908149719238281e-01 7.594897747039794922e-01 8.297052383422851562e-01 9.093563556671142578e-01 9.793196916580200195e-01 1.036908864974975586e+00 0.000000000000000000e+00 0.000000000000000000e+00 nan 0.000000000000000000e+00 0.000000000000000000e+00 0.000000000000000000e+00
6.037795543670654297e-01 5.708342790603637695e-01 5.342451333999633789e-01 5.441524982452392578e-01 5.589939355850219727e-01 5.443733930587768555e-01 5.329989194869995117e-01 5.407254695892333984e-01 5.484910011291503906e-01 5.715793371200561523e-01 6.112298965454101562e-01 6.518806219100952148e-01 6.935570240020751953e-01 7.417614459991455078e-01 8.077125549316406250e-01 8.875074386596679688e-01 0.000000000000000000e+00 0.000000000000000000e+00 0.000000000000000000e+00 nan 0.000000000000000000e+00 0.000000000000000000e+00
5.686239004135131836e-01 5.363016128540039062e-01 5.019116401672363281e-01 4.903665781021118164e-01 4.890781641006469727e-01 5.097230672836303711e-01 5.002546310424804688e-01 5.078160762786865234e-01 5.154156684875488281e-01 5.230536460876464844e-01 5.431783199310302734e-01 5.784003734588623047e-01 6.144262552261352539e-01 6.525255441665649414e-01 6.930598020553588867e-01 7.614407539367675781e-01 0.000000000000000000e+00 0.000000000000000000e+00 0.000000000000000000e+00 0.000000000000000000e+00 nan 0.000000000000000000e+00
5.385749340057373047e-01 5.066863298416137695e-01 4.739969968795776367e-01 4.679774045944213867e-01 4.657480716705322266e-01 4.658224582672119141e-01 4.677001237869262695e-01 4.752758741378784180e-01 4.828907251358032227e-01 4.905217885971069336e-01 4.980342388153076172e-01 5.161607265472412109e-01 5.507661104202270508e-01 5.873873233795166016e-01 6.263238191604614258e-01 6.662154197692871094e-01 0.000000000000000000e+00 0.000000000000000000e+00 0.000000000000000000e+00 0.000000000000000000e+00 0.000000000000000000e+00 nan
