nan 1.138009786605834961e+00 1.085118532180786133e+00 1.055496692657470703e+00 1.023120403289794922e+00 9.737281799316406250e-01 9.517917633056640625e-01 9.289779663085937500e-01 9.064306020736694336e-01 8.841469287872314453e-01 8.621237277984619141e-01 8.474787473678588867e-01 8.388766050338745117e-01 8.543384075164794922e-01 8.379912376403808594e-01 8.215276002883911133e-01 0.000000000000000000e+00 0.000000000000000000e+00 0.000000000000000000e+00 0.000000000000000000e+00 0.000000000000000000e+00 0.000000000000000000e+00
1.127350807189941406e+00 nan 1.164985418319702148e+00 1.128658056259155273e+00 1.089179277420043945e+00 1.038174629211425781e+00 9.797312021255493164e-01 9.429581165313720703e-01 9.202473163604736328e-01 8.978022336959838867e-01 8.825908899307250977e-01 8.750007152557373047e-01 8.575803041458129883e-01 8.465567827224731445e-01 8.335028886795043945e-01 8.170795440673828125e-01 0.000000000000000000e+00 0.000000000000000000e+00 0.000000000000000000e+00 0.000000000000000000e+00 0.000000000000000000e+00 0.000000000000000000e+00
1.038305521011352539e+00 1.162427902221679688e+00 nan 1.204423189163208008e+00 1.157395124435424805e+00 1.103374958038330078e+00 1.041692018508911133e+00 9.818179607391357422e-01 9.341642856597900391e-01 9.183703660964965820e-01 9.106359481811523438e-01 8.992563486099243164e-01 8.802967071533203125e-01 8.623495101928710938e-01 8.290256261825561523e-01 8.135974407196044922e-01 0.000000000000000000e+00 0.000000000000000000e+00 0.000000000000000000e+00 0.000000000000000000e+00 0.000000000000000000e+00 0.000000000000000000e+00
9.808863401412963867e-01 1.084994554519653320e+00 1.201806545257568359e+00 nan 1.229709386825561523e+00 1.169205904006958008e+00 1.105592489242553711e+00 1.043844223022460938e+00 9.906762838363647461e-01 9.472684860229492188e-01 9.390983581542968750e-01 9.224822521209716797e-01 9.032907485961914062e-01 8.851553201675415039e-01 8.456012010574340820e-01 8.037198781967163086e-01 0.000000000000000000e+00 0.000000000000000000e+00 0.000000000000000000e+00 0.000000000000000000e+00 0.000000000000000000e+00 0.000000000000000000e+00
9.250848293304443359e-01 1.026260375976562500e+00 1.132752895355224609e+00 1.244478225708007812e+00 nan 1.247870683670043945e+00 1.171904802322387695e+00 1.114682912826538086e+00 1.068571090698242188e+00 1.023464679718017578e+00 9.769576787948608398e-01 9.459924697875976562e-01 9.265663623809814453e-01 9.082406759262084961e-01 8.642629384994506836e-01 7.996784448623657227e-01 0.000000000000000000e+00 0.000000000000000000e+00 0.000000000000000000e+00 0.000000000000000000e+00 0.000000000000000000e+00 0.000000000000000000e+00
8.693493604660034180e-01 9.676529169082641602e-01 1.071125984191894531e+00 1.168345212936401367e+00 1.266040563583374023e+00 nan 1.260871171951293945e+00 1.199494123458862305e+00 1.142015218734741211e+00 1.094012737274169922e+00 1.040778398513793945e+00 9.847990274429321289e-01 9.457799196243286133e-01 9.234933853149414062e-01 8.604435920715332031e-01 8.020447492599487305e-01 0.000000000000000000e+00 0.000000000000000000e+00 0.000000000000000000e+00 0.000000000000000000e+00 0.000000000000000000e+00 0.000000000000000000e+00
8.149683475494384766e-01 9.104121923446655273e-01 1.010874986648559570e+00 1.099287509918212891e+00 1.189981698989868164e+00 1.295268297195434570e+00 nan 1.292907714843750000e+00 1.232987642288208008e+00 1.173045873641967773e+00 1.103623867034912109e+00 1.041989564895629883e+00 9.855899810791015625e-01 9.106198549270629883e-01 8.516255617141723633e-01 7.950599193572998047e-01 0.000000000000000000e+00 0.000000000000000000e+00 0.000000000000000000e+00 0.000000000000000000e+00 0.000000000000000000e+00 0.000000000000000000e+00
7.829221487045288086e-01 8.548367023468017578e-01 9.510923624038696289e-01 1.032429218292236328e+00 1.112596035003662109e+00 1.208607912063598633e+00 1.328442573547363281e+00 nan 1.334827661514282227e+00 1.259016752243041992e+00 1.186848402023315430e+00 1.116985559463500977e+00 1.022218942642211914e+00 9.237223863601684570e-01 8.428487777709960938e-01 7.881019115447998047e-01 0.000000000000000000e+00 0.000000000000000000e+00 0.000000000000000000e+00 0.000000000000000000e+00 0.000000000000000000e+00 0.000000000000000000e+00
7.617501020431518555e-01 8.262002468109130859e-01 8.889538049697875977e-01 9.677003622055053711e-01 1.042631387710571289e+00 1.124862670898437500e+00 1.235314607620239258e+00 1.382587194442749023e+00 nan 1.364116430282592773e+00 1.273365736007690430e+00 1.175525426864624023e+00 1.074711084365844727e+00 9.735027551651000977e-01 8.619879484176635742e-01 7.951321601867675781e-01 0.000000000000000000e+00 0.000000000000000000e+00 0.000000000000000000e+00 0.000000000000000000e+00 0.000000000000000000e+00 0.000000000000000000e+00
7.417733669281005859e-01 8.103659152984619141e-01 8.588794469833374023e-01 9.050329923629760742e-01 9.749834537506103516e-01 1.046957969665527344e+00 1.153558015823364258e+00 1.268603086471557617e+00 1.423793792724609375e+00 nan 1.361634969711303711e+00 1.231997251510620117e+00 1.128566026687622070e+00 1.024571180343627930e+00 9.137550592422485352e-01 8.118348121643066406e-01 0.000000000000000000e+00 0.000000000000000000e+00 0.000000000000000000e+00 0.000000000000000000e+00 0.000000000000000000e+00 0.000000000000000000e+00
7.234380245208740234e-01 7.909358739852905273e-01 8.380430936813354492e-01 8.761631250381469727e-01 9.083091020584106445e-01 9.723054170608520508e-01 1.062712192535400391e+00 1.172904253005981445e+00 1.288982868194580078e+00 1.454615354537963867e+00 nan 1.310193061828613281e+00 1.183818578720092773e+00 1.076961278915405273e+00 9.673701524734497070e-01 8.732396364212036133e-01 0.000000000000000000e+00 0.000000000000000000e+00 0.000000000000000000e+00 0.000000000000000000e+00 0.000000000000000000e+00 0.000000000000000000e+00
7.130488157272338867e-01 7.666330337524414062e-01 8.174403905868530273e-01 8.426668643951416016e-01 8.595077991485595703e-01 8.967378139495849609e-01 9.756993055343627930e-01 1.081243038177490234e+00 1.179085254669189453e+00 1.261363506317138672e+00 1.432117462158203125e+00 nan 1.268403053283691406e+00 1.130706548690795898e+00 1.022031068801879883e+00 9.380133152008056641e-01 0.000000000000000000e+00 0.000000000000000000e+00 0.000000000000000000e+00 0.000000000000000000e+00 0.000000000000000000e+00 0.000000000000000000e+00
7.274432182312011719e-01 7.475500106811523438e-01 7.810348272323608398e-01 8.058897256851196289e-01 8.223946094512939453e-01 8.432625532150268555e-01 9.016572237014770508e-01 9.849017858505249023e-01 1.059848070144653320e+00 1.137624263763427734e+00 1.227662801742553711e+00 1.409825086593627930e+00 nan 1.218496084213256836e+00 1.089534044265747070e+00 1.005026817321777344e+00 0.000000000000000000e+00 0.000000000000000000e+00 0.000000000000000000e+00 0.000000000000000000e+00 0.000000000000000000e+00 0.000000000000000000e+00
7.412991523742675781e-01 7.478629350662231445e-01 7.460134029388427734e-01 7.662885189056396484e-01 7.860219478607177734e-01 8.093956708908081055e-01 8.351511955261230469e-01 8.762903213500976562e-01 9.471356868743896484e-01 1.020656108856201172e+00 1.096952676773071289e+00 1.204372167587280273e+00 1.387737512588500977e+00 nan 1.173114061355590820e+00 1.074357748031616211e+00 0.000000000000000000e+00 0.000000000000000000e+00 0.000000000000000000e+00 0.000000000000000000e+00 0.000000000000000000e+00 0.000000000000000000e+00
7.539216279983520508e-01 7.497169971466064453e-01 7.427115440368652344e-01 7.325592041015625000e-01 7.525007724761962891e-01 7.755225896835327148e-01 7.785552740097045898e-01 7.888315916061401367e-01 8.472464084625244141e-01 9.190567731857299805e-01 9.946542978286743164e-01 1.076337337493896484e+00 1.204690694808959961e+00 1.381447315216064453e+00 nan 1.152435302734375000e+00 0.000000000000000000e+00 0.000000000000000000e+00 0.000000000000000000e+00 0.000000000000000000e+00 0.000000000000000000e+00 0.000000000000000000e+00
7.555522918701171875e-01 7.515730857849121094e-01 7.441550493240356445e-01 7.327117919921875000e-01 7.213435173034667969e-01 7.281671762466430664e-01 7.363952398300170898e-01 7.480274438858032227e-01 7.795373201370239258e-01 8.390247821807861328e-01 9.126627445220947266e-01 9.892491102218627930e-01 1.088804006576538086e+00 1.207601308822631836e+00 1.356505155563354492e+00 nan 0.000000000000000000e+00 0.000000000000000000e+00 0.000000000000000000e+00 0.000000000000000000e+00 0.000000000000000000e+00 0.000000000000000000e+00
7.449415922164916992e-01 7.477936744689941406e-01 7.452251911163330078e-01 7.341470718383789062e-01 7.137398719787597656e-01 6.914101839065551758e-01 6.933182477951049805e-01 7.024344205856323242e-01 7.364531755447387695e-01 7.711519002914428711e-01 8.331903219223022461e-01 9.074796438217163086e-01 9.838585853576660156e-01 1.091315269470214844e+00 1.192388057708740234e+00 1.338483810424804688e+00 nan 0.000000000000000000e+00 0.000000000000000000e+00 0.000000000000000000e+00 0.000000000000000000e+00 0.000000000000000000e+00
5.929217338562011719e-01 7.187086343765258789e-01 7.160342931747436523e-01 7.044922113418579102e-01 6.885070800781250000e-01 6.726720333099365234e-01 6.569852828979492188e-01 6.591720581054687500e-01 6.904685497283935547e-01 7.242484092712402344e-01 7.587029933929443359e-01 8.196237087249755859e-01 8.961219787597656250e-01 9.780876636505126953e-01 1.076533079147338867e+00 1.179913282394409180e+00 0.000000000000000000e+00 nan 0.000000000000000000e+00 0.000000000000000000e+00 0.000000000000000000e+00 0.000000000000000000e+00
5.670914649963378906e-01 5.714092254638671875e-01 6.502470970153808594e-01 6.662493944168090820e-01 6.506230831146240234e-01 6.351431608200073242e-01 6.198084354400634766e-01 6.046175956726074219e-01 6.297610998153686523e-01 6.669592857360839844e-01 7.050063610076904297e-01 7.439219951629638672e-01 8.061575889587402344e-01 8.803026676177978516e-01 9.546186923980712891e-01 1.054055690765380859e+00 0.000000000000000000e+00 0.000000000000000000e+00 nan 0.000000000000000000e+00 0.000000000000000000e+00 0.000000000000000000e+00
5.486452579498291016e-01 5.503394603729248047e-01 5.470341444015502930e-01 5.694223642349243164e-01 6.135889291763305664e-01 5.984563827514648438e-01 5.834656953811645508e-01 5.700581073760986328e-01 5.779713392257690430e-01 6.012275218963623047e-01 6.377744674682617188e-01 6.751556396484375000e-01 7.133898735046386719e-01 7.662404775619506836e-01 8.437979221343994141e-01 9.250029325485229492e-01 0.000000000000000000e+00 0.000000000000000000e+00 0.000000000000000000e+00 nan 0.000000000000000000e+00 0.000000000000000000e+00
5.258923768997192383e-01 5.276645421981811523e-01 5.248757600784301758e-01 5.207667350769042969e-01 5.192941427230834961e-01 5.625926256179809570e-01 5.479383468627929688e-01 5.365221500396728516e-01 5.442664623260498047e-01 5.520497560501098633e-01 5.731936693191528320e-01 6.091006994247436523e-01 6.458274126052856445e-01 6.845450401306152344e-01 7.258647680282592773e-01 7.966023683547973633e-01 0.000000000000000000e+00 0.000000000000000000e+00 0.000000000000000000e+00 0.000000000000000000e+00 nan 0.000000000000000000e+00
4.956806898117065430e-01 5.022995471954345703e-01 5.028401613235473633e-01 4.989717006683349609e-01 4.963716268539428711e-01 4.962667226791381836e-01 5.132081508636474609e-01 5.037026405334472656e-01 5.112814903259277344e-01 5.188986063003540039e-01 5.265541076660156250e-01 5.456506013870239258e-01 5.809290409088134766e-01 6.181448698043823242e-01 6.578358411788940430e-01 6.985002756118774414e-01 0.000000000000000000e+00 0.000000000000000000e+00 0.000000000000000000e+00 0.000000000000000000e+00 0.000000000000000000e+00 nan
