nan 2.186681509017944336e+00 2.114923954010009766e+00 2.061792850494384766e+00 1.941837072372436523e+00 1.805619955062866211e+00 1.707389354705810547e+00 1.604306459426879883e+00 1.524461030960083008e+00 1.472808599472045898e+00 1.422212839126586914e+00 1.358546972274780273e+00 1.295361995697021484e+00 1.235992193222045898e+00 1.227825164794921875e+00 1.219687461853027344e+00 0.000000000000000000e+00 0.000000000000000000e+00 0.000000000000000000e+00 0.000000000000000000e+00 0.000000000000000000e+00 0.000000000000000000e+00
1.994818210601806641e+00 nan 2.359422683715820312e+00 2.302121162414550781e+00 2.213854312896728516e+00 2.028858661651611328e+00 1.859492540359497070e+00 1.750618219375610352e+00 1.645889520645141602e+00 1.550388813018798828e+00 1.491617918014526367e+00 1.426083326339721680e+00 1.362272262573242188e+00 1.282779932022094727e+00 1.253606557846069336e+00 1.245432138442993164e+00 0.000000000000000000e+00 0.000000000000000000e+00 0.000000000000000000e+00 0.000000000000000000e+00 0.000000000000000000e+00 0.000000000000000000e+00
1.822036027908325195e+00 2.180686950683593750e+00 nan 2.561312675476074219e+00 2.465548038482666016e+00 2.306027650833129883e+00 2.105288743972778320e+00 1.916738748550415039e+00 1.794537305831909180e+00 1.688136577606201172e+00 1.572120428085327148e+00 1.495553731918334961e+00 1.429915428161621094e+00 1.348313808441162109e+00 1.297463893890380859e+00 1.263050794601440430e+00 0.000000000000000000e+00 0.000000000000000000e+00 0.000000000000000000e+00 0.000000000000000000e+00 0.000000000000000000e+00 0.000000000000000000e+00
1.679882764816284180e+00 2.013309001922607422e+00 2.385226011276245117e+00 nan 2.722091913223266602e+00 2.573523044586181641e+00 2.389452934265136719e+00 2.183649063110351562e+00 1.990341186523437500e+00 1.841379165649414062e+00 1.709411382675170898e+00 1.590710163116455078e+00 1.499495983123779297e+00 1.415729045867919922e+00 1.361402034759521484e+00 1.250997304916381836e+00 0.000000000000000000e+00 0.000000000000000000e+00 0.000000000000000000e+00 0.000000000000000000e+00 0.000000000000000000e+00 0.000000000000000000e+00
1.552971839904785156e+00 1.847529649734497070e+00 2.195900917053222656e+00 2.559138774871826172e+00 nan 2.797911882400512695e+00 2.637975931167602539e+00 2.467317581176757812e+00 2.262610912322998047e+00 2.051156282424926758e+00 1.874520540237426758e+00 1.735687255859375000e+00 1.609433174133300781e+00 1.487487316131591797e+00 1.374212026596069336e+00 1.263912200927734375e+00 0.000000000000000000e+00 0.000000000000000000e+00 0.000000000000000000e+00 0.000000000000000000e+00 0.000000000000000000e+00 0.000000000000000000e+00
1.458113431930541992e+00 1.682725429534912109e+00 2.002537488937377930e+00 2.335867881774902344e+00 2.662075281143188477e+00 nan 2.851325035095214844e+00 2.673097848892211914e+00 2.495607852935791016e+00 2.291793584823608398e+00 2.074331283569335938e+00 1.887702703475952148e+00 1.748853683471679688e+00 1.538011312484741211e+00 1.376029253005981445e+00 1.264961004257202148e+00 0.000000000000000000e+00 0.000000000000000000e+00 0.000000000000000000e+00 0.000000000000000000e+00 0.000000000000000000e+00 0.000000000000000000e+00
1.382291316986083984e+00 1.600590705871582031e+00 1.828309059143066406e+00 2.126603126525878906e+00 2.423931360244750977e+00 2.724947452545166016e+00 nan 2.891090393066406250e+00 2.692638158798217773e+00 2.498445987701416016e+00 2.314466476440429688e+00 2.097682714462280273e+00 1.851192235946655273e+00 1.621709108352661133e+00 1.427764177322387695e+00 1.287986755371093750e+00 0.000000000000000000e+00 0.000000000000000000e+00 0.000000000000000000e+00 0.000000000000000000e+00 0.000000000000000000e+00 0.000000000000000000e+00
1.304691076278686523e+00 1.526145935058593750e+00 1.749975919723510742e+00 1.951584577560424805e+00 2.201274394989013672e+00 2.482715368270874023e+00 2.788899421691894531e+00 nan 2.900773763656616211e+00 2.695636749267578125e+00 2.501287221908569336e+00 2.273420095443725586e+00 1.991213083267211914e+00 1.708168268203735352e+00 1.504805326461791992e+00 1.327390432357788086e+00 0.000000000000000000e+00 0.000000000000000000e+00 0.000000000000000000e+00 0.000000000000000000e+00 0.000000000000000000e+00 0.000000000000000000e+00
1.233734607696533203e+00 1.449949979782104492e+00 1.658296346664428711e+00 1.845497608184814453e+00 2.009727239608764648e+00 2.251955747604370117e+00 2.542371749877929688e+00 2.848824262619018555e+00 nan 2.903942346572875977e+00 2.660263299942016602e+00 2.386969089508056641e+00 2.134079933166503906e+00 1.831552028656005859e+00 1.584290504455566406e+00 1.401246309280395508e+00 0.000000000000000000e+00 0.000000000000000000e+00 0.000000000000000000e+00 0.000000000000000000e+00 0.000000000000000000e+00 0.000000000000000000e+00
1.190468549728393555e+00 1.357629299163818359e+00 1.545998096466064453e+00 1.729110956192016602e+00 1.880687952041625977e+00 2.031329870223999023e+00 2.281194925308227539e+00 2.564237356185913086e+00 2.871695518493652344e+00 nan 2.789102792739868164e+00 2.504456520080566406e+00 2.242795228958129883e+00 1.978085756301879883e+00 1.691361904144287109e+00 1.477445840835571289e+00 0.000000000000000000e+00 0.000000000000000000e+00 0.000000000000000000e+00 0.000000000000000000e+00 0.000000000000000000e+00 0.000000000000000000e+00
1.136527299880981445e+00 1.303492784500122070e+00 1.448249101638793945e+00 1.595943450927734375e+00 1.738208770751953125e+00 1.883758068084716797e+00 2.034819602966308594e+00 2.296609401702880859e+00 2.564039230346679688e+00 2.781267642974853516e+00 nan 2.652783870697021484e+00 2.355281352996826172e+00 2.085280418395996094e+00 1.821890830993652344e+00 1.573003053665161133e+00 0.000000000000000000e+00 0.000000000000000000e+00 0.000000000000000000e+00 0.000000000000000000e+00 0.000000000000000000e+00 0.000000000000000000e+00
1.083913564682006836e+00 1.246616601943969727e+00 1.373591661453247070e+00 1.473786354064941406e+00 1.599823713302612305e+00 1.738175153732299805e+00 1.884017467498779297e+00 2.043292045593261719e+00 2.228781461715698242e+00 2.425575971603393555e+00 2.656677007675170898e+00 nan 2.521367788314819336e+00 2.192191600799560547e+00 1.919940233230590820e+00 1.692695617675781250e+00 0.000000000000000000e+00 0.000000000000000000e+00 0.000000000000000000e+00 0.000000000000000000e+00 0.000000000000000000e+00 0.000000000000000000e+00
1.077235937118530273e+00 1.178347349166870117e+00 1.293139219284057617e+00 1.382501125335693359e+00 1.466767787933349609e+00 1.598869085311889648e+00 1.738142013549804688e+00 1.825312376022338867e+00 1.925060033798217773e+00 2.103343009948730469e+00 2.292492628097534180e+00 2.543832302093505859e+00 nan 2.340730667114257812e+00 2.021397113800048828e+00 1.786256551742553711e+00 0.000000000000000000e+00 0.000000000000000000e+00 0.000000000000000000e+00 0.000000000000000000e+00 0.000000000000000000e+00 0.000000000000000000e+00
1.094798564910888672e+00 1.124662160873413086e+00 1.211264133453369141e+00 1.292664289474487305e+00 1.377061128616333008e+00 1.467309713363647461e+00 1.552323579788208008e+00 1.631857633590698242e+00 1.713581323623657227e+00 1.811421394348144531e+00 1.982778310775756836e+00 2.170523881912231445e+00 2.434471607208251953e+00 nan 2.161492586135864258e+00 1.883068561553955078e+00 0.000000000000000000e+00 0.000000000000000000e+00 0.000000000000000000e+00 0.000000000000000000e+00 0.000000000000000000e+00 0.000000000000000000e+00
1.102786302566528320e+00 1.107514858245849609e+00 1.148464202880859375e+00 1.206214904785156250e+00 1.287429571151733398e+00 1.322379112243652344e+00 1.366940736770629883e+00 1.450050830841064453e+00 1.527519702911376953e+00 1.606269121170043945e+00 1.702198028564453125e+00 1.866897821426391602e+00 2.075928926467895508e+00 2.274490356445312500e+00 nan 2.019347906112670898e+00 0.000000000000000000e+00 0.000000000000000000e+00 0.000000000000000000e+00 0.000000000000000000e+00 0.000000000000000000e+00 0.000000000000000000e+00
1.101859807968139648e+00 1.110150098800659180e+00 1.123420715332031250e+00 1.160821914672851562e+00 1.176138162612915039e+00 1.191479206085205078e+00 1.222769737243652344e+00 1.278605937957763672e+00 1.356604814529418945e+00 1.434872388839721680e+00 1.515739679336547852e+00 1.616875886917114258e+00 1.779471874237060547e+00 1.938216924667358398e+00 2.118968725204467773e+00 nan 0.000000000000000000e+00 0.000000000000000000e+00 0.000000000000000000e+00 0.000000000000000000e+00 0.000000000000000000e+00 0.000000000000000000e+00
1.009713888168334961e+00 1.038890123367309570e+00 1.072731018066406250e+00 1.089383363723754883e+00 1.076585769653320312e+00 1.073109626770019531e+00 1.099161386489868164e+00 1.145949602127075195e+00 1.199090003967285156e+00 1.272259950637817383e+00 1.347726583480834961e+00 1.425698757171630859e+00 1.526650190353393555e+00 1.651838064193725586e+00 1.808598995208740234e+00 1.994298696517944336e+00 nan 0.000000000000000000e+00 0.000000000000000000e+00 0.000000000000000000e+00 0.000000000000000000e+00 0.000000000000000000e+00
8.367822170257568359e-01 9.783766269683837891e-01 9.885367155075073242e-01 9.711735248565673828e-01 9.591001272201538086e-01 9.471011161804199219e-01 9.535111188888549805e-01 1.004717111587524414e+00 1.057265758514404297e+00 1.109385728836059570e+00 1.190933465957641602e+00 1.263699054718017578e+00 1.338881254196166992e+00 1.404158115386962891e+00 1.525449752807617188e+00 1.694478750228881836e+00 0.000000000000000000e+00 nan 0.000000000000000000e+00 0.000000000000000000e+00 0.000000000000000000e+00 0.000000000000000000e+00
8.005456924438476562e-01 8.094915151596069336e-01 8.799623250961303711e-01 8.596510887145996094e-01 8.482607603073120117e-01 8.369404077529907227e-01 8.382338285446166992e-01 8.586506843566894531e-01 9.073704481124877930e-01 9.573670625686645508e-01 9.954907894134521484e-01 1.064579248428344727e+00 1.146608591079711914e+00 1.210578203201293945e+00 1.274598360061645508e+00 1.416178226470947266e+00 0.000000000000000000e+00 0.000000000000000000e+00 nan 0.000000000000000000e+00 0.000000000000000000e+00 0.000000000000000000e+00
7.775427103042602539e-01 7.486852407455444336e-01 7.304872274398803711e-01 7.459511756896972656e-01 7.646262645721435547e-01 7.515783309936523438e-01 7.523741722106933594e-01 7.647053003311157227e-01 7.805011272430419922e-01 8.248391151428222656e-01 8.671076297760009766e-01 8.950498104095458984e-01 9.468327760696411133e-01 1.001233816146850586e+00 1.060178518295288086e+00 1.128563642501831055e+00 0.000000000000000000e+00 0.000000000000000000e+00 0.000000000000000000e+00 nan 0.000000000000000000e+00 0.000000000000000000e+00
7.389690876007080078e-01 7.029652595520019531e-01 6.713676452636718750e-01 6.561244726181030273e-01 6.625674962997436523e-01 6.851097345352172852e-01 6.876107454299926758e-01 6.994858980178833008e-01 7.114446163177490234e-01 7.252858877182006836e-01 7.682485580444335938e-01 8.004428148269653320e-01 8.273876905441284180e-01 8.435678482055664062e-01 8.898013830184936523e-01 9.632370471954345703e-01 0.000000000000000000e+00 0.000000000000000000e+00 0.000000000000000000e+00 0.000000000000000000e+00 nan 0.000000000000000000e+00
7.076221704483032227e-01 6.723093986511230469e-01 6.359257698059082031e-01 5.938271284103393555e-01 5.823203325271606445e-01 5.985014438629150391e-01 6.139812469482421875e-01 6.272939443588256836e-01 6.407166719436645508e-01 6.542499065399169922e-01 6.678949594497680664e-01 7.104575634002685547e-01 7.361587285995483398e-01 7.471877336502075195e-01 7.577418088912963867e-01 8.097926378250122070e-01 0.000000000000000000e+00 0.000000000000000000e+00 0.000000000000000000e+00 0.000000000000000000e+00 0.000000000000000000e+00 nan
