nan 1.414295911788940430e+00 1.292499065399169922e+00 1.246040105819702148e+00 1.181878805160522461e+00 1.148433685302734375e+00 1.135932922363281250e+00 1.121908426284790039e+00 1.091380119323730469e+00 1.078059673309326172e+00 1.051225900650024414e+00 1.024739265441894531e+00 9.430470466613769531e-01 8.360333442687988281e-01 7.423335313796997070e-01 6.534148454666137695e-01
1.326449871063232422e+00 nan 1.563440322875976562e+00 1.400513648986816406e+00 1.310107946395874023e+00 1.233978033065795898e+00 1.182045221328735352e+00 1.159492015838623047e+00 1.128422737121582031e+00 1.089849948883056641e+00 1.043994665145874023e+00 9.876666069030761719e-01 9.088622331619262695e-01 8.114454746246337891e-01 7.190004587173461914e-01 6.312731504440307617e-01
1.199099302291870117e+00 1.541883468627929688e+00 nan 1.682536363601684570e+00 1.502359867095947266e+00 1.388849735260009766e+00 1.292007684707641602e+00 1.197741031646728516e+00 1.166121244430541992e+00 1.132959127426147461e+00 1.025591850280761719e+00 9.407306909561157227e-01 8.832989931106567383e-01 7.871869802474975586e-01 6.959798336029052734e-01 6.094275712966918945e-01
1.127371788024902344e+00 1.324813127517700195e+00 1.677058935165405273e+00 nan 1.805111646652221680e+00 1.603661060333251953e+00 1.469258308410644531e+00 1.337629795074462891e+00 1.224424600601196289e+00 1.155525922775268555e+00 1.024816036224365234e+00 9.020326137542724609e-01 8.573948144912719727e-01 7.632534503936767578e-01 6.732676029205322266e-01 5.878742933273315430e-01
1.045314311981201172e+00 1.235040903091430664e+00 1.452883243560791016e+00 1.789476871490478516e+00 nan 1.904195070266723633e+00 1.675289630889892578e+00 1.510907411575317383e+00 1.349628210067749023e+00 1.140289783477783203e+00 1.010967731475830078e+00 8.890239000320434570e-01 8.067001104354858398e-01 7.279263734817504883e-01 6.401052474975585938e-01 5.567476749420166016e-01
9.618867635726928711e-01 1.148830413818359375e+00 1.325745582580566406e+00 1.557502508163452148e+00 1.928020238876342773e+00 nan 1.972073554992675781e+00 1.717841386795043945e+00 1.450442552566528320e+00 1.220333099365234375e+00 1.025493860244750977e+00 8.948644399642944336e-01 8.063346147537231445e-01 6.955342292785644531e-01 6.065787076950073242e-01 5.249248743057250977e-01
9.264160394668579102e-01 1.057511806488037109e+00 1.204232931137084961e+00 1.405919790267944336e+00 1.646520137786865234e+00 2.045727252960205078e+00 nan 1.919306993484497070e+00 1.585340499877929688e+00 1.303799867630004883e+00 1.096973180770874023e+00 9.179784059524536133e-01 8.306609392166137695e-01 7.229719161987304688e-01 6.000894308090209961e-01 5.183085203170776367e-01
9.004535675048828125e-01 1.023145914077758789e+00 1.095216989517211914e+00 1.237739562988281250e+00 1.458581924438476562e+00 1.716985702514648438e+00 2.026759147644042969e+00 nan 1.776983976364135742e+00 1.404450416564941406e+00 1.180084943771362305e+00 9.739218950271606445e-01 8.553149700164794922e-01 7.589944601058959961e-01 6.191568374633789062e-01 5.294545888900756836e-01
8.847038745880126953e-01 9.709429740905761719e-01 1.039839267730712891e+00 1.102579355239868164e+00 1.283989906311035156e+00 1.442126274108886719e+00 1.610604047775268555e+00 1.931326150894165039e+00 nan 1.582019805908203125e+00 1.267671823501586914e+00 1.054729461669921875e+00 8.983711004257202148e-01 7.957701683044433594e-01 6.570280790328979492e-01 5.550864934921264648e-01
9.046037197113037109e-01 9.136422872543334961e-01 9.765150547027587891e-01 1.034781694412231445e+00 1.081366539001464844e+00 1.199282169342041016e+00 1.335095405578613281e+00 1.500888586044311523e+00 1.843642711639404297e+00 nan 1.426779508590698242e+00 1.138845443725585938e+00 9.760859012603759766e-01 8.257120847702026367e-01 7.069329023361206055e-01 6.019210815429687500e-01
9.068069458007812500e-01 9.092879295349121094e-01 9.185885190963745117e-01 9.431886672973632812e-01 9.542858600616455078e-01 1.023142576217651367e+00 1.135737657546997070e+00 1.253190755844116211e+00 1.417021751403808594e+00 1.669033050537109375e+00 nan 1.285791635513305664e+00 1.056982278823852539e+00 9.024443626403808594e-01 7.583407163619995117e-01 6.501662731170654297e-01
8.639602661132812500e-01 8.677366971969604492e-01 8.740695714950561523e-01 8.472528457641601562e-01 8.424140214920043945e-01 8.889254331588745117e-01 9.544216394424438477e-01 1.067630290985107422e+00 1.187395811080932617e+00 1.315377712249755859e+00 1.539243221282958984e+00 nan 1.191413879394531250e+00 9.981907606124877930e-01 8.510466814041137695e-01 6.921305656433105469e-01
6.977176666259765625e-01 7.680789232254028320e-01 7.266881465911865234e-01 7.091358900070190430e-01 6.917619705200195312e-01 7.394303083419799805e-01 8.031738996505737305e-01 8.830819129943847656e-01 1.003533840179443359e+00 1.092328071594238281e+00 1.189118146896362305e+00 1.432947635650634766e+00 nan 1.129137754440307617e+00 9.447820186614990234e-01 7.602610588073730469e-01
6.636515855789184570e-01 6.117503643035888672e-01 5.975519418716430664e-01 6.002557277679443359e-01 5.863503217697143555e-01 6.033427715301513672e-01 6.460697650909423828e-01 7.063921689987182617e-01 7.689249515533447266e-01 8.656960725784301758e-01 9.652420282363891602e-01 1.073097944259643555e+00 1.352905988693237305e+00 nan 1.078102588653564453e+00 8.493990898132324219e-01
6.107970476150512695e-01 5.627890825271606445e-01 5.058562755584716797e-01 4.942348003387451172e-01 5.009469985961914062e-01 5.118864774703979492e-01 5.229055881500244141e-01 5.577201843261718750e-01 6.148049831390380859e-01 6.640135049819946289e-01 7.449055910110473633e-01 8.663208484649658203e-01 9.958552122116088867e-01 1.171662807464599609e+00 nan 9.535343647003173828e-01
5.738605260848999023e-01 5.269424915313720703e-01 4.729428291320800781e-01 4.578951597213745117e-01 4.580020904541015625e-01 4.620785713195800781e-01 4.729919433593750000e-01 4.839867353439331055e-01 4.950636625289916992e-01 5.466289520263671875e-01 6.043375730514526367e-01 6.690914630889892578e-01 7.669088840484619141e-01 8.875439167022705078e-01 1.057320833206176758e+00 nan
