nan 1.075847864151000977e+00 1.030809640884399414e+00 9.756983518600463867e-01 9.431167840957641602e-01 9.103952646255493164e-01 8.782247304916381836e-01 8.465960025787353516e-01 8.154996633529663086e-01 8.359786272048950195e-01 8.155356645584106445e-01 8.144214153289794922e-01 8.058396577835083008e-01 7.476338148117065430e-01 6.913040876388549805e-01 6.367899179458618164e-01
1.035944938659667969e+00 nan 1.135213613510131836e+00 1.070168972015380859e+00 9.932332038879394531e-01 9.304264783859252930e-01 8.979187011718750000e-01 8.659582138061523438e-01 8.502980470657348633e-01 8.248600959777832031e-01 7.874312400817871094e-01 7.836365699768066406e-01 7.816109657287597656e-01 7.241859436035156250e-01 6.686120033264160156e-01 6.148293018341064453e-01
9.536235332489013672e-01 1.103647947311401367e+00 nan 1.169090509414672852e+00 1.083965778350830078e+00 9.962685108184814453e-01 9.178190231323242188e-01 9.043167829513549805e-01 8.830709457397460938e-01 8.342585563659667969e-01 7.571489810943603516e-01 7.533738613128662109e-01 7.577071189880371094e-01 7.010527849197387695e-01 6.462243795394897461e-01 5.931633710861206055e-01
8.732906579971313477e-01 1.017230987548828125e+00 1.163601160049438477e+00 nan 1.177637815475463867e+00 1.086086273193359375e+00 1.011731147766113281e+00 9.481267929077148438e-01 8.954281806945800781e-01 8.257744312286376953e-01 7.594153881072998047e-01 7.230304479598999023e-01 7.301272153854370117e-01 6.786069869995117188e-01 6.244102716445922852e-01 5.719635486602783203e-01
7.950863838195800781e-01 9.330176115036010742e-01 1.064778089523315430e+00 1.188945770263671875e+00 nan 1.195535421371459961e+00 1.107138395309448242e+00 1.014927625656127930e+00 8.840377330780029297e-01 8.122017383575439453e-01 7.577897310256958008e-01 7.187591791152954102e-01 6.975867748260498047e-01 6.591266393661499023e-01 6.055589914321899414e-01 5.537208318710327148e-01
7.684586048126220703e-01 8.562940359115600586e-01 9.704689979553222656e-01 1.078138589859008789e+00 1.215888500213623047e+00 nan 1.229128837585449219e+00 1.082553863525390625e+00 9.446043968200683594e-01 8.222997188568115234e-01 7.711051702499389648e-01 7.246751785278320312e-01 6.862699985504150391e-01 6.398724317550659180e-01 5.869265794754028320e-01 5.356899499893188477e-01
7.457746267318725586e-01 8.309934139251708984e-01 8.906254768371582031e-01 9.794628620147705078e-01 1.095554351806640625e+00 1.242633581161499023e+00 nan 1.165637254714965820e+00 1.024935960769653320e+00 9.080891609191894531e-01 8.111495971679687500e-01 7.636700868606567383e-01 7.174353599548339844e-01 6.518058776855468750e-01 5.790884494781494141e-01 5.218368768692016602e-01
7.217768430709838867e-01 8.004566431045532227e-01 8.525089025497436523e-01 8.783915042877197266e-01 9.700553417205810547e-01 1.079490423202514648e+00 1.197412252426147461e+00 nan 1.120978832244873047e+00 1.003973960876464844e+00 8.886963129043579102e-01 8.035465478897094727e-01 7.562663555145263672e-01 7.015532255172729492e-01 5.968724489212036133e-01 5.330088138580322266e-01
7.339184284210205078e-01 7.667465209960937500e-01 7.998719215393066406e-01 8.236809968948364258e-01 8.394308090209960938e-01 9.343045949935913086e-01 1.043993234634399414e+00 1.168159961700439453e+00 nan 1.104677200317382812e+00 9.837508201599121094e-01 8.685890436172485352e-01 7.959754467010498047e-01 7.488937377929687500e-01 6.449655294418334961e-01 5.442627668380737305e-01
7.550029754638671875e-01 7.506743669509887695e-01 7.516447305679321289e-01 7.693482637405395508e-01 7.765953540802001953e-01 8.156428337097167969e-01 9.215840101242065430e-01 1.033706665039062500e+00 1.186988830566406250e+00 nan 1.083586215972900391e+00 9.626315832138061523e-01 8.486959934234619141e-01 7.884361743927001953e-01 6.945070028305053711e-01 5.902595520019531250e-01
7.609583139419555664e-01 7.536420822143554688e-01 7.282285690307617188e-01 7.063204050064086914e-01 7.180676460266113281e-01 7.505869865417480469e-01 8.062834739685058594e-01 9.140671491622924805e-01 1.025751113891601562e+00 1.199671030044555664e+00 nan 1.061407089233398438e+00 9.417371749877929688e-01 8.290146589279174805e-01 7.455403804779052734e-01 6.381535530090332031e-01
7.405517101287841797e-01 7.345427274703979492e-01 7.121986150741577148e-01 6.837948560714721680e-01 6.568429470062255859e-01 6.840200424194335938e-01 7.328419685363769531e-01 7.870068550109863281e-01 8.965296745300292969e-01 1.028916597366333008e+00 1.176367998123168945e+00 nan 1.039461135864257812e+00 9.210655689239501953e-01 7.981108427047729492e-01 6.874898672103881836e-01
5.652397871017456055e-01 6.776573657989501953e-01 6.569871902465820312e-01 6.345880031585693359e-01 6.124916076660156250e-01 6.055394411087036133e-01 6.587389707565307617e-01 7.137012481689453125e-01 7.679358720779418945e-01 8.751524686813354492e-01 9.935220479965209961e-01 1.159203767776489258e+00 nan 1.017748832702636719e+00 8.902987241744995117e-01 7.363990545272827148e-01
5.331808328628540039e-01 5.302997827529907227e-01 5.606409311294555664e-01 5.818791389465332031e-01 5.604953765869140625e-01 5.554988384246826172e-01 5.668358802795410156e-01 6.169549226760864258e-01 6.705327033996582031e-01 7.266445159912109375e-01 8.257884979248046875e-01 9.497379064559936523e-01 1.147360801696777344e+00 nan 9.859801530838012695e-01 8.009188175201416016e-01
4.970759153366088867e-01 4.987403154373168945e-01 4.929102659225463867e-01 4.915097951889038086e-01 5.101757049560546875e-01 5.077360868453979492e-01 5.187250375747680664e-01 5.297939777374267578e-01 5.762233734130859375e-01 6.292036771774291992e-01 6.872400045394897461e-01 7.637498378753662109e-01 8.879735469818115234e-01 1.038418531417846680e+00 nan 8.946837186813354492e-01
4.503843784332275391e-01 4.596644639968872070e-01 4.583963155746459961e-01 4.556504487991333008e-01 4.557572603225708008e-01 4.584797620773315430e-01 4.693663120269775391e-01 4.803340435028076172e-01 4.913836717605590820e-01 5.183031558990478516e-01 5.749547481536865234e-01 6.360973119735717773e-01 7.036749124526977539e-01 8.045507669448852539e-01 9.283834695816040039e-01 nan
