nan 1.172578096389770508e+00 1.109039545059204102e+00 1.050249099731445312e+00 9.906738996505737305e-01 9.790906906127929688e-01 9.675754308700561523e-01 9.561270475387573242e-01 9.410275220870971680e-01 9.428244829177856445e-01 9.177370071411132812e-01 8.658112287521362305e-01 8.143696784973144531e-01 7.288469076156616211e-01 6.731227636337280273e-01 6.191946268081665039e-01
1.095126152038574219e+00 nan 1.218759775161743164e+00 1.159714460372924805e+00 1.094821929931640625e+00 1.029162645339965820e+00 1.010053157806396484e+00 9.983574151992797852e-01 9.754071235656738281e-01 9.466422796249389648e-01 8.876404762268066406e-01 8.342010974884033203e-01 7.900722026824951172e-01 7.056511640548706055e-01 6.506745815277099609e-01 5.974700450897216797e-01
1.008277177810668945e+00 1.162498235702514648e+00 nan 1.287682294845581055e+00 1.214245080947875977e+00 1.144842624664306641e+00 1.077615499496459961e+00 1.039741992950439453e+00 1.010395526885986328e+00 9.640285968780517578e-01 8.481262922286987305e-01 8.031265735626220703e-01 7.660998106002807617e-01 6.827666759490966797e-01 6.285276412963867188e-01 5.760369300842285156e-01
9.255076646804809570e-01 1.073460340499877930e+00 1.244675159454345703e+00 nan 1.348096132278442383e+00 1.259979009628295898e+00 1.186747550964355469e+00 1.108838558197021484e+00 1.027462482452392578e+00 9.540028572082519531e-01 8.442966938018798828e-01 7.676541805267333984e-01 7.396407127380371094e-01 6.607806682586669922e-01 6.071596145629882812e-01 5.552698373794555664e-01
8.451234102249145508e-01 9.929064512252807617e-01 1.152535676956176758e+00 1.311621427536010742e+00 nan 1.412070512771606445e+00 1.309539794921875000e+00 1.195694208145141602e+00 1.050249814987182617e+00 9.351410865783691406e-01 8.319199085235595703e-01 7.569296360015869141e-01 6.929174661636352539e-01 6.415072679519653320e-01 5.885086059570312500e-01 5.372208356857299805e-01
7.989560365676879883e-01 9.160355329513549805e-01 1.058527946472167969e+00 1.197903156280517578e+00 1.379129409790039062e+00 nan 1.465167284011840820e+00 1.278493165969848633e+00 1.127564668655395508e+00 9.789435863494873047e-01 8.427803516387939453e-01 7.600959539413452148e-01 6.885178089141845703e-01 6.224575042724609375e-01 5.700738430023193359e-01 5.193814039230346680e-01
7.681807279586791992e-01 8.802820444107055664e-01 9.674944877624511719e-01 1.095153331756591797e+00 1.251445770263671875e+00 1.430126905441284180e+00 nan 1.387982130050659180e+00 1.207794427871704102e+00 1.053336381912231445e+00 8.802448511123657227e-01 7.837996482849121094e-01 7.266950607299804688e-01 6.551885604858398438e-01 5.738366842269897461e-01 5.167756080627441406e-01
7.356448173522949219e-01 8.501023054122924805e-01 9.211181402206420898e-01 9.876570701599121094e-01 1.115556240081787109e+00 1.241242170333862305e+00 1.372299671173095703e+00 nan 1.313213586807250977e+00 1.130525112152099609e+00 9.572176933288574219e-01 8.137289285659790039e-01 7.657353878021240234e-01 7.050378322601318359e-01 6.001425981521606445e-01 5.279103517532348633e-01
7.487713098526000977e-01 8.061867952346801758e-01 8.703418970108032227e-01 9.163548946380615234e-01 9.585646390914916992e-01 1.066274404525756836e+00 1.179907560348510742e+00 1.315033435821533203e+00 nan 1.225983142852783203e+00 1.037341833114624023e+00 9.050103425979614258e-01 8.056586980819702148e-01 7.563885450363159180e-01 6.483342647552490234e-01 5.469275712966918945e-01
7.863796949386596680e-01 7.786629199981689453e-01 8.106423616409301758e-01 8.391411304473876953e-01 8.428581953048706055e-01 9.049658775329589844e-01 1.009727954864501953e+00 1.120251178741455078e+00 1.284446001052856445e+00 nan 1.125301122665405273e+00 1.000885963439941406e+00 8.847296237945556641e-01 7.980786561965942383e-01 6.979773044586181641e-01 5.935162305831909180e-01
8.041746616363525391e-01 7.744441032409667969e-01 7.613028287887573242e-01 7.373467683792114258e-01 7.456603050231933594e-01 7.845498323440551758e-01 8.562155961990356445e-01 9.659925699234008789e-01 1.077333211898803711e+00 1.242534160614013672e+00 nan 1.101586818695068359e+00 9.795842170715332031e-01 8.646646738052368164e-01 7.491152286529541016e-01 6.415083408355712891e-01
7.676845788955688477e-01 7.443218231201171875e-01 7.139875888824462891e-01 6.946207284927368164e-01 6.685225963592529297e-01 7.014669179916381836e-01 7.479566335678100586e-01 8.171696662902832031e-01 9.254151582717895508e-01 1.038829565048217773e+00 1.189601421356201172e+00 nan 1.079212903976440430e+00 9.585096836090087891e-01 8.153718709945678711e-01 6.895434856414794922e-01
5.895674228668212891e-01 6.633735895156860352e-01 6.428761482238769531e-01 6.206676959991455078e-01 5.987595319747924805e-01 6.042771339416503906e-01 6.574348211288452148e-01 7.123540639877319336e-01 7.871208190917968750e-01 8.941391706466674805e-01 1.003262042999267578e+00 1.176607608795166016e+00 nan 1.053084373474121094e+00 9.113539457321166992e-01 7.300045490264892578e-01
5.398766994476318359e-01 5.250288248062133789e-01 5.519059896469116211e-01 5.684076547622680664e-01 5.472060441970825195e-01 5.504561662673950195e-01 5.638649463653564453e-01 6.156836748123168945e-01 6.692192554473876953e-01 7.282860279083251953e-01 8.389674425125122070e-01 9.660626649856567383e-01 1.150648593902587891e+00 nan 1.008143186569213867e+00 8.176105022430419922e-01
4.919320344924926758e-01 4.935781955718994141e-01 4.877682924270629883e-01 4.863781929016113281e-01 4.973148107528686523e-01 5.028481483459472656e-01 5.138014554977416992e-01 5.248346328735351562e-01 5.749841928482055664e-01 6.287283897399902344e-01 6.867476701736450195e-01 7.787058353424072266e-01 9.039829969406127930e-01 1.030464172363281250e+00 nan 9.139661788940429688e-01
4.566924571990966797e-01 4.542479515075683594e-01 4.529724121093750000e-01 4.502422809600830078e-01 4.503486156463623047e-01 4.533506631851196289e-01 4.641988277435302734e-01 4.751280546188354492e-01 4.861388206481933594e-01 5.139565467834472656e-01 5.704460144042968750e-01 6.327238082885742188e-01 7.001620531082153320e-01 8.092228174209594727e-01 9.226235151290893555e-01 nan
