nan 2.124086141586303711e+00 2.065793991088867188e+00 1.987581491470336914e+00 1.866819858551025391e+00 1.751358747482299805e+00 1.665275812149047852e+00 1.573210716247558594e+00 1.511036634445190430e+00 1.461332321166992188e+00 1.410971164703369141e+00 1.353677511215209961e+00 1.289681673049926758e+00 1.233656167984008789e+00 1.225497484207153320e+00 1.217368364334106445e+00 0.000000000000000000e+00 0.000000000000000000e+00 0.000000000000000000e+00 0.000000000000000000e+00 0.000000000000000000e+00 0.000000000000000000e+00
1.956740140914916992e+00 nan 2.297394275665283203e+00 2.249644041061401367e+00 2.111136436462402344e+00 1.944232225418090820e+00 1.804237604141235352e+00 1.707372188568115234e+00 1.613852977752685547e+00 1.536412000656127930e+00 1.486473798751831055e+00 1.421074628829956055e+00 1.357395172119140625e+00 1.275423049926757812e+00 1.251251935958862305e+00 1.243028879165649414e+00 0.000000000000000000e+00 0.000000000000000000e+00 0.000000000000000000e+00 0.000000000000000000e+00 0.000000000000000000e+00 0.000000000000000000e+00
1.781846523284912109e+00 2.134960651397705078e+00 nan 2.495133638381958008e+00 2.384135484695434570e+00 2.199914932250976562e+00 2.018073081970214844e+00 1.850691318511962891e+00 1.750134944915771484e+00 1.655138254165649414e+00 1.556485652923583984e+00 1.490401506423950195e+00 1.424898624420166016e+00 1.340745687484741211e+00 1.290059566497802734e+00 1.265533208847045898e+00 0.000000000000000000e+00 0.000000000000000000e+00 0.000000000000000000e+00 0.000000000000000000e+00 0.000000000000000000e+00 0.000000000000000000e+00
1.636343240737915039e+00 1.961908102035522461e+00 2.336200475692749023e+00 nan 2.658876895904541016e+00 2.477661371231079102e+00 2.280035734176635742e+00 2.093641042709350586e+00 1.917838573455810547e+00 1.795026063919067383e+00 1.682675600051879883e+00 1.574527740478515625e+00 1.494335412979125977e+00 1.407943964004516602e+00 1.356722354888916016e+00 1.248154878616333008e+00 0.000000000000000000e+00 0.000000000000000000e+00 0.000000000000000000e+00 0.000000000000000000e+00 0.000000000000000000e+00 0.000000000000000000e+00
1.501849889755249023e+00 1.793369531631469727e+00 2.146886825561523438e+00 2.529145240783691406e+00 nan 2.754948616027832031e+00 2.563297033309936523e+00 2.361718177795410156e+00 2.171099901199340820e+00 1.984914064407348633e+00 1.828955173492431641e+00 1.702367305755615234e+00 1.592696189880371094e+00 1.479251861572265625e+00 1.371214389801025391e+00 1.261054039001464844e+00 0.000000000000000000e+00 0.000000000000000000e+00 0.000000000000000000e+00 0.000000000000000000e+00 0.000000000000000000e+00 0.000000000000000000e+00
1.408186197280883789e+00 1.628695964813232422e+00 1.944691181182861328e+00 2.299262762069702148e+00 2.631320476531982422e+00 nan 2.790740966796875000e+00 2.621388912200927734e+00 2.416523933410644531e+00 2.207815170288085938e+00 2.008270740509033203e+00 1.842764377593994141e+00 1.716171741485595703e+00 1.526182174682617188e+00 1.372803688049316406e+00 1.263009309768676758e+00 0.000000000000000000e+00 0.000000000000000000e+00 0.000000000000000000e+00 0.000000000000000000e+00 0.000000000000000000e+00 0.000000000000000000e+00
1.319964170455932617e+00 1.528071641921997070e+00 1.750397443771362305e+00 2.047230482101440430e+00 2.374673843383789062e+00 2.693244934082031250e+00 nan 2.826874494552612305e+00 2.651015758514404297e+00 2.445919275283813477e+00 2.231564044952392578e+00 2.030543088912963867e+00 1.811745166778564453e+00 1.599343538284301758e+00 1.417358398437500000e+00 1.284499406814575195e+00 0.000000000000000000e+00 0.000000000000000000e+00 0.000000000000000000e+00 0.000000000000000000e+00 0.000000000000000000e+00 0.000000000000000000e+00
1.220048904418945312e+00 1.427124738693237305e+00 1.640573024749755859e+00 1.843484878540039062e+00 2.120054960250854492e+00 2.442289113998413086e+00 2.756225347518920898e+00 nan 2.846317529678344727e+00 2.653540611267089844e+00 2.470425605773925781e+00 2.212668418884277344e+00 1.931923151016235352e+00 1.674623727798461914e+00 1.487076997756958008e+00 1.317127943038940430e+00 0.000000000000000000e+00 0.000000000000000000e+00 0.000000000000000000e+00 0.000000000000000000e+00 0.000000000000000000e+00 0.000000000000000000e+00
1.132269144058227539e+00 1.330175638198852539e+00 1.528623104095458984e+00 1.713276147842407227e+00 1.906303882598876953e+00 2.186971187591552734e+00 2.488900184631347656e+00 2.810435533523559570e+00 nan 2.848978042602539062e+00 2.624666452407836914e+00 2.362771749496459961e+00 2.075055599212646484e+00 1.783283472061157227e+00 1.558805942535400391e+00 1.383955478668212891e+00 0.000000000000000000e+00 0.000000000000000000e+00 0.000000000000000000e+00 0.000000000000000000e+00 0.000000000000000000e+00 0.000000000000000000e+00
1.083150863647460938e+00 1.241856336593627930e+00 1.418513298034667969e+00 1.592942237854003906e+00 1.756869554519653320e+00 1.955076694488525391e+00 2.232393264770507812e+00 2.520376920700073242e+00 2.834017038345336914e+00 nan 2.740198850631713867e+00 2.469956874847412109e+00 2.219239473342895508e+00 1.920430660247802734e+00 1.655086040496826172e+00 1.452709436416625977e+00 0.000000000000000000e+00 0.000000000000000000e+00 0.000000000000000000e+00 0.000000000000000000e+00 0.000000000000000000e+00 0.000000000000000000e+00
1.041351795196533203e+00 1.190377712249755859e+00 1.331396818161010742e+00 1.472069740295410156e+00 1.614482402801513672e+00 1.789385795593261719e+00 1.981535673141479492e+00 2.247187376022338867e+00 2.526111602783203125e+00 2.750778198242187500e+00 nan 2.599744319915771484e+00 2.321850776672363281e+00 2.064338684082031250e+00 1.785591602325439453e+00 1.537961006164550781e+00 0.000000000000000000e+00 0.000000000000000000e+00 0.000000000000000000e+00 0.000000000000000000e+00 0.000000000000000000e+00 0.000000000000000000e+00
1.009220600128173828e+00 1.139896869659423828e+00 1.267778635025024414e+00 1.361671447753906250e+00 1.477516651153564453e+00 1.629945755004882812e+00 1.811112403869628906e+00 1.994913101196289062e+00 2.185734748840332031e+00 2.388714551925659180e+00 2.630273818969726562e+00 nan 2.469844818115234375e+00 2.166049718856811523e+00 1.919952630996704102e+00 1.662709712982177734e+00 0.000000000000000000e+00 0.000000000000000000e+00 0.000000000000000000e+00 0.000000000000000000e+00 0.000000000000000000e+00 0.000000000000000000e+00
1.023319244384765625e+00 1.083573102951049805e+00 1.190911293029785156e+00 1.276813507080078125e+00 1.354969501495361328e+00 1.481219530105590820e+00 1.650428771972656250e+00 1.770733833312988281e+00 1.878213882446289062e+00 2.061599493026733398e+00 2.256669998168945312e+00 2.517845869064331055e+00 nan 2.308093547821044922e+00 2.016475200653076172e+00 1.786066532135009766e+00 0.000000000000000000e+00 0.000000000000000000e+00 0.000000000000000000e+00 0.000000000000000000e+00 0.000000000000000000e+00 0.000000000000000000e+00
1.042814254760742188e+00 1.061062574386596680e+00 1.118113756179809570e+00 1.194726467132568359e+00 1.274110794067382812e+00 1.352362632751464844e+00 1.452384233474731445e+00 1.556382894515991211e+00 1.664792776107788086e+00 1.767757892608642578e+00 1.944325447082519531e+00 2.141621828079223633e+00 2.411752700805664062e+00 nan 2.154488563537597656e+00 1.878163099288940430e+00 0.000000000000000000e+00 0.000000000000000000e+00 0.000000000000000000e+00 0.000000000000000000e+00 0.000000000000000000e+00 0.000000000000000000e+00
1.056863307952880859e+00 1.063639640808105469e+00 1.072851419448852539e+00 1.129100561141967773e+00 1.206111192703247070e+00 1.244437694549560547e+00 1.278764247894287109e+00 1.378092527389526367e+00 1.478940725326538086e+00 1.584066152572631836e+00 1.683320522308349609e+00 1.854501008987426758e+00 2.071120977401733398e+00 2.281518697738647461e+00 nan 2.012463569641113281e+00 0.000000000000000000e+00 0.000000000000000000e+00 0.000000000000000000e+00 0.000000000000000000e+00 0.000000000000000000e+00 0.000000000000000000e+00
1.062170028686523438e+00 1.066219568252563477e+00 1.065325975418090820e+00 1.087341547012329102e+00 1.108556509017944336e+00 1.123421192169189453e+00 1.148822069168090820e+00 1.199243307113647461e+00 1.296894788742065430e+00 1.398882865905761719e+00 1.505398988723754883e+00 1.601458549499511719e+00 1.767416954040527344e+00 1.953195810317993164e+00 2.140033483505249023e+00 nan 0.000000000000000000e+00 0.000000000000000000e+00 0.000000000000000000e+00 0.000000000000000000e+00 0.000000000000000000e+00 0.000000000000000000e+00
9.728363752365112305e-01 9.960702657699584961e-01 1.008204221725463867e+00 1.025272846221923828e+00 1.012867927551269531e+00 1.008929491043090820e+00 1.029324769973754883e+00 1.074556589126586914e+00 1.122496843338012695e+00 1.216740369796752930e+00 1.315169095993041992e+00 1.417030572891235352e+00 1.514539480209350586e+00 1.653877258300781250e+00 1.823410749435424805e+00 2.014324188232421875e+00 nan 0.000000000000000000e+00 0.000000000000000000e+00 0.000000000000000000e+00 0.000000000000000000e+00 0.000000000000000000e+00
8.099447488784790039e-01 9.135147333145141602e-01 9.272572994232177734e-01 9.106901884078979492e-01 8.989875316619873047e-01 8.873562812805175781e-01 8.904504776000976562e-01 9.400038719177246094e-01 9.908561706542968750e-01 1.043041229248046875e+00 1.139384031295776367e+00 1.234377622604370117e+00 1.330522775650024414e+00 1.402014970779418945e+00 1.527551651000976562e+00 1.710377931594848633e+00 0.000000000000000000e+00 nan 0.000000000000000000e+00 0.000000000000000000e+00 0.000000000000000000e+00 0.000000000000000000e+00
7.702239751815795898e-01 7.558249235153198242e-01 8.286733627319335938e-01 8.025902509689331055e-01 7.915496826171875000e-01 7.805764675140380859e-01 7.774832248687744141e-01 7.986522912979125977e-01 8.457992076873779297e-01 8.941823244094848633e-01 9.438332319259643555e-01 1.028315782546997070e+00 1.129550457000732422e+00 1.212339401245117188e+00 1.278755426406860352e+00 1.421318769454956055e+00 0.000000000000000000e+00 0.000000000000000000e+00 nan 0.000000000000000000e+00 0.000000000000000000e+00 0.000000000000000000e+00
7.491701841354370117e-01 7.131127119064331055e-01 6.790616512298583984e-01 7.000267505645751953e-01 7.169835567474365234e-01 7.042881250381469727e-01 7.009030580520629883e-01 7.128719091415405273e-01 7.295767068862915039e-01 7.726463079452514648e-01 8.167885541915893555e-01 8.620300292968750000e-01 9.292541742324829102e-01 9.986698627471923828e-01 1.062065839767456055e+00 1.141840219497680664e+00 0.000000000000000000e+00 0.000000000000000000e+00 0.000000000000000000e+00 nan 0.000000000000000000e+00 0.000000000000000000e+00
7.112480401992797852e-01 6.758065223693847656e-01 6.383736133575439453e-01 6.069087982177734375e-01 6.137614250183105469e-01 6.396141052246093750e-01 6.380416154861450195e-01 6.495683193206787109e-01 6.611757278442382812e-01 6.759399175643920898e-01 7.176741361618041992e-01 7.604472637176513672e-01 8.042856454849243164e-01 8.360000848770141602e-01 8.914229869842529297e-01 9.744362831115722656e-01 0.000000000000000000e+00 0.000000000000000000e+00 0.000000000000000000e+00 0.000000000000000000e+00 nan 0.000000000000000000e+00
6.797400712966918945e-01 6.450040340423583984e-01 6.093370914459228516e-01 5.679225921630859375e-01 5.406373739242553711e-01 5.536341667175292969e-01 5.686525106430053711e-01 5.815916061401367188e-01 5.946372747421264648e-01 6.077904701232910156e-01 6.215320825576782227e-01 6.644067764282226562e-01 7.058537006378173828e-01 7.317317724227905273e-01 7.508745193481445312e-01 8.201169967651367188e-01 0.000000000000000000e+00 0.000000000000000000e+00 0.000000000000000000e+00 0.000000000000000000e+00 0.000000000000000000e+00 nan
