nan 1.296005487442016602e+00 1.172758579254150391e+00 1.142782926559448242e+00 1.081913709640502930e+00 1.054601669311523438e+00 1.042966604232788086e+00 1.031397104263305664e+00 1.014814853668212891e+00 9.813747406005859375e-01 9.559627771377563477e-01 9.308766126632690430e-01 8.727294206619262695e-01 7.721660137176513672e-01 6.762759685516357422e-01 5.870130062103271484e-01
1.265772342681884766e+00 nan 1.396240472793579102e+00 1.270348310470581055e+00 1.202203750610351562e+00 1.133526802062988281e+00 1.088526248931884766e+00 1.076698780059814453e+00 1.051896095275878906e+00 9.903242588043212891e-01 9.498341083526611328e-01 9.176498651504516602e-01 8.494296073913574219e-01 7.554253339767456055e-01 6.661993265151977539e-01 5.807565450668334961e-01
1.088235616683959961e+00 1.364590167999267578e+00 nan 1.509230613708496094e+00 1.338113784790039062e+00 1.256798982620239258e+00 1.186419486999511719e+00 1.119839668273925781e+00 1.089659929275512695e+00 1.032762050628662109e+00 9.527235031127929688e-01 8.733166456222534180e-01 8.264195919036865234e-01 7.335851192474365234e-01 6.454691886901855469e-01 5.620549917221069336e-01
1.018615007400512695e+00 1.206225633621215820e+00 1.503177165985107422e+00 nan 1.621762275695800781e+00 1.433274507522583008e+00 1.315796852111816406e+00 1.225130081176757812e+00 1.137848138809204102e+00 1.074828386306762695e+00 9.529560804367065430e-01 8.473725318908691406e-01 8.036962747573852539e-01 7.120165824890136719e-01 6.249967813491821289e-01 5.424002408981323242e-01
9.421656131744384766e-01 1.122670888900756836e+00 1.297186613082885742e+00 1.611673593521118164e+00 nan 1.713126420974731445e+00 1.516187429428100586e+00 1.363553047180175781e+00 1.236632585525512695e+00 1.079944372177124023e+00 9.409185647964477539e-01 8.384120464324951172e-01 7.649483680725097656e-01 6.790126562118530273e-01 5.940220355987548828e-01 5.247998237609863281e-01
8.687578439712524414e-01 1.042280435562133789e+00 1.198461294174194336e+00 1.381189107894897461e+00 1.722141265869140625e+00 nan 1.794229269027709961e+00 1.570999145507812500e+00 1.347339868545532227e+00 1.163693189620971680e+00 9.589754343032836914e-01 8.503025770187377930e-01 7.675358057022094727e-01 6.512899398803710938e-01 5.629413127899169922e-01 5.080180168151855469e-01
8.440635204315185547e-01 9.700598716735839844e-01 1.102495193481445312e+00 1.241316795349121094e+00 1.465548515319824219e+00 1.837016582489013672e+00 nan 1.794673681259155273e+00 1.474747657775878906e+00 1.250814914703369141e+00 1.037088632583618164e+00 8.764275312423706055e-01 7.924922704696655273e-01 6.798241138458251953e-01 5.686310529708862305e-01 5.119289159774780273e-01
8.201980590820312500e-01 9.436626434326171875e-01 1.018589735031127930e+00 1.137909650802612305e+00 1.300287485122680664e+00 1.530367612838745117e+00 1.870764255523681641e+00 nan 1.657155036926269531e+00 1.358553171157836914e+00 1.119112014770507812e+00 9.412502050399780273e-01 8.178009986877441406e-01 7.169086933135986328e-01 6.033637523651123047e-01 5.237921476364135742e-01
8.054989576339721680e-01 9.079985618591308594e-01 9.731156826019287109e-01 1.024804830551147461e+00 1.153527021408081055e+00 1.325210571289062500e+00 1.475090265274047852e+00 1.777208328247070312e+00 nan 1.523620605468750000e+00 1.212086677551269531e+00 1.022083520889282227e+00 8.684921264648437500e-01 7.610000371932983398e-01 6.529545783996582031e-01 5.515381097793579102e-01
8.319618701934814453e-01 8.546003103256225586e-01 9.157608747482299805e-01 9.698629379272460938e-01 1.023406505584716797e+00 1.127354145050048828e+00 1.244652032852172852e+00 1.376709699630737305e+00 1.691238880157470703e+00 nan 1.371152877807617188e+00 1.106282949447631836e+00 9.462958574295043945e-01 8.204350471496582031e-01 7.040791511535644531e-01 5.995256900787353516e-01
8.452728986740112305e-01 8.473714590072631836e-01 8.570004701614379883e-01 9.101511240005493164e-01 9.174757003784179688e-01 9.624676704406738281e-01 1.070674180984497070e+00 1.184846639633178711e+00 1.325958251953125000e+00 1.617642641067504883e+00 nan 1.262346982955932617e+00 1.030394554138183594e+00 9.126616716384887695e-01 7.577817440032958984e-01 6.489977836608886719e-01
8.175057172775268555e-01 8.113740682601928711e-01 8.403108119964599609e-01 8.124526739120483398e-01 8.124848604202270508e-01 8.431475162506103516e-01 9.020819664001464844e-01 1.012509584426879883e+00 1.126634359359741211e+00 1.269471406936645508e+00 1.486038923263549805e+00 nan 1.193692922592163086e+00 1.009560823440551758e+00 8.613253831863403320e-01 7.000000476837158203e-01
6.471787691116333008e-01 7.370786666870117188e-01 7.042175531387329102e-01 6.870490312576293945e-01 6.700532436370849609e-01 7.075232267379760742e-01 7.703328132629394531e-01 8.446524143218994141e-01 9.595433473587036133e-01 1.065652370452880859e+00 1.178549766540527344e+00 1.406198024749755859e+00 nan 1.165276765823364258e+00 9.648908376693725586e-01 7.784618139266967773e-01
6.200282573699951172e-01 5.772485733032226562e-01 5.809173583984375000e-01 5.869410037994384766e-01 5.655074119567871094e-01 5.699453353881835938e-01 6.170470714569091797e-01 6.765285730361938477e-01 7.381981611251831055e-01 8.460894823074340820e-01 9.456560611724853516e-01 1.099723577499389648e+00 1.392455339431762695e+00 nan 1.114391565322875977e+00 8.685215711593627930e-01
5.766309499740600586e-01 5.296274423599243164e-01 5.013855695724487305e-01 5.002652406692504883e-01 5.151065587997436523e-01 5.175698995590209961e-01 5.286304950714111328e-01 5.668079853057861328e-01 6.187242269515991211e-01 6.736826896667480469e-01 7.593703269958496094e-01 8.832855224609375000e-01 1.015928745269775391e+00 1.214647054672241211e+00 nan 9.844672679901123047e-01
5.399929285049438477e-01 4.941025972366333008e-01 4.665013551712036133e-01 4.640382528305053711e-01 4.641455411911010742e-01 4.678512811660766602e-01 4.788076877593994141e-01 4.898458719253540039e-01 5.046950578689575195e-01 5.583554506301879883e-01 6.175041198730468750e-01 6.843137741088867188e-01 7.899680137634277344e-01 9.223366975784301758e-01 1.106081247329711914e+00 nan
