nan 2.289640426635742188e+00 2.252120733261108398e+00 2.119739294052124023e+00 1.974235773086547852e+00 1.812301635742187500e+00 1.705113649368286133e+00 1.602117300033569336e+00 1.519122838973999023e+00 1.467579364776611328e+00 1.417090654373168945e+00 1.355868816375732422e+00 1.278705596923828125e+00 1.234802246093750000e+00 1.226639270782470703e+00 1.218506097793579102e+00 0.000000000000000000e+00 0.000000000000000000e+00 0.000000000000000000e+00 0.000000000000000000e+00 0.000000000000000000e+00 0.000000000000000000e+00
2.195886611938476562e+00 nan 2.490228891372680664e+00 2.418986320495605469e+00 2.249248504638671875e+00 2.062246561050415039e+00 1.876402854919433594e+00 1.748306274414062500e+00 1.643665552139282227e+00 1.544995546340942383e+00 1.488788843154907227e+00 1.423328638076782227e+00 1.347446918487548828e+00 1.277097463607788086e+00 1.252407073974609375e+00 1.244179725646972656e+00 0.000000000000000000e+00 0.000000000000000000e+00 0.000000000000000000e+00 0.000000000000000000e+00 0.000000000000000000e+00 0.000000000000000000e+00
2.057712793350219727e+00 2.383401632308959961e+00 nan 2.712103366851806641e+00 2.549690246582031250e+00 2.342578172683715820e+00 2.139620304107666016e+00 1.948986053466796875e+00 1.793778896331787109e+00 1.685877084732055664e+00 1.572479963302612305e+00 1.492720365524291992e+00 1.418262004852294922e+00 1.342468023300170898e+00 1.291744470596313477e+00 1.270257472991943359e+00 0.000000000000000000e+00 0.000000000000000000e+00 0.000000000000000000e+00 0.000000000000000000e+00 0.000000000000000000e+00 0.000000000000000000e+00
1.896806001663208008e+00 2.254344224929809570e+00 2.598731756210327148e+00 nan 2.877913713455200195e+00 2.648457050323486328e+00 2.426926136016845703e+00 2.218846797943115234e+00 2.023401737213134766e+00 1.848053455352783203e+00 1.710497856140136719e+00 1.591072320938110352e+00 1.491213321685791016e+00 1.409715652465820312e+00 1.357535839080810547e+00 1.309206247329711914e+00 0.000000000000000000e+00 0.000000000000000000e+00 0.000000000000000000e+00 0.000000000000000000e+00 0.000000000000000000e+00 0.000000000000000000e+00
1.755495786666870117e+00 2.083090066909790039e+00 2.463619709014892578e+00 2.821617126464843750e+00 nan 2.982324600219726562e+00 2.740521669387817383e+00 2.513401508331298828e+00 2.300071477890014648e+00 2.088386535644531250e+00 1.883563756942749023e+00 1.742113590240478516e+00 1.608596324920654297e+00 1.478893280029296875e+00 1.426411151885986328e+00 1.350721120834350586e+00 0.000000000000000000e+00 0.000000000000000000e+00 0.000000000000000000e+00 0.000000000000000000e+00 0.000000000000000000e+00 0.000000000000000000e+00
1.601207733154296875e+00 1.896017789840698242e+00 2.241461038589477539e+00 2.615053176879882812e+00 2.925469636917114258e+00 nan 3.048447608947753906e+00 2.809905529022216797e+00 2.577944993972778320e+00 2.341579437255859375e+00 2.120827674865722656e+00 1.914660215377807617e+00 1.762154102325439453e+00 1.602372169494628906e+00 1.468942165374755859e+00 1.354698896408081055e+00 0.000000000000000000e+00 0.000000000000000000e+00 0.000000000000000000e+00 0.000000000000000000e+00 0.000000000000000000e+00 0.000000000000000000e+00
1.496203184127807617e+00 1.715726375579833984e+00 2.013293743133544922e+00 2.349991798400878906e+00 2.705364227294921875e+00 3.004495620727539062e+00 nan 3.087532997131347656e+00 2.860128641128540039e+00 2.605121374130249023e+00 2.366959571838378906e+00 2.144532203674316406e+00 1.936798334121704102e+00 1.732867240905761719e+00 1.539299488067626953e+00 1.375913619995117188e+00 0.000000000000000000e+00 0.000000000000000000e+00 0.000000000000000000e+00 0.000000000000000000e+00 0.000000000000000000e+00 0.000000000000000000e+00
1.389678001403808594e+00 1.607286453247070312e+00 1.836578845977783203e+00 2.104365587234497070e+00 2.430678129196166992e+00 2.785559415817260742e+00 3.056402206420898438e+00 nan 3.101949691772460938e+00 2.886233091354370117e+00 2.632503986358642578e+00 2.392533302307128906e+00 2.165328025817871094e+00 1.841820716857910156e+00 1.619879722595214844e+00 1.434314250946044922e+00 0.000000000000000000e+00 0.000000000000000000e+00 0.000000000000000000e+00 0.000000000000000000e+00 0.000000000000000000e+00 0.000000000000000000e+00
1.286760330200195312e+00 1.503176689147949219e+00 1.716186046600341797e+00 1.921153545379638672e+00 2.176354646682739258e+00 2.504928588867187500e+00 2.845441102981567383e+00 3.108982086181640625e+00 nan 3.105899333953857422e+00 2.889388322830200195e+00 2.660094738006591797e+00 2.334198236465454102e+00 1.994736433029174805e+00 1.716059207916259766e+00 1.511563301086425781e+00 0.000000000000000000e+00 0.000000000000000000e+00 0.000000000000000000e+00 0.000000000000000000e+00 0.000000000000000000e+00 0.000000000000000000e+00
1.214557409286499023e+00 1.400196075439453125e+00 1.597907543182373047e+00 1.785186052322387695e+00 1.976664543151855469e+00 2.245100021362304688e+00 2.578413009643554688e+00 2.888744831085205078e+00 3.133649349212646484e+00 nan 3.147600173950195312e+00 2.820298433303833008e+00 2.512078285217285156e+00 2.155880928039550781e+00 1.858759641647338867e+00 1.596614599227905273e+00 0.000000000000000000e+00 0.000000000000000000e+00 0.000000000000000000e+00 0.000000000000000000e+00 0.000000000000000000e+00 0.000000000000000000e+00
1.160236120223999023e+00 1.328373670578002930e+00 1.484781026840209961e+00 1.655351638793945312e+00 1.823472738265991211e+00 2.017970085144042969e+00 2.296614885330200195e+00 2.596750259399414062e+00 2.907014131546020508e+00 3.176869869232177734e+00 nan 3.018859863281250000e+00 2.660279750823974609e+00 2.325696945190429688e+00 2.008958101272583008e+00 1.733039140701293945e+00 0.000000000000000000e+00 0.000000000000000000e+00 0.000000000000000000e+00 0.000000000000000000e+00 0.000000000000000000e+00 0.000000000000000000e+00
1.107039690017700195e+00 1.274593591690063477e+00 1.412158727645874023e+00 1.523205041885375977e+00 1.666678190231323242e+00 1.845464706420898438e+00 2.041477203369140625e+00 2.326681852340698242e+00 2.613647937774658203e+00 2.874481439590454102e+00 3.077404499053955078e+00 nan 2.874273538589477539e+00 2.473847866058349609e+00 2.167047023773193359e+00 1.876631498336791992e+00 0.000000000000000000e+00 0.000000000000000000e+00 0.000000000000000000e+00 0.000000000000000000e+00 0.000000000000000000e+00 0.000000000000000000e+00
1.070369005203247070e+00 1.213499784469604492e+00 1.333584547042846680e+00 1.424985408782958984e+00 1.526978015899658203e+00 1.682819366455078125e+00 1.867627859115600586e+00 2.067928075790405273e+00 2.308375120162963867e+00 2.510021448135375977e+00 2.746226310729980469e+00 2.948168039321899414e+00 nan 2.679090023040771484e+00 2.300743818283081055e+00 2.027768373489379883e+00 0.000000000000000000e+00 0.000000000000000000e+00 0.000000000000000000e+00 0.000000000000000000e+00 0.000000000000000000e+00 0.000000000000000000e+00
1.073560476303100586e+00 1.142211198806762695e+00 1.250693798065185547e+00 1.333545446395874023e+00 1.418887138366699219e+00 1.530755043029785156e+00 1.703714132308959961e+00 1.867350578308105469e+00 1.994325160980224609e+00 2.179845094680786133e+00 2.373657464981079102e+00 2.630619049072265625e+00 2.823027372360229492e+00 nan 2.491546392440795898e+00 2.152338266372680664e+00 0.000000000000000000e+00 0.000000000000000000e+00 0.000000000000000000e+00 0.000000000000000000e+00 0.000000000000000000e+00 0.000000000000000000e+00
1.091936826705932617e+00 1.110053777694702148e+00 1.166569709777832031e+00 1.245554685592651367e+00 1.328217506408691406e+00 1.412024259567260742e+00 1.536911487579345703e+00 1.644298076629638672e+00 1.756231069564819336e+00 1.877649784088134766e+00 2.056308269500732422e+00 2.248168468475341797e+00 2.518580675125122070e+00 2.650806903839111328e+00 nan 2.334563016891479492e+00 0.000000000000000000e+00 0.000000000000000000e+00 0.000000000000000000e+00 0.000000000000000000e+00 0.000000000000000000e+00 0.000000000000000000e+00
1.097268104553222656e+00 1.101406335830688477e+00 1.128483057022094727e+00 1.165973424911499023e+00 1.240427494049072266e+00 1.318089723587036133e+00 1.345200061798095703e+00 1.438596963882446289e+00 1.541822433471679688e+00 1.649416685104370117e+00 1.765520811080932617e+00 1.937692880630493164e+00 2.151573181152343750e+00 2.362804174423217773e+00 2.473104238510131836e+00 nan 0.000000000000000000e+00 0.000000000000000000e+00 0.000000000000000000e+00 0.000000000000000000e+00 0.000000000000000000e+00 0.000000000000000000e+00
1.020864009857177734e+00 1.052723169326782227e+00 1.087039947509765625e+00 1.133194923400878906e+00 1.181084394454956055e+00 1.190975427627563477e+00 1.212800264358520508e+00 1.262121677398681641e+00 1.352099180221557617e+00 1.456538200378417969e+00 1.565614461898803711e+00 1.679548025131225586e+00 1.848276376724243164e+00 2.020703554153442383e+00 2.215264797210693359e+00 2.331628322601318359e+00 nan 0.000000000000000000e+00 0.000000000000000000e+00 0.000000000000000000e+00 0.000000000000000000e+00 0.000000000000000000e+00
8.530931472778320312e-01 9.924135208129882812e-01 1.022623777389526367e+00 1.063301324844360352e+00 1.060580253601074219e+00 1.047959327697753906e+00 1.067324399948120117e+00 1.121513605117797852e+00 1.177124023437500000e+00 1.270018339157104492e+00 1.370812416076660156e+00 1.476082324981689453e+00 1.588587999343872070e+00 1.724577426910400391e+00 1.895312547683715820e+00 2.086745500564575195e+00 0.000000000000000000e+00 nan 0.000000000000000000e+00 0.000000000000000000e+00 0.000000000000000000e+00 0.000000000000000000e+00
8.019758462905883789e-01 8.239326477050781250e-01 9.601961374282836914e-01 9.559804201126098633e-01 9.440000057220458984e-01 9.320933818817138672e-01 9.275212287902832031e-01 9.669368267059326172e-01 1.018495559692382812e+00 1.071404695510864258e+00 1.149375200271606445e+00 1.256651878356933594e+00 1.369282722473144531e+00 1.452149868011474609e+00 1.600984334945678711e+00 1.779581785202026367e+00 0.000000000000000000e+00 0.000000000000000000e+00 nan 0.000000000000000000e+00 0.000000000000000000e+00 0.000000000000000000e+00
7.813010215759277344e-01 7.957526445388793945e-01 7.924512624740600586e-01 8.221541643142700195e-01 8.349632024765014648e-01 8.227826356887817383e-01 8.203405141830444336e-01 8.354939222335815430e-01 8.714246749877929688e-01 9.204790592193603516e-01 9.708195924758911133e-01 1.033177375793457031e+00 1.134654283523559570e+00 1.214305639266967773e+00 1.289388418197631836e+00 1.394246339797973633e+00 0.000000000000000000e+00 0.000000000000000000e+00 0.000000000000000000e+00 nan 0.000000000000000000e+00 0.000000000000000000e+00
7.606799602508544922e-01 7.505828142166137695e-01 7.312140464782714844e-01 7.154251337051391602e-01 7.236813306808471680e-01 7.522770166397094727e-01 7.494937181472778320e-01 7.618042230606079102e-01 7.742013931274414062e-01 8.050758838653564453e-01 8.500255346298217773e-01 8.960945606231689453e-01 9.433109760284423828e-01 1.007541418075561523e+00 1.084658384323120117e+00 1.166553497314453125e+00 0.000000000000000000e+00 0.000000000000000000e+00 0.000000000000000000e+00 0.000000000000000000e+00 nan 0.000000000000000000e+00
7.381353378295898438e-01 7.021915912628173828e-01 6.653429269790649414e-01 6.443378925323486328e-01 6.454082727432250977e-01 6.622345447540283203e-01 6.781860589981079102e-01 6.920284032821655273e-01 7.059851884841918945e-01 7.200568914413452148e-01 7.490977048873901367e-01 7.926535606384277344e-01 8.372939825057983398e-01 8.620934486389160156e-01 9.117485284805297852e-01 9.972181320190429688e-01 0.000000000000000000e+00 0.000000000000000000e+00 0.000000000000000000e+00 0.000000000000000000e+00 0.000000000000000000e+00 nan
