nan 1.816261053085327148e+00 1.644442081451416016e+00 1.502806901931762695e+00 1.394559860229492188e+00 1.279532432556152344e+00 1.224553108215332031e+00 1.191061973571777344e+00 1.167300462722778320e+00 1.107514858245849609e+00 1.095812797546386719e+00 1.089662790298461914e+00 9.482614994049072266e-01 8.335801362991333008e-01 7.331833839416503906e-01 6.352427005767822266e-01
1.577957153320312500e+00 nan 1.999707460403442383e+00 1.783093690872192383e+00 1.576966047286987305e+00 1.449382543563842773e+00 1.328115701675415039e+00 1.258894681930541992e+00 1.207188129425048828e+00 1.154397010803222656e+00 1.123062372207641602e+00 1.049318313598632812e+00 9.202687740325927734e-01 8.180391788482666016e-01 7.212516069412231445e-01 6.296167373657226562e-01
1.357564449310302734e+00 1.763469219207763672e+00 nan 2.140286445617675781e+00 1.885811090469360352e+00 1.651956796646118164e+00 1.505460262298583984e+00 1.380558729171752930e+00 1.290372848510742188e+00 1.235948085784912109e+00 1.111215829849243164e+00 1.009752035140991211e+00 9.039931297302246094e-01 8.026293516159057617e-01 7.066621780395507812e-01 6.158040761947631836e-01
1.196271419525146484e+00 1.496724605560302734e+00 1.933943271636962891e+00 nan 2.229973316192626953e+00 1.969394207000732422e+00 1.729838371276855469e+00 1.550637245178222656e+00 1.417627334594726562e+00 1.254534721374511719e+00 1.112926721572875977e+00 9.802134037017822266e-01 8.815907239913940430e-01 7.819452285766601562e-01 6.875765323638916016e-01 5.982058048248291016e-01
1.084500312805175781e+00 1.338829755783081055e+00 1.618966817855834961e+00 2.033918142318725586e+00 nan 2.306311368942260742e+00 2.031163215637207031e+00 1.779572486877441406e+00 1.544715881347656250e+00 1.321607112884521484e+00 1.125421047210693359e+00 9.837058782577514648e-01 8.589127063751220703e-01 7.499867677688598633e-01 6.573108434677124023e-01 5.695424079895019531e-01
9.883732795715332031e-01 1.205138206481933594e+00 1.450649261474609375e+00 1.697565078735351562e+00 2.128355503082275391e+00 nan 2.361439943313598633e+00 2.036363363265991211e+00 1.688770055770874023e+00 1.418938398361206055e+00 1.183855056762695312e+00 1.012263298034667969e+00 9.029815196990966797e-01 7.480086088180541992e-01 6.486085653305053711e-01 5.548607110977172852e-01
9.620988368988037109e-01 1.102080106735229492e+00 1.291135072708129883e+00 1.499326705932617188e+00 1.781532049179077148e+00 2.215395689010620117e+00 nan 2.260165929794311523e+00 1.886952400207519531e+00 1.548479557037353516e+00 1.275411367416381836e+00 1.054275512695312500e+00 9.372266530990600586e-01 7.892661094665527344e-01 6.499036550521850586e-01 5.560822486877441406e-01
9.367332458496093750e-01 1.067588806152343750e+00 1.175001382827758789e+00 1.341884136199951172e+00 1.566312789916992188e+00 1.840278625488281250e+00 2.154372692108154297e+00 nan 2.101228237152099609e+00 1.731376886367797852e+00 1.387696266174316406e+00 1.140400171279907227e+00 9.677116870880126953e-01 8.316833972930908203e-01 6.823459863662719727e-01 5.573046207427978516e-01
9.366936683654785156e-01 1.023487567901611328e+00 1.094117641448974609e+00 1.192186832427978516e+00 1.379134178161621094e+00 1.526230812072753906e+00 1.719609737396240234e+00 2.022747993469238281e+00 nan 1.946633815765380859e+00 1.559055328369140625e+00 1.237057685852050781e+00 1.052734613418579102e+00 8.751062154769897461e-01 7.222287654876708984e-01 5.825747251510620117e-01
9.650973081588745117e-01 9.786653518676757812e-01 1.027863502502441406e+00 1.108305692672729492e+00 1.143222570419311523e+00 1.275733232498168945e+00 1.416437149047851562e+00 1.604067802429199219e+00 1.929176807403564453e+00 nan 1.764196157455444336e+00 1.397605180740356445e+00 1.141620159149169922e+00 9.587854146957397461e-01 7.630569934844970703e-01 6.341245174407958984e-01
9.713687896728515625e-01 9.722483158111572266e-01 9.825285673141479492e-01 9.806665182113647461e-01 9.891022443771362305e-01 1.047359228134155273e+00 1.173900365829467773e+00 1.311414957046508789e+00 1.493434190750122070e+00 1.799604177474975586e+00 nan 1.596206426620483398e+00 1.296283483505249023e+00 1.059553861618041992e+00 8.298795223236083984e-01 6.873534917831420898e-01
8.780065774917602539e-01 8.986880779266357422e-01 8.921830654144287109e-01 8.765816688537597656e-01 8.793951272964477539e-01 9.238122701644897461e-01 9.791618585586547852e-01 1.094064712524414062e+00 1.215638399124145508e+00 1.372646808624267578e+00 1.643986463546752930e+00 nan 1.489873886108398438e+00 1.199475765228271484e+00 9.337656497955322266e-01 7.459630966186523438e-01
7.080365419387817383e-01 7.713204622268676758e-01 7.312436103820800781e-01 7.138026952743530273e-01 6.965376138687133789e-01 7.352852821350097656e-01 8.024398088455200195e-01 8.721933364868164062e-01 1.008097648620605469e+00 1.132466554641723633e+00 1.241604566574096680e+00 1.530375480651855469e+00 nan 1.371694803237915039e+00 1.074588060379028320e+00 8.372303247451782227e-01
6.667439937591552734e-01 6.147469282150268555e-01 5.976345539093017578e-01 6.052833795547485352e-01 5.900490283966064453e-01 6.071914434432983398e-01 6.420719623565673828e-01 7.024737596511840820e-01 7.650977373123168945e-01 8.630733489990234375e-01 9.644749164581298828e-01 1.086712121963500977e+00 1.381497621536254883e+00 nan 1.274530649185180664e+00 9.631550312042236328e-01
6.141867637634277344e-01 5.660192966461181641e-01 5.092206001281738281e-01 4.879012107849121094e-01 4.915803670883178711e-01 5.076612234115600586e-01 5.239155292510986328e-01 5.550639629364013672e-01 6.122652292251586914e-01 6.650507450103759766e-01 7.211523056030273438e-01 8.610891103744506836e-01 1.032168626785278320e+00 1.226195096969604492e+00 nan 1.143007516860961914e+00
5.795794725418090820e-01 5.325715541839599609e-01 4.784626960754394531e-01 4.449555873870849609e-01 4.446630477905273438e-01 4.483522176742553711e-01 4.591464996337890625e-01 4.700211286544799805e-01 4.809767007827758789e-01 5.188221931457519531e-01 5.778850317001342773e-01 6.431452035903930664e-01 7.609829902648925781e-01 9.232282638549804688e-01 1.094752550125122070e+00 nan
