nan 1.294305562973022461e+00 1.160791873931884766e+00 1.126067638397216797e+00 1.074167490005493164e+00 1.043823480606079102e+00 1.032248973846435547e+00 1.020740270614624023e+00 1.009296894073486328e+00 9.684627056121826172e-01 9.432417154312133789e-01 9.183183908462524414e-01 8.361375331878662109e-01 7.405081987380981445e-01 6.463310718536376953e-01 5.725545883178710938e-01
1.190760850906372070e+00 nan 1.380745887756347656e+00 1.254209995269775391e+00 1.194815635681152344e+00 1.126369476318359375e+00 1.077569484710693359e+00 1.065804243087768555e+00 1.046503305435180664e+00 9.797267913818359375e-01 9.371527433395385742e-01 8.810544013977050781e-01 8.132930994033813477e-01 7.211254835128784180e-01 6.336427927017211914e-01 5.652482509613037109e-01
1.039928913116455078e+00 1.270899534225463867e+00 nan 1.495964765548706055e+00 1.324942350387573242e+00 1.249227523803710938e+00 1.179085016250610352e+00 1.111873149871826172e+00 1.084167957305908203e+00 1.021890163421630859e+00 9.174231290817260742e-01 8.485299348831176758e-01 7.907327413558959961e-01 6.997120380401611328e-01 6.133176088333129883e-01 5.451835393905639648e-01
9.712851047515869141e-01 1.150122165679931641e+00 1.381831884384155273e+00 nan 1.606443405151367188e+00 1.419056892395019531e+00 1.298027276992797852e+00 1.217579126358032227e+00 1.130592823028564453e+00 1.037690877914428711e+00 9.144189357757568359e-01 8.191789388656616211e-01 7.652753591537475586e-01 6.759181022644042969e-01 5.910840034484863281e-01 5.258196592330932617e-01
8.966280221939086914e-01 1.072901010513305664e+00 1.243893384933471680e+00 1.490787029266357422e+00 nan 1.697273731231689453e+00 1.503357648849487305e+00 1.349828243255615234e+00 1.211084604263305664e+00 1.049800872802734375e+00 9.054334163665771484e-01 8.103551864624023438e-01 7.308553457260131836e-01 6.432405710220336914e-01 5.600603818893432617e-01 5.090266466140747070e-01
8.421173095703125000e-01 9.943957328796386719e-01 1.147458314895629883e+00 1.300238847732543945e+00 1.596141815185546875e+00 nan 1.785049915313720703e+00 1.540152311325073242e+00 1.295856475830078125e+00 1.132336616516113281e+00 9.298601150512695312e-01 8.310475349426269531e-01 7.491420507431030273e-01 6.240758895874023438e-01 5.479124784469604492e-01 4.924184083938598633e-01
8.177751302719116211e-01 9.456713199615478516e-01 1.052942514419555664e+00 1.186502933502197266e+00 1.381730318069458008e+00 1.705952167510986328e+00 nan 1.727380275726318359e+00 1.415158510208129883e+00 1.218195438385009766e+00 1.007566690444946289e+00 8.569004535675048828e-01 7.738387584686279297e-01 6.532579660415649414e-01 5.600581169128417969e-01 5.036659240722656250e-01
7.942824363708496094e-01 9.172859191894531250e-01 9.918534755706787109e-01 1.088004112243652344e+00 1.227880477905273438e+00 1.444910287857055664e+00 1.681383132934570312e+00 nan 1.593173503875732422e+00 1.331377744674682617e+00 1.088401317596435547e+00 9.218437671661376953e-01 7.988839149475097656e-01 6.999822854995727539e-01 5.956803560256958008e-01 5.154644250869750977e-01
7.962304353713989258e-01 8.813041448593139648e-01 9.474308490753173828e-01 9.956450462341308594e-01 1.097657203674316406e+00 1.216533660888671875e+00 1.339646577835083008e+00 1.574454545974731445e+00 nan 1.506973981857299805e+00 1.186199665069580078e+00 1.001868963241577148e+00 8.498127460479736328e-01 7.525613307952880859e-01 6.450335979461669922e-01 5.441029071807861328e-01
8.226250410079956055e-01 8.426411151885986328e-01 8.874853849411010742e-01 9.442206621170043945e-01 9.578564167022705078e-01 1.044735193252563477e+00 1.157477617263793945e+00 1.276436567306518555e+00 1.521662712097167969e+00 nan 1.354357719421386719e+00 1.090007781982421875e+00 9.345991611480712891e-01 8.202574253082275391e-01 6.959131956100463867e-01 5.918607711791992188e-01
8.391636610031127930e-01 8.369859457015991211e-01 8.465610742568969727e-01 8.537204265594482422e-01 8.608281612396240234e-01 8.950477838516235352e-01 9.902564287185668945e-01 1.099995136260986328e+00 1.215784072875976562e+00 1.480433940887451172e+00 nan 1.256568908691406250e+00 1.032609462738037109e+00 9.147480726242065430e-01 7.500821352005004883e-01 6.410957574844360352e-01
7.995551824569702148e-01 7.886587381362915039e-01 7.887768745422363281e-01 7.740280628204345703e-01 7.589396238327026367e-01 7.866597175598144531e-01 8.328453302383422852e-01 9.266021251678466797e-01 1.039015531539916992e+00 1.174218416213989258e+00 1.370706558227539062e+00 nan 1.212596416473388672e+00 1.011752843856811523e+00 8.531721830368041992e-01 6.918536424636840820e-01
6.267457008361816406e-01 7.049129009246826172e-01 6.662882566452026367e-01 6.495016813278198242e-01 6.328843832015991211e-01 6.535041332244873047e-01 7.143265008926391602e-01 7.773863077163696289e-01 8.850781917572021484e-01 9.946397542953491211e-01 1.096685171127319336e+00 1.318182468414306641e+00 nan 1.183870792388916016e+00 9.561572074890136719e-01 7.705413103103637695e-01
5.928142070770263672e-01 5.430656671524047852e-01 5.624454021453857422e-01 5.768791437149047852e-01 5.555815696716308594e-01 5.548670291900634766e-01 5.815801620483398438e-01 6.340721845626831055e-01 6.883062124252319336e-01 7.714277505874633789e-01 8.900322914123535156e-01 1.024986267089843750e+00 1.281944990158081055e+00 nan 1.117584228515625000e+00 8.601270914077758789e-01
5.426093339920043945e-01 4.973518848419189453e-01 4.915740489959716797e-01 4.904241561889648438e-01 5.055005550384521484e-01 5.070466995239257812e-01 5.180131196975708008e-01 5.421841144561767578e-01 5.933687686920166016e-01 6.466764211654663086e-01 7.103768587112426758e-01 8.309509754180908203e-01 9.600253105163574219e-01 1.104718923568725586e+00 nan 9.738228321075439453e-01
5.078282356262207031e-01 4.629918336868286133e-01 4.565563201904296875e-01 4.540572166442871094e-01 4.541471004486083984e-01 4.572780132293701172e-01 4.681386947631835938e-01 4.790803194046020508e-01 4.901033639907836914e-01 5.304270982742309570e-01 5.890799760818481445e-01 6.548030376434326172e-01 7.328593730926513672e-01 8.606290817260742188e-01 1.010236501693725586e+00 nan
