nan 1.606657981872558594e+00 1.492964982986450195e+00 1.403099536895751953e+00 1.357009887695312500e+00 1.312417984008789062e+00 1.248458623886108398e+00 1.213184356689453125e+00 1.190062999725341797e+00 1.167183160781860352e+00 1.155492067337036133e+00 1.147034168243408203e+00 1.132545948028564453e+00 1.129578828811645508e+00 1.110632419586181641e+00 1.086112022399902344e+00 0.000000000000000000e+00 0.000000000000000000e+00 0.000000000000000000e+00 0.000000000000000000e+00 0.000000000000000000e+00 0.000000000000000000e+00
1.484749317169189453e+00 nan 1.716676712036132812e+00 1.600823402404785156e+00 1.506310224533081055e+00 1.440819978713989258e+00 1.359878301620483398e+00 1.278362274169921875e+00 1.220805168151855469e+00 1.197603940963745117e+00 1.188657760620117188e+00 1.180069684982299805e+00 1.159641504287719727e+00 1.126005172729492188e+00 1.104335546493530273e+00 1.052442550659179688e+00 0.000000000000000000e+00 0.000000000000000000e+00 0.000000000000000000e+00 0.000000000000000000e+00 0.000000000000000000e+00 0.000000000000000000e+00
1.350696086883544922e+00 1.644992113113403320e+00 nan 1.837990045547485352e+00 1.708204030990600586e+00 1.571753501892089844e+00 1.482918500900268555e+00 1.397152423858642578e+00 1.314348936080932617e+00 1.240315675735473633e+00 1.222333669662475586e+00 1.208900928497314453e+00 1.187081336975097656e+00 1.157286405563354492e+00 1.070371866226196289e+00 1.019316911697387695e+00 0.000000000000000000e+00 0.000000000000000000e+00 0.000000000000000000e+00 0.000000000000000000e+00 0.000000000000000000e+00 0.000000000000000000e+00
1.223710536956787109e+00 1.476942539215087891e+00 1.780353307723999023e+00 nan 1.945845603942871094e+00 1.784016609191894531e+00 1.625808954238891602e+00 1.522135019302368164e+00 1.435014486312866211e+00 1.356816768646240234e+00 1.290405750274658203e+00 1.246147394180297852e+00 1.214869499206542969e+00 1.160513401031494141e+00 1.068866729736328125e+00 9.867249727249145508e-01 0.000000000000000000e+00 0.000000000000000000e+00 0.000000000000000000e+00 0.000000000000000000e+00 0.000000000000000000e+00 0.000000000000000000e+00
1.150578975677490234e+00 1.322690725326538086e+00 1.587815523147583008e+00 1.894449472427368164e+00 nan 2.021675586700439453e+00 1.850736379623413086e+00 1.689467906951904297e+00 1.563409805297851562e+00 1.482419013977050781e+00 1.409599065780639648e+00 1.327703714370727539e+00 1.227407693862915039e+00 1.161086559295654297e+00 1.069622993469238281e+00 9.818311929702758789e-01 0.000000000000000000e+00 0.000000000000000000e+00 0.000000000000000000e+00 0.000000000000000000e+00 0.000000000000000000e+00 0.000000000000000000e+00
1.079575061798095703e+00 1.229445457458496094e+00 1.425509214401245117e+00 1.685746669769287109e+00 1.962250232696533203e+00 nan 2.070939540863037109e+00 1.897213459014892578e+00 1.733315467834472656e+00 1.609683990478515625e+00 1.514364957809448242e+00 1.386149883270263672e+00 1.241642236709594727e+00 1.148599386215209961e+00 1.062004327774047852e+00 9.748178720474243164e-01 0.000000000000000000e+00 0.000000000000000000e+00 0.000000000000000000e+00 0.000000000000000000e+00 0.000000000000000000e+00 0.000000000000000000e+00
1.014309167861938477e+00 1.149932861328125000e+00 1.328656435012817383e+00 1.520454883575439453e+00 1.743561029434204102e+00 2.035545825958251953e+00 nan 2.121004104614257812e+00 1.944447755813598633e+00 1.791000366210937500e+00 1.616609573364257812e+00 1.455775260925292969e+00 1.304826021194458008e+00 1.173546075820922852e+00 1.067546129226684570e+00 9.744668006896972656e-01 0.000000000000000000e+00 0.000000000000000000e+00 0.000000000000000000e+00 0.000000000000000000e+00 0.000000000000000000e+00 0.000000000000000000e+00
9.547743797302246094e-01 1.090826988220214844e+00 1.236513137817382812e+00 1.410701036453247070e+00 1.580317258834838867e+00 1.812114715576171875e+00 2.111394882202148438e+00 nan 2.172313451766967773e+00 1.975110769271850586e+00 1.734948635101318359e+00 1.528795242309570312e+00 1.373357772827148438e+00 1.230727672576904297e+00 1.090512514114379883e+00 9.919030666351318359e-01 0.000000000000000000e+00 0.000000000000000000e+00 0.000000000000000000e+00 0.000000000000000000e+00 0.000000000000000000e+00 0.000000000000000000e+00
9.312974214553833008e-01 1.033886194229125977e+00 1.164863824844360352e+00 1.311879396438598633e+00 1.454854011535644531e+00 1.628776788711547852e+00 1.881390810012817383e+00 2.189139604568481445e+00 nan 2.125257492065429688e+00 1.872975111007690430e+00 1.641058444976806641e+00 1.443928003311157227e+00 1.291173458099365234e+00 1.148432731628417969e+00 1.009493827819824219e+00 0.000000000000000000e+00 0.000000000000000000e+00 0.000000000000000000e+00 0.000000000000000000e+00 0.000000000000000000e+00 0.000000000000000000e+00
9.136097431182861328e-01 1.012883186340332031e+00 1.103850364685058594e+00 1.226901292800903320e+00 1.359401941299438477e+00 1.513837814331054688e+00 1.692905664443969727e+00 1.952253103256225586e+00 2.174604892730712891e+00 nan 2.017967224121093750e+00 1.774346113204956055e+00 1.550390005111694336e+00 1.358985424041748047e+00 1.207957506179809570e+00 1.060596942901611328e+00 0.000000000000000000e+00 0.000000000000000000e+00 0.000000000000000000e+00 0.000000000000000000e+00 0.000000000000000000e+00 0.000000000000000000e+00
8.971307277679443359e-01 9.944308996200561523e-01 1.084005355834960938e+00 1.146156311035156250e+00 1.267660617828369141e+00 1.398600578308105469e+00 1.562244892120361328e+00 1.673162460327148438e+00 1.864840745925903320e+00 2.080608367919921875e+00 nan 1.914359569549560547e+00 1.679102420806884766e+00 1.458322048187255859e+00 1.269131898880004883e+00 1.117688417434692383e+00 0.000000000000000000e+00 0.000000000000000000e+00 0.000000000000000000e+00 0.000000000000000000e+00 0.000000000000000000e+00 0.000000000000000000e+00
8.872634172439575195e-01 9.761481285095214844e-01 1.056849956512451172e+00 1.111598491668701172e+00 1.167582988739013672e+00 1.289417743682861328e+00 1.385561943054199219e+00 1.486726760864257812e+00 1.592182397842407227e+00 1.780016899108886719e+00 1.989396572113037109e+00 nan 1.814308643341064453e+00 1.581926107406616211e+00 1.348992824554443359e+00 1.176361083984375000e+00 0.000000000000000000e+00 0.000000000000000000e+00 0.000000000000000000e+00 0.000000000000000000e+00 0.000000000000000000e+00 0.000000000000000000e+00
9.059023857116699219e-01 9.577060937881469727e-01 1.020402908325195312e+00 1.068488597869873047e+00 1.109188318252563477e+00 1.142908096313476562e+00 1.219184398651123047e+00 1.313294172286987305e+00 1.411394596099853516e+00 1.513654947280883789e+00 1.697705268859863281e+00 1.917913198471069336e+00 nan 1.711746454238891602e+00 1.461735725402832031e+00 1.246727943420410156e+00 0.000000000000000000e+00 0.000000000000000000e+00 0.000000000000000000e+00 0.000000000000000000e+00 0.000000000000000000e+00 0.000000000000000000e+00
9.242655038833618164e-01 9.525245428085327148e-01 9.795912504196166992e-01 1.022958278656005859e+00 1.043675422668457031e+00 1.049097299575805664e+00 1.076520442962646484e+00 1.155129432678222656e+00 1.243215560913085938e+00 1.338344097137451172e+00 1.437507152557373047e+00 1.617830038070678711e+00 1.855078697204589844e+00 nan 1.579889535903930664e+00 1.354562520980834961e+00 0.000000000000000000e+00 0.000000000000000000e+00 0.000000000000000000e+00 0.000000000000000000e+00 0.000000000000000000e+00 0.000000000000000000e+00
9.428062438964843750e-01 9.549658298492431641e-01 9.624582529067993164e-01 9.603358507156372070e-01 9.655367136001586914e-01 9.707516431808471680e-01 9.856517314910888672e-01 1.028627395629882812e+00 1.109453439712524414e+00 1.193499326705932617e+00 1.278390407562255859e+00 1.364641666412353516e+00 1.544845819473266602e+00 1.782484531402587891e+00 nan 1.467571973800659180e+00 0.000000000000000000e+00 0.000000000000000000e+00 0.000000000000000000e+00 0.000000000000000000e+00 0.000000000000000000e+00 0.000000000000000000e+00
9.472643136978149414e-01 9.574102163314819336e-01 9.444310665130615234e-01 9.149836301803588867e-01 8.903859853744506836e-01 8.954013586044311523e-01 9.063167572021484375e-01 9.402984380722045898e-01 9.816029071807861328e-01 1.060554981231689453e+00 1.142652988433837891e+00 1.228021383285522461e+00 1.317181825637817383e+00 1.501716136932373047e+00 1.668577194213867188e+00 nan 0.000000000000000000e+00 0.000000000000000000e+00 0.000000000000000000e+00 0.000000000000000000e+00 0.000000000000000000e+00 0.000000000000000000e+00
8.765491247177124023e-01 8.781685829162597656e-01 8.553020954132080078e-01 8.436980247497558594e-01 8.331605195999145508e-01 8.229322433471679688e-01 8.301515579223632812e-01 8.627755641937255859e-01 8.959811925888061523e-01 9.356683492660522461e-01 1.012790441513061523e+00 1.092916727066040039e+00 1.176115989685058594e+00 1.260449647903442383e+00 1.405704021453857422e+00 1.570538282394409180e+00 nan 0.000000000000000000e+00 0.000000000000000000e+00 0.000000000000000000e+00 0.000000000000000000e+00 0.000000000000000000e+00
7.444533109664916992e-01 7.923020124435424805e-01 7.538682222366333008e-01 7.319645881652832031e-01 7.198662757873535156e-01 7.082495689392089844e-01 7.014437913894653320e-01 7.455548048019409180e-01 7.919018268585205078e-01 8.394794464111328125e-01 8.901729583740234375e-01 9.653126001358032227e-01 1.043438911437988281e+00 1.121598005294799805e+00 1.185998916625976562e+00 1.314134120941162109e+00 0.000000000000000000e+00 nan 0.000000000000000000e+00 0.000000000000000000e+00 0.000000000000000000e+00 0.000000000000000000e+00
6.687620878219604492e-01 6.349139213562011719e-01 6.837133169174194336e-01 6.551433801651000977e-01 6.434768438339233398e-01 6.318928003311157227e-01 6.249952316284179688e-01 6.370261907577514648e-01 6.754515171051025391e-01 7.177226543426513672e-01 7.610602378845214844e-01 8.054912090301513672e-01 8.883639574050903320e-01 9.767822027206420898e-01 1.049216270446777344e+00 1.119246244430541992e+00 0.000000000000000000e+00 0.000000000000000000e+00 nan 0.000000000000000000e+00 0.000000000000000000e+00 0.000000000000000000e+00
6.326037645339965820e-01 5.990269184112548828e-01 5.621840953826904297e-01 5.644996166229248047e-01 5.702635049819946289e-01 5.591952800750732422e-01 5.543153285980224609e-01 5.658230781555175781e-01 5.774159431457519531e-01 6.126681566238403320e-01 6.533553600311279297e-01 6.950689554214477539e-01 7.378349304199218750e-01 8.032690286636352539e-01 8.693449497222900391e-01 9.387352466583251953e-01 0.000000000000000000e+00 0.000000000000000000e+00 0.000000000000000000e+00 nan 0.000000000000000000e+00 0.000000000000000000e+00
5.969038009643554688e-01 5.638743638992309570e-01 5.292618274688720703e-01 4.903879165649414062e-01 4.845119714736938477e-01 5.029149055480957031e-01 4.963425397872924805e-01 5.038843154907226562e-01 5.114641189575195312e-01 5.199762582778930664e-01 5.522376298904418945e-01 5.914000272750854492e-01 6.315505504608154297e-01 6.703150272369384766e-01 7.052619457244873047e-01 7.804486751556396484e-01 0.000000000000000000e+00 0.000000000000000000e+00 0.000000000000000000e+00 0.000000000000000000e+00 nan 0.000000000000000000e+00
5.668666362762451172e-01 5.343917608261108398e-01 5.014064311981201172e-01 4.630992412567138672e-01 4.610725641250610352e-01 4.611468315124511719e-01 4.636917114257812500e-01 4.712468385696411133e-01 4.788409471511840820e-01 4.864741563796997070e-01 4.941279888153076172e-01 5.205883979797363281e-01 5.552947521209716797e-01 5.913133621215820312e-01 6.303460597991943359e-01 6.714019775390625000e-01 0.000000000000000000e+00 0.000000000000000000e+00 0.000000000000000000e+00 0.000000000000000000e+00 0.000000000000000000e+00 nan
